"№ ВД","OBO","Назва регіону України","Місцезнаходження та адреса приміщення для голосування","1) К-сть одержаних бюлетенів","2) К-сть невикористаних бюлетенів","3) К-сть виборців, внесених до списку виборців","4) К-сть виборців, внесених до витягу зі списку виборців","5) К-сть виборців, які отримали бюлетені у приміщенні","6) К-сть виборців, які отримали за місцем перебування","7) Сумарна к-сть виборців, які отримали бюлетені","8) К-сть бюлетенів, що виявилися у кожній скринці","9) К-сть бюлетенів, що не підлягають врахуванню","10) К-сть виборців, які взяли участь у голос. у приміщенні для гол.","11) К-сть виборців, які взяли участь у голос. за місцем перебування","12) К-сть виборців, які взяли участь у голосуванні на виборчій дільниці","13) К-сть бюлетенів, визнаних недійсними","14) Сумарна к-сть голосів виборців ЗА","Безпалий
Олександр
Вікторович","Білоусенко
Максим
Валерійович","Боровик
Валерій
Анатолійович","Герасименко
Василь
Петрович","Кубрак
Віталій
Михайлович","Куровський
Іван
Іванович","Лозян
Федір
Миколайович","Марченко
Валерій
Анатолійович","Морозенко
Лідія
Дмитрівна","Ніженець
Леонід
Васильович","Полуда
Микола
Миколайович","Пучка
Ігор
Вячеславович","Харченко
Олександр
Володимирович","Дата підписання протоколу"
"740134","209","Чернігівська область","районний будинок культури, фойє
вул.Шевченка, 36, смт Варва, Варвинський р-н, Чернігівська обл., 17600","2298","896","2232","45","1359","43","1402","","0","1359","43","1402","31","1371","60","4","783","29","42","388","18","10","5","1","21","2","8","29.10.12"
"740135","209","Чернігівська область","школа, коридор
вул.Шевченка, 46, смт Варва, Варвинський р-н, Чернігівська обл., 17600","2460","1015","2421","28","1423","22","1445","","0","1423","22","1445","29","1416","64","10","820","35","38","332","18","17","6","2","36","2","36","29.10.12"
"740136","209","Чернігівська область","гімназія, спортзала
вул.Миру, 54А, смт Варва, Варвинський р-н, Чернігівська обл., 17600","2292","961","2266","17","1317","14","1331","","0","1317","14","1331","44","1287","55","6","724","20","49","362","12","21","5","2","23","2","6","29.10.12"
"740137","209","Чернігівська область","сільська рада, зала засідань
вул.Молодіжна, 11, с.Антонівка, Варвинський р-н, Чернігівська обл., 17621","432","119","426","70","245","68","313","","0","245","68","313","6","307","19","1","102","5","12","127","19","11","0","0","10","1","0","29.10.12"
"740138","209","Чернігівська область","сільська рада, актова зала
вул.Шлях, 3, с.Богдани, Варвинський р-н, Чернігівська обл., 17631","204","34","198","20","150","20","170","","0","150","20","170","0","170","2","0","63","0","2","88","1","7","0","0","5","1","1","28.10.12"
"740139","209","Чернігівська область","сільський клуб, глядацька зала
вул.Жовтнева, 2, с.Брагинці, Варвинський р-н, Чернігівська обл., 17610","186","33","181","19","138","15","153","","0","138","15","153","2","151","2","0","69","2","5","62","7","1","0","0","2","0","1","28.10.12"
"740140","209","Чернігівська область","будинок культури, фойє
вул.Незалежності, 40, с.Гнідинці, Варвинський р-н, Чернігівська обл., 17640","720","190","707","76","454","76","530","","0","454","76","530","10","520","15","0","363","10","10","93","8","7","0","1","5","3","5","29.10.12"
"740141","209","Чернігівська область","сільський клуб, глядацька зала
вул.Л.Українки, 31, с.Дащенки, Варвинський р-н, Чернігівська обл., 17632","276","89","272","33","154","33","187","","0","154","33","187","6","181","7","0","76","2","5","60","3","3","2","0","23","0","0","29.10.12"
"740142","209","Чернігівська область","школа, спортзала
вул.Майдан Центральний, 2, с.Журавка, Варвинський р-н, Чернігівська обл., 17620","2256","1020","2260","78","1175","61","1236","","0","1175","61","1236","30","1206","95","7","501","34","57","372","58","29","5","1","24","0","23","29.10.12"
"740143","209","Чернігівська область","фельдшерсько-акушерський пункт, к.3
вул.Степова, 2, с.Кулишівка, Варвинський р-н, Чернігівська обл., 17620","108","22","105","19","67","19","86","","0","67","19","86","2","84","5","0","42","4","1","22","2","1","1","0","4","0","2","29.10.12"
"740144","209","Чернігівська область","сільська рада, зала засідань
вул.Жовтнева, 20, с.Калиновиця, Варвинський р-н, Чернігівська обл., 17613","300","82","299","44","180","38","218","","0","180","38","218","8","210","8","1","78","4","4","102","5","2","2","0","4","0","0","29.10.12"
"740145","209","Чернігівська область","школа, коридор
вул.Набережна, 9, с.Кухарка, Варвинський р-н, Чернігівська обл., 17642","300","96","296","27","177","27","204","","0","177","27","204","6","198","4","0","83","8","1","79","6","7","4","0","6","0","0","29.10.12"
"740146","209","Чернігівська область","школа, коридор
вул.Удайська, 55, с.Леляки, Варвинський р-н, Чернігівська обл., 17603","300","74","296","33","196","30","226","","0","196","30","226","4","222","8","0","86","7","6","94","5","10","0","0","2","2","2","28.10.12"
"740147","209","Чернігівська область","сільський клуб, глядацька зала
вул.Жовтнева, 19, с.Макіївка, Варвинський р-н, Чернігівська обл., 17622","150","39","145","17","98","13","111","","0","98","13","111","3","108","12","1","23","3","2","40","19","4","0","0","4","0","0","28.10.12"
"740148","209","Чернігівська область","школа, коридор
вул.Васюка, 15, с.Мармизівка, Варвинський р-н, Чернігівська обл., 17611","360","92","356","57","213","55","268","","0","213","55","268","3","265","11","0","81","8","12","109","23","10","1","1","6","1","2","29.10.12"
"740149","209","Чернігівська область","будинок культури, фойє
вул.Набережна, 1, с.Озеряни, Варвинський р-н, Чернігівська обл., 17612","1020","369","1013","124","543","108","651","","0","543","108","651","8","643","30","2","292","20","25","224","9","21","2","0","14","0","4","29.10.12"
"740150","209","Чернігівська область","будинок культури, глядацька зала
вул.Шевченка, 4, с.Остапівка, Варвинський р-н, Чернігівська обл., 17641","456","108","450","28","324","24","348","","0","324","24","348","6","342","18","1","176","11","6","94","4","22","1","0","5","1","3","29.10.12"
"740151","209","Чернігівська область","будинок культури, глядацька зала
вул.Миру, 33, с.Світличне, Варвинський р-н, Чернігівська обл., 17630","450","155","440","53","245","50","295","","0","245","50","295","7","288","19","0","129","4","3","80","20","7","2","0","20","0","4","29.10.12"
"740152","209","Чернігівська область","районна лікарня, к.3
вул.9 Травня, 2А, смт Варва, Варвинський р-н, Чернігівська обл., 17600","132","96","41","13","23","13","36","","0","23","13","36","1","35","1","0","19","2","1","9","0","2","0","0","1","0","0","28.10.12"
"740202","209","Чернігівська область","будинок культури, вестибюль
вул.Стадіонна, 4, смт Дружба, Ічнянський р-н, Чернігівська обл., 16702","744","321","720","6","417","6","423","","0","417","6","423","18","405","53","5","61","25","47","85","22","16","13","6","38","17","17","29.10.12"
"740203","209","Чернігівська область","сільський клуб, зала
вул.Леніна, 18, с.Августівка, Ічнянський р-н, Чернігівська обл., 16702","114","38","111","10","67","9","76","","0","67","9","76","0","76","9","2","24","1","4","20","5","2","1","0","7","1","0","29.10.12"
"740205","209","Чернігівська область","школа, к.2
вул.Шкільна, 5, с.Андріївка, Ічнянський р-н, Чернігівська обл., 16722","330","109","324","39","187","34","221","","0","187","34","221","4","217","21","5","81","8","8","46","7","12","1","0","27","0","1","28.10.12"
"740206","209","Чернігівська область","сільський клуб, зала
вул.Пролетарська, 113, с.Томашівка, Ічнянський р-н, Чернігівська обл., 16723","138","45","134","11","86","7","93","","0","86","7","93","4","89","4","0","24","5","2","30","3","13","0","0","6","2","0","29.10.12"
"740207","209","Чернігівська область","школа, вестибюль
вул.Петровського, 2А, с.Бакаївка, Ічнянський р-н, Чернігівська обл., 16724","528","158","513","63","320","50","370","","0","320","50","370","6","364","6","1","26","4","74","93","3","2","1","3","148","0","3","29.10.12"
"740210","209","Чернігівська область","сільський клуб, зала
вул.Центральна, 25Б, с.Буди, Ічнянський р-н, Чернігівська обл., 16762","174","64","169","16","96","14","110","","0","96","14","110","6","104","6","1","17","4","6","48","4","7","1","0","7","0","3","28.10.12"
"740211","209","Чернігівська область","сільський клуб, к.1
вул.Коцюбинського, 18А, с.Грабів, Ічнянський р-н, Чернігівська обл., 16762","144","38","138","29","77","29","106","","0","77","29","106","2","104","5","0","31","4","2","43","4","4","0","2","9","0","0","28.10.12"
"740212","209","Чернігівська область","будинок культури, зала
вул.Колгоспна, 2, с.Бурімка, Ічнянський р-н, Чернігівська обл., 16706","582","227","572","58","307","48","355","","0","307","48","355","14","341","25","2","104","20","18","116","7","13","3","0","29","1","3","29.10.12"
"740213","209","Чернігівська область","школа, спортивна зала
вул.Леніна, 68, с.Гмирянка, Ічнянський р-н, Чернігівська обл., 16750","660","269","651","47","348","43","391","","0","348","43","391","15","376","29","1","135","12","16","130","8","16","3","0","11","12","3","29.10.12"
"740214","209","Чернігівська область","сільська рада, зала засідань
вул.Незалежності, 57, с.Городня, Ічнянський р-н, Чернігівська обл., 16752","252","81","250","23","152","19","171","","0","152","19","171","13","158","9","6","33","6","8","73","4","7","3","1","3","2","3","28.10.12"
"740216","209","Чернігівська область","школа, вестибюль
вул.Набережна, 3, с.Дорогинка, Ічнянський р-н, Чернігівська обл., 16721","696","266","686","61","384","46","430","","0","384","46","430","15","415","9","0","28","1","27","78","3","6","1","0","257","0","5","29.10.12"
"740217","209","Чернігівська область","школа, вестибюль
вул.Шкільна, 41, с.Заудайка, Ічнянський р-н, Чернігівська обл., 16725","468","154","465","56","267","47","314","","0","267","47","314","16","298","28","1","93","9","13","92","7","15","1","1","31","4","3","29.10.12"
"740219","209","Чернігівська область","школа, вестибюль
вул.Леніна, 14, с.Іваниця, Ічнянський р-н, Чернігівська обл., 16751","810","423","801","23","364","23","387","","0","364","23","387","12","375","19","2","107","8","21","175","4","10","4","2","11","1","11","29.10.12"
"740220","209","Чернігівська область","сільська рада, обрядова зала
вул.Леніна, 54, с.Іваниця, Ічнянський р-н, Чернігівська обл., 16751","696","367","689","8","323","6","329","","0","323","6","329","13","316","21","2","76","6","18","157","1","14","6","0","2","0","13","29.10.12"
"740222","209","Чернігівська область","школа, вестибюль
вул.Червона площа, 2, с.Крупичполе, Ічнянський р-н, Чернігівська обл., 16713","504","176","497","56","287","41","328","","0","287","41","328","8","320","8","2","45","6","8","204","6","14","1","2","11","9","4","29.10.12"
"740223","209","Чернігівська область","сільський клуб-бібліотека, фойє
вул.Незалежності, 55А, с.Сваричівка, Ічнянський р-н, Чернігівська обл., 16713","126","21","121","16","89","16","105","","0","89","16","105","0","105","0","0","5","0","3","82","5","6","0","0","4","0","0","29.10.12"
"740224","209","Чернігівська область","магазин, торгівельна зала
вул.Козацька, 16, с.Новий Поділ, Ічнянський р-н, Чернігівська обл., 16713","102","25","101","11","67","10","77","","0","67","10","77","1","76","0","0","9","1","6","45","4","4","0","0","6","1","0","28.10.12"
"740226","209","Чернігівська область","школа, вестибюль
вул.Леніна, 13, с.Монастирище, Ічнянський р-н, Чернігівська обл., 16726","690","295","687","70","338","57","395","","0","338","57","395","16","379","35","2","66","16","24","107","11","33","4","2","52","3","24","29.10.12"
"740227","209","Чернігівська область","сільська рада, депутатська кімната
вул.Революції 1905р., 49, с.Ольшана, Ічнянський р-н, Чернігівська обл., 16763","468","162","465","56","254","52","306","","0","254","52","306","14","292","14","1","82","6","12","143","5","13","1","0","11","0","4","29.10.12"
"740229","209","Чернігівська область","школа, вестибюль
вул.10 років незалежності України, 1, с.Припутні, Ічнянський р-н, Чернігівська обл., 16720","414","121","406","36","260","33","293","","0","260","33","293","5","288","14","0","124","2","10","97","11","9","1","1","14","0","5","28.10.12"
"740230","209","Чернігівська область","школа, к.1
вул.Перемоги, 86, с.Вишнівка, Ічнянський р-н, Чернігівська обл., 16720","228","61","223","24","143","24","167","","0","143","24","167","4","163","4","1","55","0","4","74","3","10","1","1","10","0","0","29.10.12"
"740233","209","Чернігівська область","школа, вестибюль
вул.Братів Протащуків, 20, с.Сезьки, Ічнянський р-н, Чернігівська обл., 16760","378","158","370","40","185","35","220","","0","185","35","220","12","208","45","0","32","5","11","81","6","7","0","2","13","0","6","28.10.12"
"740234","209","Чернігівська область","сільський клуб, фойє
вул.Першотравнева, 43, с.Ступаківка, Ічнянський р-н, Чернігівська обл., 16733","156","42","151","11","103","11","114","","0","103","11","114","2","112","5","1","29","0","2","44","2","19","1","0","9","0","0","29.10.12"
"740237","209","Чернігівська область","школа, вестибюль
вул.Космонавтів, 6, с.Хаєнки, Ічнянський р-н, Чернігівська обл., 16709","354","147","345","53","160","47","207","","0","160","47","207","2","205","6","3","79","21","9","53","1","15","3","1","10","2","2","29.10.12"
"740238","209","Чернігівська область","сільський клуб, зала
вул.Молодіжна, 9, с.Щурівка, Ічнянський р-н, Чернігівська обл., 16753","150","68","146","17","70","12","82","","0","70","12","82","0","82","5","0","18","0","10","20","0","14","0","1","14","0","0","28.10.12"
"740457","209","Чернігівська область","селищний будинок культури, актова зала
вул.Воровського, 4, смт Лосинівка, Ніжинський р-н, Чернігівська обл., 16663","1800","793","1783","64","954","53","1007","","0","954","53","1007","11","996","17","1","108","18","18","780","11","21","1","3","12","0","6","29.10.12"
"740458","209","Чернігівська область","школа, актова зала
вул.Кірова, 4, смт Лосинівка, Ніжинський р-н, Чернігівська обл., 16663","1704","743","1685","107","877","84","961","","0","877","84","961","12","949","9","2","84","12","18","768","16","14","0","2","15","0","9","29.10.12"
"740459","209","Чернігівська область","школа, коридор
вул.Горького, 58А, с.Безуглівка, Ніжинський р-н, Чернігівська обл., 16652","1092","523","1078","100","487","82","569","","0","487","82","569","10","559","11","1","48","14","16","238","11","16","1","1","141","5","56","29.10.12"
"740460","209","Чернігівська область","сільський клуб, актова зала
вул.Щорса, 2А, с.Курилівка, Ніжинський р-н, Чернігівська обл., 16652","162","36","160","15","111","15","126","","0","111","15","126","4","122","2","2","11","1","4","35","1","4","0","0","56","0","6","29.10.12"
"740461","209","Чернігівська область","сільська рада, зала засідань
вул.Леніна, 1, с.Березанка, Ніжинський р-н, Чернігівська обл., 16641","150","39","145","13","98","13","111","","0","98","13","111","5","106","1","1","15","5","5","64","7","1","2","0","1","0","4","29.10.12"
"740462","209","Чернігівська область","сільська рада, зала засідань
вул.Леніна, 18, с.Бурківка, Ніжинський р-н, Чернігівська обл., 16642","270","71","263","26","174","25","199","","0","174","25","199","6","193","5","3","20","8","3","95","3","46","1","1","7","0","1","29.10.12"
"740463","209","Чернігівська область","школа, спортзал
вул.Почекінська, 138А, с.Велика Дорога, Ніжинський р-н, Чернігівська обл., 16661","570","203","566","38","330","37","367","","0","330","37","367","4","363","3","0","25","3","6","148","7","3","0","0","163","1","4","29.10.12"
"740464","209","Чернігівська область","сільська рада, зала засідань
вул.Леніна, 21, с.Велика Кошелівка, Ніжинський р-н, Чернігівська обл., 16621","462","144","458","57","263","55","318","","0","263","55","318","14","304","9","1","94","6","8","97","43","36","0","2","7","0","1","29.10.12"
"740465","209","Чернігівська область","школа, коридор
вул.Шевченка, 1, с.Вертіївка, Ніжинський р-н, Чернігівська обл., 16624","1074","481","1057","77","519","74","593","","0","519","74","593","13","580","9","1","34","11","13","362","79","15","3","2","32","0","19","29.10.12"
"740466","209","Чернігівська область","навчально-виробничий комбінат, клас швейної справи
вул.Леніна, 155, с.Вертіївка, Ніжинський р-н, Чернігівська обл., 16624","948","417","945","56","489","42","531","","0","489","42","531","9","522","5","0","38","14","9","334","77","18","1","1","16","1","8","29.10.12"
"740467","209","Чернігівська область","Вертіївське лісництво, актова зала
вул.8-го Березня, 26, с.Вертіївка, Ніжинський р-н, Чернігівська обл., 16624","948","427","943","66","463","58","521","","0","463","58","521","13","508","19","3","77","9","11","283","47","7","3","2","38","0","9","29.10.12"
"740468","209","Чернігівська область","сільський клуб, актова зала
вул.Леніна, 38, с.Бобрик, Ніжинський р-н, Чернігівська обл., 16624","372","134","370","28","211","27","238","","0","211","27","238","4","234","1","0","55","3","4","132","24","9","1","0","3","0","2","29.10.12"
"740469","209","Чернігівська область","сільський клуб, актова зала
вул.Леніна, 7А, с.Радгоспне, Ніжинський р-н, Чернігівська обл., 16624","240","66","239","8","166","8","174","","0","166","8","174","7","167","1","1","23","0","16","57","12","41","2","0","9","0","5","29.10.12"
"740470","209","Чернігівська область","сільський клуб, актова зала
вул.Леніна, 39, с.Вікторівка, Ніжинський р-н, Чернігівська обл., 16670","240","60","238","47","136","44","180","","0","136","44","180","6","174","3","0","41","3","5","85","2","20","1","0","13","0","1","29.10.12"
"740471","209","Чернігівська область","сільський клуб, актова зала
вул.Гагаріна, 92, с.Леонідівка, Ніжинський р-н, Чернігівська обл., 16670","342","93","335","42","208","41","249","","0","208","41","249","4","245","9","1","22","25","11","112","6","42","1","1","15","0","0","29.10.12"
"740472","209","Чернігівська область","школа-дитсадок, коридор
вул.Леніна, 73, с.Галиця, Ніжинський р-н, Чернігівська обл., 16671","570","234","563","47","292","44","336","","0","292","44","336","8","328","18","1","49","12","12","172","7","12","1","2","5","1","36","29.10.12"
"740473","209","Чернігівська область","будинок культури, актова зала
вул.Народовольців, 6А, с.Галиця, Ніжинський р-н, Чернігівська обл., 16671","654","262","646","85","325","67","392","","0","325","67","392","12","380","10","3","76","35","8","179","13","15","1","0","23","1","16","29.10.12"
"740474","209","Чернігівська область","школа, коридор
вул.Леніна, 86, с.Григоро-Іванівка, Ніжинський р-н, Чернігівська обл., 16633","942","407","939","51","487","48","535","","0","487","48","535","18","517","21","3","130","14","27","239","14","27","6","0","22","3","11","29.10.12"
"740475","209","Чернігівська область","школа, коридор
пров.Шкільний, 11, с.Кропивне, Ніжинський р-н, Чернігівська обл., 16633","492","203","483","9","281","8","289","","0","281","8","289","5","284","5","1","24","8","17","159","1","14","0","0","11","0","44","29.10.12"
"740476","209","Чернігівська область","сільський клуб, актова зала
вул.Шевченка, 1А, с.Данине, Ніжинський р-н, Чернігівська обл., 16660","654","200","638","90","376","78","454","","0","376","78","454","6","448","0","1","17","4","4","408","3","3","0","0","7","0","1","29.10.12"
"740477","209","Чернігівська область","сільська рада, актова зала
вул.1 Травня, 2, с.Дуболугівка, Ніжинський р-н, Чернігівська обл., 16622","300","94","295","32","175","31","206","","0","175","31","206","5","201","10","0","31","13","3","88","10","36","0","0","5","1","4","29.10.12"
"740478","209","Чернігівська область","сільська рада, зала засідань
вул.Леніна, 1, с.Заньки, Ніжинський р-н, Чернігівська обл., 16623","234","64","227","32","145","25","170","","0","145","25","170","5","165","2","1","35","6","6","94","7","8","1","1","4","0","0","29.10.12"
"740479","209","Чернігівська область","сільська рада, зала засідань
вул.Гоголя, 7, с.Колісники, Ніжинський р-н, Чернігівська обл., 16632","360","132","318","36","197","31","228","","0","197","31","228","9","219","10","0","46","5","11","113","8","17","0","1","7","1","0","29.10.12"
"740480","209","Чернігівська область","контора приватно-орендного сільськогосподарського підприємства ""Григорівське"", коридор
вул.Крапив’янського, 2, с.Григорівка, Ніжинський р-н, Чернігівська обл., 16632","246","105","242","18","126","15","141","","0","126","15","141","4","137","4","0","14","3","4","81","3","8","0","2","13","0","5","29.10.12"
"740481","209","Чернігівська область","будинок культури, актова зала
вул.Незалежності, 47, с.Крути, Ніжинський р-н, Чернігівська обл., 16645","1062","373","1050","56","639","50","689","","0","639","50","689","20","669","18","0","103","6","11","477","7","27","0","1","8","0","11","29.10.12"
"740482","209","Чернігівська область","школа, коридор
вул.Власенків, 3, с.Кукшин, Ніжинський р-н, Чернігівська обл., 16631","672","232","668","69","379","61","440","","0","379","61","440","4","436","16","1","114","10","13","188","35","22","2","5","14","14","2","29.10.12"
"740483","209","Чернігівська область","сільська рада, зал урочистих подій
вул.Леніна, 23, с.Кунашівка, Ніжинський р-н, Чернігівська обл., 16646","510","166","507","56","289","55","344","","0","289","55","344","16","328","14","2","68","9","29","140","3","24","0","1","35","0","3","28.10.12"
"740484","209","Чернігівська область","сільська рада, актова зала
вул.Леніна, 2А, с.Липів Ріг, Ніжинський р-н, Чернігівська обл., 16643","732","309","720","30","396","27","423","","0","396","27","423","15","408","12","1","131","42","19","111","12","21","2","1","44","1","11","29.10.12"
"740485","209","Чернігівська область","сільська рада, зала засідань
вул.Шевченка, 96, с.Мала Кошелівка, Ніжинський р-н, Чернігівська обл., 16626","336","121","316","25","190","25","215","","0","190","25","215","3","212","3","0","17","10","4","145","13","7","1","0","9","1","2","29.10.12"
"740486","209","Чернігівська область","сільський клуб, фойє
вул.1 Травня, 8А, с.Перебудова, Ніжинський р-н, Чернігівська обл., 16650","396","105","391","51","241","50","291","","0","241","50","291","8","283","10","1","46","4","11","165","1","24","0","1","17","1","2","29.10.12"
"740487","209","Чернігівська область","школа, спортзал
вул.Молодіжна, 7, с.Перемога, Ніжинський р-н, Чернігівська обл., 16665","642","167","642","79","402","73","475","","0","402","73","475","9","466","2","1","18","5","9","375","4","7","1","0","40","0","4","29.10.12"
"740488","209","Чернігівська область","сільський клуб, актова зала
вул.Леніна, 16, с.Богданівка, Ніжинський р-н, Чернігівська обл., 16665","534","129","528","61","346","59","405","","0","346","59","405","6","399","0","0","17","2","1","342","3","4","0","0","27","1","2","29.10.12"
"740489","209","Чернігівська область","сільська рада, кабінет сільського голови
вул.Шевченка, 14, с.Переяслівка, Ніжинський р-н, Чернігівська обл., 16644","282","81","283","29","173","28","201","","0","173","28","201","9","192","3","0","39","5","8","105","5","11","0","0","13","2","1","29.10.12"
"740490","209","Чернігівська область","сільська рада, зала засідань
вул.Жовтнева, 15, с.Сальне, Ніжинський р-н, Чернігівська обл., 16673","522","134","516","86","305","83","388","","0","305","83","388","11","377","9","1","96","29","17","143","15","17","1","2","39","2","6","29.10.12"
"740491","209","Чернігівська область","школа, спортзал
вул.Щорса, 4, с-ще Світанок, Ніжинський р-н, Чернігівська обл., 16672","492","184","489","28","280","28","308","","0","280","28","308","8","300","10","1","54","4","58","102","6","28","1","0","28","0","8","29.10.12"
"740492","209","Чернігівська область","сільський клуб, актова зала
вул.Шевченка, 56, с.Яхнівка, Ніжинський р-н, Чернігівська обл., 16672","198","47","196","32","123","28","151","","0","123","28","151","4","147","12","1","25","4","4","81","1","6","1","0","8","0","4","29.10.12"
"740493","209","Чернігівська область","сільський клуб, актова зала
вул.Шевченка, 1, с.Стодоли, Ніжинський р-н, Чернігівська обл., 16630","498","202","487","47","250","46","296","","0","250","46","296","11","285","13","2","42","7","16","143","13","28","2","1","15","2","1","29.10.12"
"740494","209","Чернігівська область","сільська рада, актова зала
вул.Радянська, 8, с.Талалаївка, Ніжинський р-н, Чернігівська обл., 16651","1002","484","990","35","485","33","518","","0","485","33","518","18","500","8","1","142","4","21","160","8","25","0","3","107","0","21","29.10.12"
"740495","209","Чернігівська область","школа, гардеробна
вул.Шкільна, 1, с.Талалаївка, Ніжинський р-н, Чернігівська обл., 16651","738","367","729","45","329","42","371","","0","329","42","371","11","360","6","1","66","5","18","119","6","7","1","1","110","1","19","29.10.12"
"740496","209","Чернігівська область","фельдшерсько-акушерський пункт, коридор
вул.Леніна, 18, с.Хвилівка, Ніжинський р-н, Чернігівська обл., 16651","252","107","249","9","138","7","145","","0","138","7","145","5","140","8","1","22","5","11","48","3","3","1","1","25","1","11","29.10.12"
"740497","209","Чернігівська область","сільська рада, зала засідань
вул.Леніна, 1, с.Терешківка, Ніжинський р-н, Чернігівська обл., 16674","222","49","220","30","144","29","173","","0","144","29","173","5","168","1","0","18","4","2","100","11","17","0","0","11","0","4","29.10.12"
"740498","209","Чернігівська область","школа, коридор
вул.Шевченка, 1, с.Черняхівка, Ніжинський р-н, Чернігівська обл., 16640","594","275","592","37","289","30","319","","0","289","30","319","13","306","20","2","40","11","12","166","14","23","1","0","9","1","7","29.10.12"
"740499","209","Чернігівська область","сільський клуб, актова зала
вул.Воровського, 35, с.Шатура, Ніжинський р-н, Чернігівська обл., 16662","504","72","498","45","388","44","432","","0","388","44","432","8","424","1","0","11","3","3","400","0","2","1","0","2","0","1","29.10.12"
"740500","209","Чернігівська область","сільський клуб, актова зала
вул.Пролетарська, 2, с.Шняківка, Ніжинський р-н, Чернігівська обл., 16675","288","71","284","46","175","42","217","","0","175","42","217","3","214","3","2","55","4","4","118","6","13","0","0","8","0","1","29.10.12"
"740501","209","Чернігівська область","Центральна районна лікарня, зал засідань
вул.Семашка, 1, м.Ніжин, Чернігівська обл., 16600","186","161","35","25","9","16","25","","0","9","16","25","0","25","0","0","5","0","0","14","1","0","0","0","4","0","1","29.10.12"
"740550","209","Чернігівська область","районний будинок культури, фойє
вул.Центральна, 8, м.Носівка, Носівський р-н, Чернігівська обл., 17100","2310","1243","2285","44","1028","39","1067","","0","1028","39","1067","16","1051","1","9","107","31","44","795","13","26","2","1","12","4","6","29.10.12"
"740551","209","Чернігівська область","школа мистецтв, глядацька зала
вул.Ніжинський шлях, 2, м.Носівка, Носівський р-н, Чернігівська обл., 17100","2250","1129","2217","35","1090","31","1121","","0","1090","31","1121","26","1095","11","4","165","18","35","813","12","17","3","0","11","4","2","29.10.12"
"740552","209","Чернігівська область","спортивно-технічний клуб, зала засідань
вул.Мринський шлях, 1, м.Носівка, Носівський р-н, Чернігівська обл., 17100","2448","1450","2433","69","938","60","998","","0","938","60","998","23","975","16","0","88","12","49","750","8","26","2","3","8","7","6","29.10.12"
"740553","209","Чернігівська область","школа №4, фойє
вул.Б.Хмельницького, 29, м.Носівка, Носівський р-н, Чернігівська обл., 17100","2148","1218","2131","66","878","52","930","","0","878","52","930","22","908","19","1","82","17","37","690","10","27","2","1","14","3","5","29.10.12"
"740554","209","Чернігівська область","школа №2, фойє
вул.Привітна, 1А, м.Носівка, Носівський р-н, Чернігівська обл., 17100","2028","1156","1999","41","838","34","872","","0","838","34","872","24","848","18","3","65","28","40","613","1","62","2","2","8","0","6","29.10.12"
"740555","209","Чернігівська область","навчально-виховний комплекс №3, актова зала
вул.Козацька, 41, м.Носівка, Носівський р-н, Чернігівська обл., 17100","1500","869","1490","51","588","43","631","","0","588","43","631","17","614","9","1","75","12","17","478","6","6","0","1","4","2","3","29.10.12"
"740556","209","Чернігівська область","сільська рада, зала засідань
вул.Українська, 5, с.Степове, Носівський р-н, Чернігівська обл., 17151","252","34","256","64","159","59","218","","0","159","59","218","7","211","0","0","4","0","0","204","1","0","2","0","0","0","0","29.10.12"
"740557","209","Чернігівська область","сільська рада, зала засідань
вул.Лесі Українки, 4А, с.Держанівка, Носівський р-н, Чернігівська обл., 17120","414","61","410","59","298","55","353","","0","298","55","353","4","349","0","0","32","5","4","275","1","18","5","0","7","2","0","29.10.12"
"740558","209","Чернігівська область","школа, актова зала
вул.Шевченка, 83, с.Адамівка, Носівський р-н, Чернігівська обл., 17121","318","70","314","50","200","48","248","","0","200","48","248","6","242","2","1","43","3","2","175","1","10","1","2","1","0","1","29.10.12"
"740559","209","Чернігівська область","школа, спортивна зала
вул.Носівська, 37, с.Іржавець, Носівський р-н, Чернігівська обл., 17123","342","108","336","34","204","30","234","","0","204","30","234","5","229","5","1","15","3","1","186","1","12","1","0","3","0","1","29.10.12"
"740560","209","Чернігівська область","сільський будинок культури, фойє
вул.Леніна, 19А, с.Коломійцівка, Носівський р-н, Чернігівська обл., 17143","450","62","447","42","348","40","388","","0","348","40","388","2","386","1","0","11","3","5","361","1","3","1","0","0","0","0","29.10.12"
"740561","209","Чернігівська область","сільський клуб, глядацька зала
вул.Шевченка, 2А, с.Калинівка, Носівський р-н, Чернігівська обл., 17145","264","30","264","38","196","38","234","","0","196","38","234","2","232","1","0","3","3","0","224","0","1","0","0","0","0","0","05.11.12"
"740562","209","Чернігівська область","сільський будинок культури, фойє
вул.Незалежності, 57Б, с.Козари, Носівський р-н, Чернігівська обл., 17122","510","160","501","55","298","52","350","","0","298","52","350","5","345","3","2","27","5","6","289","0","8","1","1","1","1","1","28.10.12"
"740563","209","Чернігівська область","ТОВ агрофірма ""Маяк"", зала засідань
вул.Шевченка, 4, с.Лихачів, Носівський р-н, Чернігівська обл., 17111","720","216","712","60","447","57","504","","0","447","57","504","9","495","11","2","54","18","9","348","9","30","2","0","10","1","1","29.10.12"
"740564","209","Чернігівська область","сільська рада, зала засідань
вул.Центральна, 27, с.Макіївка, Носівський р-н, Чернігівська обл., 17152","768","280","763","141","402","86","488","","0","402","86","488","7","481","4","3","93","4","8","354","1","12","1","0","1","0","0","29.10.12"
"740565","209","Чернігівська область","школа, фойє
вул.Шкільна, 12, с.Пустотине, Носівський р-н, Чернігівська обл., 17153","276","106","269","37","138","32","170","","0","138","32","170","4","166","1","2","34","1","8","107","2","6","0","0","5","0","0","28.10.12"
"740566","209","Чернігівська область","сільський будинок культури, глядацька зала
вул.Червонопартизанська, 19, с.Мрин, Носівський р-н, Чернігівська обл., 17113","1626","508","1615","90","1029","89","1118","","0","1029","89","1118","14","1104","9","1","66","17","22","958","4","12","1","0","13","0","1","29.10.12"
"740567","209","Чернігівська область","сільська рада, зала засідань
вул.Першотравнева, 2, с.Плоске, Носівський р-н, Чернігівська обл., 17114","720","200","712","112","422","98","520","","0","422","98","520","6","514","14","4","97","8","21","323","12","14","0","1","13","0","7","29.10.12"
"740568","209","Чернігівська область","школа, фойє
вул.Гоголя, 2Г, с.Рівчак-Степанівка, Носівський р-н, Чернігівська обл., 17142","522","97","516","67","363","62","425","","0","363","62","425","3","422","1","0","12","7","8","377","1","11","0","0","5","0","0","29.10.12"
"740569","209","Чернігівська область","сільський клуб, глядацька зала
вул.Стратілата, 1, с.Селище, Носівський р-н, Чернігівська обл., 17112","600","197","595","81","326","77","403","","0","326","77","403","21","382","8","1","62","20","20","229","2","24","2","6","8","0","0","29.10.12"
"740570","209","Чернігівська область","сільська рада, зала засідань
вул.Професора Примака, 27, с.Софіївка, Носівський р-н, Чернігівська обл., 17150","186","25","180","33","128","33","161","","0","128","33","161","1","160","1","0","0","2","1","156","0","0","0","0","0","0","0","29.10.12"
"740571","209","Чернігівська область","сільська рада, зала засідань
вул.Гагаріна, 33, с.Степові Хутори, Носівський р-н, Чернігівська обл., 17141","660","84","658","97","480","96","576","","0","480","96","576","5","571","2","1","13","1","3","545","3","1","0","0","1","0","1","29.10.12"
"740572","209","Чернігівська область","сільська рада, зала засідань
вул.Механізаторів, 2, с.Тертишники, Носівський р-н, Чернігівська обл., 17140","96","39","88","9","49","8","57","","0","49","8","57","0","57","2","0","8","0","3","39","2","3","0","0","0","0","0","29.10.12"
"740573","209","Чернігівська область","школа, фойє
вул.Садова, 13, с.Шлях Ілліча, Носівський р-н, Чернігівська обл., 17140","318","80","311","41","197","41","238","","0","197","41","238","1","237","6","1","19","4","4","179","2","19","0","1","1","0","1","29.10.12"
"740574","209","Чернігівська область","школа, спортивна зала
вул.Щорса, 18А, с.Ясна Зірка, Носівський р-н, Чернігівська обл., 17140","216","78","211","23","120","18","138","","0","120","18","138","4","134","0","3","31","4","3","87","0","3","2","0","1","0","0","29.10.12"
"740575","209","Чернігівська область","сільський будинок культури, фойє
вул.Українська, 105, с.Хотинівка, Носівський р-н, Чернігівська обл., 17110","546","126","539","59","367","53","420","","0","367","53","420","9","411","10","0","20","9","10","334","5","11","3","1","5","1","2","29.10.12"
"740576","209","Чернігівська область","школа №1, фойє
вул.Леніна, 77, с.Червоні Партизани, Носівський р-н, Чернігівська обл., 17130","2022","1055","1989","69","908","59","967","","0","908","59","967","29","938","25","2","220","24","61","536","11","15","2","2","21","3","16","29.10.12"
"740577","209","Чернігівська область","школа, фойє
вул.Леніна, 87, с.Червоні Партизани, Носівський р-н, Чернігівська обл., 17130","882","516","887","47","331","35","366","","0","331","35","366","10","356","9","2","58","4","15","241","5","1","4","0","9","1","7","29.10.12"
"740578","209","Чернігівська область","школа №3, фойє
вул.Миру, 6, с.Дослідне, Носівський р-н, Чернігівська обл., 17131","570","260","565","38","279","31","310","","0","279","31","310","8","302","5","2","77","5","20","159","5","17","1","1","5","0","5","29.10.12"
"740579","209","Чернігівська область","школа №4, фойє
вул.Ворошилова, 71, с.Сулак, Носівський р-н, Чернігівська обл., 17130","804","422","805","44","342","40","382","","0","342","40","382","9","373","10","2","79","6","25","227","1","6","1","2","12","0","2","29.10.12"
"740580","209","Чернігівська область","центральна районна лікарня, терапевтичне відділення, фойє
вул.Центральна, 53, м.Носівка, Носівський р-н, Чернігівська обл., 17100","222","202","35","13","11","9","20","","0","11","9","20","0","20","0","0","2","0","0","16","1","1","0","0","0","0","0","28.10.12"
"740760","209","Чернігівська область","районний будинок культури, мала зала
вул.Леніна, 39, смт Срібне, Срібнянський р-н, Чернігівська обл., 17300","1614","731","1580","24","859","24","883","","0","859","24","883","19","864","54","1","312","30","25","345","5","27","4","0","25","4","32","29.10.12"
"740761","209","Чернігівська область","школа, фойє
вул.Леніна, 47, смт Срібне, Срібнянський р-н, Чернігівська обл., 17300","1314","529","1300","28","759","26","785","","0","759","26","785","13","772","37","3","371","32","30","235","7","17","8","1","14","7","10","29.10.12"
"740762","209","Чернігівська область","сільський клуб, велика зала
вул.Калініна, 46, с.Никонівка, Срібнянський р-н, Чернігівська обл., 17300","132","37","128","10","85","10","95","","0","85","10","95","3","92","1","0","18","0","0","64","0","3","1","0","4","0","1","29.10.12"
"740763","209","Чернігівська область","сільський клуб, велика зала
вул.Щорса, 4, с.Артеменків, Срібнянський р-н, Чернігівська обл., 17300","72","18","66","4","51","3","54","","0","51","3","54","2","52","2","0","21","0","1","23","0","2","1","0","2","0","0","29.10.12"
"740764","209","Чернігівська область","школа, класна кімната
вул.Б.Хмельницького, 56, с.Іванківці, Срібнянський р-н, Чернігівська обл., 17333","396","127","387","35","237","32","269","","0","237","32","269","2","267","1","0","149","7","3","90","4","7","2","0","4","0","0","29.10.12"
"740765","209","Чернігівська область","будинок культури, велика зала
вул.Центральна, 13, смт Дігтярі, Срібнянський р-н, Чернігівська обл., 17332","774","230","767","68","477","67","544","","0","477","67","544","7","537","32","1","262","9","160","6","7","2","1","30","1","4","22","31.10.12"
"740766","209","Чернігівська область","сільський клуб, велика зала
вул.І. Франка, 14, с.Гнатівка, Срібнянський р-н, Чернігівська обл., 17331","198","50","196","29","121","27","148","","0","121","27","148","4","144","9","0","92","10","3","19","1","7","0","0","3","0","0","29.10.12"
"740767","209","Чернігівська область","школа, фойє
вул.Шкільна, 8, с.Васьківці, Срібнянський р-н, Чернігівська обл., 17310","450","136","446","29","285","29","314","","0","285","29","314","12","302","18","0","102","5","9","130","0","16","0","0","13","3","6","29.10.12"
"740768","209","Чернігівська область","школа, фойє
вул.Шкільна, 1, с.Калюжинці, Срібнянський р-н, Чернігівська обл., 17311","360","83","353","24","253","24","277","","0","253","24","277","6","271","12","1","75","9","3","135","12","8","2","0","13","0","1","29.10.12"
"740769","209","Чернігівська область","школа, спортивна зала
вул.Центральна, 38, с.Поділ, Срібнянський р-н, Чернігівська обл., 17330","588","212","579","38","340","36","376","","0","340","36","376","16","360","17","0","94","21","17","157","6","5","1","1","7","4","30","29.10.12"
"740770","209","Чернігівська область","школа, класна кімната
вул.Радянська, 55, с.Сокиринці, Срібнянський р-н, Чернігівська обл., 17312","876","349","858","90","463","64","527","","0","463","64","527","7","520","14","0","62","6","4","377","9","7","2","0","28","5","6","29.10.12"
"740771","209","Чернігівська область","сільська рада, актова зала
вул.Миру, 43, с.Карпилівка, Срібнянський р-н, Чернігівська обл., 17341","342","79","345","54","210","53","263","","0","210","53","263","5","258","22","2","80","10","10","104","1","20","1","0","3","4","1","29.10.12"
"740772","209","Чернігівська область","сільський клуб, велика зала
вул.Миру, 48, с.Лебединці, Срібнянський р-н, Чернігівська обл., 17342","216","53","205","12","151","12","163","","0","151","12","163","4","159","7","0","65","4","1","62","1","13","1","0","3","1","1","29.10.12"
"740773","209","Чернігівська область","будинок культури, велика зала
вул.Шкільна, 6, с.Гурбинці, Срібнянський р-н, Чернігівська обл., 17331","408","87","404","40","281","40","321","","0","281","40","321","6","315","26","1","144","23","12","80","1","13","1","1","12","0","1","29.10.12"
"740774","209","Чернігівська область","сільський клуб, велика зала
вул.Українська, 13, с.Дейманівка, Срібнянський р-н, Чернігівська обл., 17300","132","29","129","20","83","20","103","","0","83","20","103","2","101","3","0","50","1","2","31","1","2","0","0","9","0","2","29.10.12"
"740775","209","Чернігівська область","сільська рада, актова зала
вул.Грушевського, 13А, с.Олексинці, Срібнянський р-н, Чернігівська обл., 17320","300","102","298","13","187","11","198","","0","187","11","198","7","191","6","0","76","3","5","74","1","15","0","0","8","1","2","29.10.12"
"740776","209","Чернігівська область","сільська рада, бібліотека
вул.Незалежності, 3, с.Савинці, Срібнянський р-н, Чернігівська обл., 17350","360","89","347","25","247","24","271","","0","247","24","271","6","265","26","1","96","4","5","100","7","16","1","0","7","2","0","29.10.12"
"740777","209","Чернігівська область","сільський клуб, коридор
вул.Незалежності, 7, с.Хукалівка, Срібнянський р-н, Чернігівська обл., 17350","78","13","75","8","59","6","65","","0","59","6","65","1","64","6","0","48","0","0","7","1","1","1","0","0","0","0","29.10.12"
"740778","209","Чернігівська область","школа, коридор
вул.Шкільна, 1, с.Харитонівка, Срібнянський р-н, Чернігівська обл., 17340","330","79","325","45","210","41","251","","0","210","41","251","4","247","11","2","122","4","1","76","1","12","1","0","16","1","0","29.10.12"
"740779","209","Чернігівська область","школа, спортивна зала
вул.Незалежності, 26, с.Гриціївка, Срібнянський р-н, Чернігівська обл., 17321","228","60","223","17","153","15","168","","0","153","15","168","4","164","6","1","77","3","2","52","2","9","0","0","12","0","0","29.10.12"
"740780","209","Чернігівська область","сільський клуб, актова зала
вул.Шкільна, 1, с.Побочіївка, Срібнянський р-н, Чернігівська обл., 17300","282","74","276","12","196","12","208","","0","196","12","208","7","201","16","0","70","9","7","81","1","0","1","0","12","0","4","28.10.12"
"740781","209","Чернігівська область","будинок культури, велика зала
вул.Т. Шевченка, 22, с.Горобіївка, Срібнянський р-н, Чернігівська обл., 17351","360","98","353","33","231","31","262","","0","231","31","262","9","253","13","1","66","8","3","146","3","4","2","0","7","0","0","29.10.12"
"740782","209","Чернігівська область","центральна районна лікарня, актова зала
вул.Леніна, 19, смт Срібне, Срібнянський р-н, Чернігівська обл., 17300","102","76","30","4","22","4","26","","0","22","4","26","0","26","0","2","8","2","0","10","0","1","1","0","1","0","1","29.10.12"
"740923","209","Чернігівська область","школа №7, шкільний музей
вул.Гоголя, 15, м.Ніжин, Чернігівська обл., 16600","2490","1242","2476","30","1228","20","1248","","0","1228","20","1248","39","1209","22","6","360","111","75","407","23","50","4","12","60","23","56","29.10.12"
"740924","209","Чернігівська область","агротехнічний інститут, читальна зала, 2-й поверх
вул.Шевченка, 10, м.Ніжин, Чернігівська обл., 16600","2472","1138","2458","29","1308","26","1334","","0","1308","26","1334","34","1300","42","9","337","67","131","433","44","60","7","27","49","25","69","29.10.12"
"740925","209","Чернігівська область","школа №2, коридор
вул.Шевченка, 56, м.Ніжин, Чернігівська обл., 16600","2508","1187","2492","33","1298","23","1321","","0","1298","23","1321","51","1270","49","3","310","80","111","454","28","78","11","17","42","25","62","29.10.12"
"740926","209","Чернігівська область","гімназія №16, коридор
3-й Мікрорайон, 11, м.Ніжин, Чернігівська обл., 16600","2514","1119","2504","16","1384","11","1395","","0","1384","11","1395","35","1360","47","8","309","74","126","516","25","67","11","7","46","23","101","29.10.12"
"740927","209","Чернігівська область","школа №9, актова зала
вул.Шевченка, 103, м.Ніжин, Чернігівська обл., 16600","2424","1165","2400","31","1233","26","1259","","0","1233","26","1259","32","1227","25","5","306","121","107","471","9","42","5","11","42","23","60","29.10.12"
"740928","209","Чернігівська область","ліцей побуту та сервісу, к.9
вул.Шевченка, 111, м.Ніжин, Чернігівська обл., 16600","2490","1255","2484","34","1206","29","1235","","0","1206","29","1235","36","1199","43","9","263","97","136","456","8","38","4","10","56","27","52","29.10.12"
"740929","209","Чернігівська область","школа №17, хореографічна зала
вул.Прилуцька, 162, м.Ніжин, Чернігівська обл., 16600","2370","1127","2346","13","1235","8","1243","","0","1235","8","1243","24","1219","20","2","286","63","97","532","18","45","9","10","57","17","63","29.10.12"
"740930","209","Чернігівська область","клуб залізничників, актова зала
вул.Шевченка, 168, м.Ніжин, Чернігівська обл., 16600","2262","1097","2250","11","1160","5","1165","","0","1160","5","1165","32","1133","27","9","300","116","108","366","12","64","5","14","29","29","54","29.10.12"
"740931","209","Чернігівська область","школа №15, актова зала
вул.Об’їжджа, 123, м.Ніжин, Чернігівська обл., 16600","2448","1066","2451","28","1365","17","1382","","0","1365","17","1382","38","1344","25","7","307","122","131","492","20","75","4","9","50","24","78","29.10.12"
"740932","209","Чернігівська область","аграрний ліцей №35, спортивна зала
вул.Незалежності, 5А, м.Ніжин, Чернігівська обл., 16600","2418","1167","2384","27","1227","24","1251","","0","1227","24","1251","37","1214","44","10","292","73","109","438","25","83","8","14","42","19","57","29.10.12"
"740933","209","Чернігівська область","аграрний ліцей №35, коридор
вул.Незалежності, 42, м.Ніжин, Чернігівська обл., 16600","2508","1167","2487","16","1330","11","1341","","0","1330","11","1341","34","1307","42","6","350","61","125","478","24","58","10","7","49","16","81","29.10.12"
"740934","209","Чернігівська область","школа №14, актова зала
вул.Шекерогринівська, 52А, м.Ніжин, Чернігівська обл., 16600","1752","938","1740","24","793","21","814","","0","793","21","814","21","793","33","9","177","33","74","253","22","41","7","10","39","18","77","29.10.12"
"740935","209","Чернігівська область","медичний коледж, актова зала
вул.Студентства, 2А, м.Ніжин, Чернігівська обл., 16600","2334","1113","2309","27","1202","19","1221","","0","1202","19","1221","31","1190","26","7","305","99","112","400","18","64","1","14","51","25","68","29.10.12"
"740936","209","Чернігівська область","школа №12, спортивна зала
вул.Франка, 22, м.Ніжин, Чернігівська обл., 16600","2490","1290","2481","45","1165","35","1200","","0","1165","35","1200","37","1163","35","28","305","67","132","391","26","45","5","11","38","25","55","29.10.12"
"740937","209","Чернігівська область","школа №6, актова зала
вул.Куйбишева, 15, м.Ніжин, Чернігівська обл., 16600","2442","1223","2426","27","1194","25","1219","","0","1194","25","1219","41","1178","44","16","267","68","145","419","33","56","7","16","35","14","58","29.10.12"
"740938","209","Чернігівська область","товариство сприяння обороні України, актова зала
вул.Липіврізька, 50А, м.Ніжин, Чернігівська обл., 16600","2484","1312","2457","40","1143","29","1172","","0","1143","29","1172","43","1129","23","11","236","63","118","423","17","58","11","16","42","35","76","29.10.12"
"740939","209","Чернігівська область","гімназія №3, коридор
вул.Московська, 6А, м.Ніжин, Чернігівська обл., 16600","2514","1249","2477","43","1231","34","1265","","0","1231","34","1265","39","1226","35","11","334","86","117","423","18","34","7","21","60","26","54","29.10.12"
"740940","209","Чернігівська область","школа №10, коридор
вул.Московська, 54, м.Ніжин, Чернігівська обл., 16600","2490","1142","2484","23","1331","17","1348","","0","1331","17","1348","41","1307","30","11","282","77","133","515","21","58","5","18","37","43","77","29.10.12"
"740941","209","Чернігівська область","Виробниче управління комунального господарства, актова зала
вул.Чернігівська, 128, м.Ніжин, Чернігівська обл., 16600","1824","916","1825","33","882","26","908","","0","882","26","908","22","886","22","9","196","99","99","296","19","42","6","9","32","18","39","29.10.12"
"740942","209","Чернігівська область","Ніжинський Державний університет імені Миколи Гоголя, к.109
вул.Крапив’янського, 2, м.Ніжин, Чернігівська обл., 16600","1950","1001","1988","17","938","11","949","","0","938","11","949","24","925","39","14","263","62","94","300","12","34","4","10","30","14","49","29.10.12"
"740943","209","Чернігівська область","музична школа, актова зала, 2-й поверх
вул.Воздвиженська, 9А, м.Ніжин, Чернігівська обл., 16600","2214","1178","2266","32","1015","21","1036","","0","1015","21","1036","22","1014","41","22","263","76","98","352","17","39","7","4","36","13","46","29.10.12"
"740944","209","Чернігівська область","школа №5, спортивна зала
вул.Воздвиженська, 72, м.Ніжин, Чернігівська обл., 16600","2388","1289","2367","39","1071","28","1099","","0","1071","28","1099","35","1064","43","3","261","102","102","349","14","61","12","7","31","13","66","29.10.12"
"740945","209","Чернігівська область","школа №11, актова зала
вул.Євлашівська, 73, м.Ніжин, Чернігівська обл., 16600","2484","1239","2453","33","1222","23","1245","","0","1222","23","1245","33","1212","45","10","327","80","99","401","17","53","9","15","50","31","75","29.10.12"
"740946","209","Чернігівська область","школа №13, спортивна зала
вул.Овдіївська, 227, м.Ніжин, Чернігівська обл., 16600","2508","1284","2482","26","1203","21","1224","","0","1203","21","1224","46","1178","44","10","309","41","121","383","17","71","8","12","48","29","85","29.10.12"
"740947","209","Чернігівська область","спортивний комплекс, спортивна зала
вул.Космонавтів, 90, м.Ніжин, Чернігівська обл., 16600","2370","1135","2339","27","1216","19","1235","","0","1216","19","1235","37","1198","25","6","220","179","95","386","10","70","8","18","51","38","92","29.10.12"
"740948","209","Чернігівська область","Центральна міська лікарня імені Миколи Галицького, зала інформаційно-аналітичного центру
вул.Московська, 21, м.Ніжин, Чернігівська обл., 16600","456","403","71","45","19","34","53","","0","19","34","53","0","53","1","0","6","6","1","30","0","1","0","0","3","1","4","28.10.12"
