"№ ВД","OBO","Назва регіону України","Місцезнаходження та адреса приміщення для голосування","1) К-сть одержаних бюлетенів","2) К-сть невикористаних бюлетенів","3) К-сть виборців, внесених до списку виборців","4) К-сть виборців, внесених до витягу зі списку виборців","5) К-сть виборців, які отримали бюлетені у приміщенні","6) К-сть виборців, які отримали за місцем перебування","7) Сумарна к-сть виборців, які отримали бюлетені","8) К-сть бюлетенів, що виявилися у кожній скринці","9) К-сть бюлетенів, що не підлягають врахуванню","10) К-сть виборців, які взяли участь у голос. у приміщенні для гол.","11) К-сть виборців, які взяли участь у голос. за місцем перебування","12) К-сть виборців, які взяли участь у голосуванні на виборчій дільниці","13) К-сть бюлетенів, визнаних недійсними","14) Сумарна к-сть голосів виборців ЗА","Амельченко
Василь
Васильович","Журман
Сергій
Миколайович","Зінов’єв
Артур
Петрович","Куніцин
Володимир
Миколайович","Лещенко
Володимир
Олексійович","Матюха
Валерія
Валеріївна","Неживий
Леонід
Михайлович","Петров
Олег
Борисович","Петров
Олег
Володимирович","Рибаков
Ігор
Олександрович","Шаповал
Петро
Дмитрович","Юхименко
Сергій
Володимирович","Дата підписання протоколу"
"000001","207","Чернігівська область","кімната медичної частини
вул.Коротченка, 31, м.Новгород-Сіверський, Чернігвська обл., 16000","132","28","104","0","104","0","104","","0","104","0","104","9","95","10","9","7","3","12","9","9","5","5","17","5","4","29.10.12"
"740153","207","Чернігівська область","будинок культури, фойє
вул.Леніна, 8А, м.Городня, Городнянський р-н, Чернігівська обл., 15100","2130","1156","2113","42","938","36","974","","0","938","36","974","29","945","47","208","8","7","131","7","64","7","13","176","271","6","29.10.12"
"740154","207","Чернігівська область","спортивна школа, фойє
вул.1 Травня, 20, м.Городня, Городнянський р-н, Чернігівська обл., 15100","2064","976","2039","32","1068","20","1088","","0","1068","20","1088","45","1043","47","237","8","6","109","13","79","9","13","187","331","4","29.10.12"
"740155","207","Чернігівська область","клуб механічного заводу, глядацька зала
вул.Радянська, 110, м.Городня, Городнянський р-н, Чернігівська обл., 15100","2280","1186","2245","41","1067","27","1094","","0","1067","27","1094","42","1052","59","201","10","7","151","8","82","10","21","187","307","9","29.10.12"
"740156","207","Чернігівська область","районна гімназія, спортивна зала
вул.Чорноуса, 29, м.Городня, Городнянський р-н, Чернігівська обл., 15100","2100","1045","2046","36","1023","32","1055","","0","1023","32","1055","41","1014","63","184","11","4","162","4","56","9","19","167","330","5","02.11.12"
"740157","207","Чернігівська область","школа №2, спортивна зала
вул.Леніна, 4, м.Городня, Городнянський р-н, Чернігівська обл., 15100","2232","1247","2185","27","964","21","985","","0","964","21","985","27","958","43","197","9","10","136","9","64","8","15","188","276","3","29.10.12"
"740158","207","Чернігівська область","хлібоприймальне підприємство, зала засідань
вул.Вокзальна, 18, с.Вокзал-Городня, Городнянський р-н, Чернігівська обл., 15100","870","511","871","22","338","21","359","","0","338","21","359","8","351","15","78","3","4","52","5","36","0","8","80","67","3","03.11.12"
"740159","207","Чернігівська область","сільська рада, зала засідань
вул.Набережна, 7, с.Андріївка, Городнянський р-н, Чернігівська обл., 15124","120","49","113","13","61","10","71","","0","61","10","71","2","69","4","11","0","0","19","1","2","1","5","24","2","0","28.10.12"
"740160","207","Чернігівська область","школа, кабінет історії
вул.Червоноармійська, 40, с.Автуничі, Городнянський р-н, Чернігівська обл., 15124","240","61","235","25","157","22","179","","0","157","22","179","10","169","13","17","3","2","28","0","9","1","4","78","14","0","28.10.12"
"740161","207","Чернігівська область","сільський клуб, глядацька зала
вул.Леніна, 70, с.Старосілля, Городнянський р-н, Чернігівська обл., 15124","180","61","174","26","97","22","119","","0","97","22","119","5","114","6","17","3","1","21","2","9","1","7","33","9","5","28.10.12"
"740162","207","Чернігівська область","будинок культури, глядацька зала
вул.Центральна, 27, с.Бурівка, Городнянський р-н, Чернігівська обл., 15143","432","154","424","56","224","54","278","","0","224","54","278","46","232","14","23","1","1","36","1","6","8","18","83","39","2","28.10.12"
"740163","207","Чернігівська область","будинок культури, глядацька зала
вул.Димитрова, 56, с.Бутівка, Городнянський р-н, Чернігівська обл., 15135","204","72","192","14","120","12","132","","0","120","12","132","7","125","8","5","1","0","25","1","5","2","4","55","18","1","28.10.12"
"740164","207","Чернігівська область","сільський клуб, глядацька зала
вул.Гагаріна, 2, с.Здрягівка, Городнянський р-н, Чернігівська обл., 15135","138","32","135","32","74","32","106","","0","74","32","106","2","104","3","17","0","1","8","1","7","0","3","50","14","0","28.10.12"
"740165","207","Чернігівська область","сільська рада, зала засідань
вул.Леніна, 1, с.Ваганичі, Городнянський р-н, Чернігівська обл., 15130","276","93","276","31","152","31","183","","0","152","31","183","9","174","16","8","1","1","65","3","1","2","3","60","13","1","28.10.12"
"740166","207","Чернігівська область","сільський клуб, глядацька зала
пров.Набережний, 2, с.Великий Дирчин, Городнянський р-н, Чернігівська обл., 15171","348","118","296","51","189","41","230","","0","189","41","230","6","224","8","63","1","0","19","2","6","10","9","71","35","0","28.10.12"
"740167","207","Чернігівська область","будинок культури, глядацька зала
вул.1 Травня, 58, с Великий Листвен, Городнянський р-н, Чернігівська обл., 15160","474","125","470","60","295","54","349","","0","295","54","349","10","339","24","64","3","1","69","4","12","2","5","108","46","1","28.10.12"
"740168","207","Чернігівська область","будинок культури, танцювальна зала
вул.Леніна, 96, с.Вихвостів, Городнянський р-н, Чернігівська обл., 15151","684","375","679","39","278","31","309","","0","278","31","309","5","304","14","21","1","2","36","2","6","4","8","194","12","4","28.10.12"
"740169","207","Чернігівська область","будинок культури, фойє
вул.Леніна, 184, с.Володимирівка, Городнянський р-н, Чернігівська обл., 15115","330","93","320","67","174","63","237","","0","174","63","237","13","224","11","31","3","1","56","1","9","4","7","85","14","2","02.11.12"
"740170","207","Чернігівська область","сільська рада, зала засідань
вул.Перемоги, 9, с.Гніздище, Городнянський р-н, Чернігівська обл., 15100","180","52","178","22","109","19","128","","0","109","19","128","3","125","9","57","1","1","14","1","3","0","3","30","6","0","03.11.12"
"740171","207","Чернігівська область","школа, коридор
вул.Леніна, 101, с.Деревини, Городнянський р-н, Чернігівська обл., 15110","852","589","417","59","205","58","263","","0","205","58","263","10","253","7","24","2","3","41","2","13","2","5","134","19","1","02.11.12"
"740172","207","Чернігівська область","сільська рада, зала засідань
вул.Перемоги, 4, с.Дроздовиця, Городнянський р-н, Чернігівська обл., 15132","306","107","296","64","138","61","199","","0","138","61","199","3","196","4","40","4","1","35","0","6","7","2","76","17","4","28.10.12"
"740173","207","Чернігівська область","сільський клуб, глядацька зала
вул.Леніна, 72, с.Ільмівка, Городнянський р-н, Чернігівська обл., 15113","324","137","308","50","144","43","187","","0","144","43","187","5","182","12","22","3","0","52","1","3","1","7","48","30","3","28.10.12"
"740174","207","Чернігівська область","сільська рада, зала засідань
вул.Капшука, 1, с.Івашківка, Городнянський р-н, Чернігівська обл., 15152","522","231","510","66","237","54","291","","0","237","54","291","16","275","22","36","2","2","31","3","15","8","9","124","23","0","28.10.12"
"740175","207","Чернігівська область","будинок культури, глядацька зала
вул.Щорса, 73, с.Конотоп, Городнянський р-н, Чернігівська обл., 15170","390","117","378","33","242","31","273","","0","242","31","273","3","270","10","105","1","0","22","1","5","2","6","94","24","0","28.10.12"
"740176","207","Чернігівська область","КП ""Кузничі"", зала засідань
вул.60 років Жовтня, 6, с.Кузничі, Городнянський р-н, Чернігівська обл., 15134","198","76","194","23","101","21","122","","0","101","21","122","0","122","3","12","6","1","21","1","9","1","6","43","19","0","28.10.12"
"740177","207","Чернігівська область","школа, кабінет початкових класів
вул.Леніна, 74, с.Куликівка, Городнянський р-н, Чернігівська обл., 15153","342","90","335","41","211","41","252","","0","211","41","252","9","243","23","46","3","2","27","3","15","3","5","93","17","6","29.10.12"
"740178","207","Чернігівська область","будинок культури, глядацька зала
вул.Попудренка, 45, с.Лемешівка, Городнянський р-н, Чернігівська обл., 15121","360","130","354","48","195","35","230","","0","195","35","230","10","220","10","43","4","3","52","2","10","2","6","67","21","0","29.10.12"
"740179","207","Чернігівська область","будинок культури, кабінет завідувача
вул.Леніна, 54, с.Макишин, Городнянський р-н, Чернігівська обл., 15172","672","230","656","120","328","114","442","","0","328","114","442","19","423","45","70","6","6","41","4","41","3","10","147","44","6","03.11.12"
"740180","207","Чернігівська область","сільський клуб, глядацька зала
вул.Горького, 30, с.Моложава, Городнянський р-н, Чернігівська обл., 15140","210","67","204","28","116","27","143","","0","116","27","143","14","129","3","34","2","1","13","2","6","7","1","55","5","0","29.10.12"
"740181","207","Чернігівська область","сільський клуб, глядацька зала
вул.Леніна, 23, с.Невкля, Городнянський р-н, Чернігівська обл., 15140","222","41","216","21","161","20","181","","0","161","20","181","7","174","7","39","1","0","14","1","5","4","10","79","12","2","28.10.12"
"740182","207","Чернігівська область","будинок культури, глядацька зала
вул.Лугова, 17, с.Мощенка, Городнянський р-н, Чернігівська обл., 15125","414","141","406","52","229","44","273","","0","229","44","273","16","257","14","42","10","2","92","2","8","1","3","59","24","0","28.10.12"
"740183","207","Чернігівська область","будинок культури, глядацька зала
вул.Гагаріна, 19, с.Пекурівка, Городнянський р-н, Чернігівська обл., 15162","378","108","371","38","233","37","270","","0","233","37","270","10","260","14","113","3","1","24","1","1","1","9","67","26","0","28.10.12"
"740184","207","Чернігівська область","школа, кабінет географії
вул.Піонерська, 2, с.Перепис, Городнянський р-н, Чернігівська обл., 15111","300","116","286","44","147","37","184","","0","147","37","184","6","178","10","23","2","0","42","0","10","4","9","59","19","0","29.10.12"
"740185","207","Чернігівська область","бібліотека, читальна зала
вул.Леніна, 4, с.Кусії, Городнянський р-н, Чернігівська обл., 15111","84","30","82","22","38","16","54","","0","38","16","54","1","53","2","11","3","0","4","2","2","3","1","21","3","1","28.10.12"
"740186","207","Чернігівська область","сільський клуб, глядацька зала
вул.Садова, 7, с.Полісся, Городнянський р-н, Чернігівська обл., 15135","216","60","211","21","140","16","156","","0","140","16","156","6","150","18","26","2","1","25","1","3","1","4","54","14","1","28.10.12"
"740187","207","Чернігівська область","будинок культури, гостинна
вул.Шевченка, 1, с.Сеньківка, Городнянський р-н, Чернігівська обл., 15125","168","58","166","25","87","23","110","","0","87","23","110","3","107","5","9","0","1","24","1","5","1","5","44","12","0","28.10.12"
"740188","207","Чернігівська область","сільський клуб, глядацька зала
вул.Чернігівська, 16, с.Смичин, Городнянський р-н, Чернігівська обл., 15163","438","149","429","47","244","45","289","","0","244","45","289","10","279","25","54","1","2","38","2","21","1","5","102","28","0","28.10.12"
"740189","207","Чернігівська область","будинок культури, фойє
вул.Маркова, 104, с.Дібрівне, Городнянський р-н, Чернігівська обл., 15163","498","196","491","42","266","36","302","","0","266","36","302","12","290","33","34","5","3","51","4","16","2","6","94","39","3","29.10.12"
"740190","207","Чернігівська область","сільський клуб, глядацька зала
вул.Святомиколаївська, 71, с.Солонівка, Городнянський р-н, Чернігівська обл., 15124","300","113","300","24","170","17","187","","0","170","17","187","8","179","9","16","3","1","38","3","5","0","7","75","21","1","29.10.12"
"740191","207","Чернігівська область","контора СТОВ ""Тупичівське"", зала засідань
вул.Чернігівська, 8, с.Тупичів, Городнянський р-н, Чернігівська обл., 15150","1596","820","1560","89","705","71","776","","0","705","71","776","26","750","79","110","8","5","112","9","63","7","15","260","74","8","29.10.12"
"740192","207","Чернігівська область","будинок культури, глядацька зала
вул.Леніна, 53, с.Хоробичі, Городнянський р-н, Чернігівська обл., 15122","390","148","370","38","207","35","242","","0","207","35","242","9","233","9","15","4","3","41","1","12","0","2","133","13","0","28.10.12"
"740193","207","Чернігівська область","сільська рада, зала засідань
вул.Попудренка, 46, с.Хотівля, Городнянський р-н, Чернігівська обл., 15133","336","127","330","55","164","45","209","","0","164","45","209","5","204","11","43","0","3","20","2","7","1","7","60","49","1","29.10.12"
"740194","207","Чернігівська область","сільський клуб, глядацька зала
вул.Леніна, 11, с.Хрипівка, Городнянський р-н, Чернігівська обл., 15100","486","215","481","49","230","41","271","","0","230","41","271","8","263","13","30","5","0","58","2","15","3","4","87","41","5","28.10.12"
"740195","207","Чернігівська область","фельдшерський пункт, фізкабінет
вул.Лісова, 2, с.Півнівщина, Городнянський р-н, Чернігівська обл., 15100","276","122","266","36","120","34","154","","0","120","34","154","8","146","17","14","3","1","27","3","6","3","7","33","26","6","28.10.12"
"740196","207","Чернігівська область","Городнянська центральна районна лікарня, фойє
вул.Лісова, 2, м.Городня, Городнянський р-н, Чернігівська обл., 15100","204","162","51","20","23","19","42","","0","23","19","42","0","42","0","7","0","0","6","0","4","0","1","16","7","1","28.10.12"
"740326","207","Чернігівська область","селищна рада, актова зала, 2-й поверх
вул.Горького, 9, смт Короп, Коропський р-н, Чернігівська обл., 16200","2106","844","2063","34","1237","25","1262","","0","1237","25","1262","33","1229","51","143","21","231","66","16","88","10","75","380","144","4","31.10.12"
"740327","207","Чернігівська область","будинок культури, коридор
вул.Горького, 4, смт Короп, Коропський р-н, Чернігівська обл., 16200","2262","887","2240","53","1333","42","1375","","0","1333","42","1375","37","1338","43","169","11","269","64","12","77","17","74","452","146","4","29.10.12"
"740328","207","Чернігівська область","будинок культури, коридор
вул.Московська, 6, смт Понорниця, Коропський р-н, Чернігівська обл., 16220","1098","387","1085","45","667","44","711","","0","667","44","711","29","682","67","61","0","59","40","4","72","20","32","296","31","0","29.10.12"
"740329","207","Чернігівська область","будівля торгового центру, актова зала, 2-й поверх
вул.Московська, 31, смт Понорниця, Коропський р-н, Чернігівська обл., 16220","906","375","888","50","486","45","531","","0","486","45","531","19","512","51","40","3","40","59","2","52","17","24","200","12","12","29.10.12"
"740330","207","Чернігівська область","будинок культури, актова зала
вул.Чкалова, 2, с.Атюша, Коропський р-н, Чернігівська обл., 16261","1134","456","1113","95","593","85","678","","0","593","85","678","24","654","45","39","1","22","132","11","20","3","16","264","98","3","28.10.12"
"740331","207","Чернігівська область","сільський клуб, коридор
вул.Маліновського, 61, с.Пуста Гребля, Коропський р-н, Чернігівська обл., 16261","198","50","193","31","119","29","148","","0","119","29","148","5","143","12","9","2","11","32","0","5","2","0","62","8","0","28.10.12"
"740332","207","Чернігівська область","будинок культури, коридор
вул.ім. Кудрата Суюнова, 98, с.Будище, Коропський р-н, Чернігівська обл., 16224","216","67","213","27","126","23","149","","0","126","23","149","6","143","18","10","2","3","21","2","11","3","8","59","4","2","29.10.12"
"740333","207","Чернігівська область","будинок культури, актова зала
вул.ім. Шевченка, 53, с.Верба, Коропський р-н, Чернігівська обл., 16222","564","162","552","74","333","69","402","","0","333","69","402","13","389","27","36","7","8","48","6","19","7","11","191","23","6","29.10.12"
"740334","207","Чернігівська область","сільський клуб, коридор
вул.ім. Івана Кулика, 59, с.Осьмаки, Коропський р-н, Чернігівська обл., 16222","150","43","148","30","78","29","107","","0","78","29","107","1","106","5","1","1","0","13","1","1","2","4","70","5","3","28.10.12"
"740335","207","Чернігівська область","сільська рада, коридор
вул.Гагаріна, 48, с.Вільне, Коропський р-н, Чернігівська обл., 16234","414","121","402","46","251","42","293","","0","251","42","293","1","292","5","15","2","40","14","3","12","5","12","169","15","0","28.10.12"
"740336","207","Чернігівська область","школа, коридор
вул.Центральна, 43А, с.Вишеньки, Коропський р-н, Чернігівська обл., 16231","468","130","459","46","298","40","338","","0","298","40","338","5","333","5","12","1","146","29","1","5","3","29","82","17","3","28.10.12"
"740337","207","Чернігівська область","сільська рада, актова зала
вул.Гагаріна, 2, с.Городище, Коропський р-н, Чернігівська обл., 16225","246","66","235","18","167","13","180","","0","167","13","180","9","171","6","17","10","21","30","3","20","2","6","42","8","6","28.10.12"
"740338","207","Чернігівська область","сільський клуб, коридор
вул.Космонавтів, 9, с.Придеснянське, Коропський р-н, Чернігівська обл., 16225","126","40","121","21","67","19","86","","0","67","19","86","5","81","4","10","1","19","9","0","2","2","4","27","3","0","28.10.12"
"740339","207","Чернігівська область","школа, коридор
вул.Першотравнева, 2, с.Жовтневе, Коропський р-н, Чернігівська обл., 16260","1092","405","1065","102","602","85","687","","0","602","85","687","16","671","12","19","0","8","27","4","7","1","11","72","508","2","29.10.12"
"740340","207","Чернігівська область","школа, спортивний зал
вул.Центральна, 16А, с.Карильське, Коропський р-н, Чернігівська обл., 16251","624","182","611","97","345","97","442","","0","345","97","442","18","424","17","59","2","21","47","2","25","7","10","192","42","0","03.11.12"
"740341","207","Чернігівська область","будинок культури, актова зала
вул.Центральна, 52, с.Краснопілля, Коропський р-н, Чернігівська обл., 16250","396","97","385","71","234","65","299","","0","234","65","299","9","290","7","15","6","23","40","6","14","7","12","136","23","1","29.10.12"
"740342","207","Чернігівська область","будинок культури, коридор
вул.Шкільна, 4, с.Криски, Коропський р-н, Чернігівська обл., 16213","660","295","648","34","337","28","365","","0","337","28","365","15","350","31","43","10","29","45","0","30","5","14","50","92","1","03.11.12"
"740343","207","Чернігівська область","будинок культури, коридор
вул.Леніна, 1, с.Іваньків, Коропський р-н, Чернігівська обл., 16214","420","144","410","59","221","55","276","","0","221","55","276","5","271","4","10","5","18","32","1","8","1","3","51","137","1","29.10.12"
"740344","207","Чернігівська область","школа, коридор
вул.Миру, 39, с.Лукнове, Коропський р-н, Чернігівська обл., 16233","396","122","389","22","257","17","274","","0","257","17","274","5","269","4","13","5","30","32","2","12","5","9","152","5","0","28.10.12"
"740345","207","Чернігівська область","школа, кл.1
вул.Кибальчича, 10, с.Мезин, Коропський р-н, Чернігівська обл., 16210","282","75","278","29","179","28","207","","0","179","28","207","4","203","12","15","5","9","21","1","22","3","2","97","14","2","29.10.12"
"740346","207","Чернігівська область","будинок культури, актова зала
вул.Центральна, 34, с.Нехаївка, Коропський р-н, Чернігівська обл., 16243","1194","422","1178","143","641","131","772","","0","641","131","772","25","747","126","69","8","63","115","8","9","9","14","249","70","7","28.10.12"
"740347","207","Чернігівська область","школа, коридор
вул.Зудихіна, 1, с.Оболоння, Коропський р-н, Чернігівська обл., 16223","588","187","570","84","325","76","401","","0","325","76","401","20","381","30","23","3","34","49","10","50","6","8","143","20","5","29.10.12"
"740348","207","Чернігівська область","будинок культури, актова зала
вул.Перемоги, 93, с.Покошичі, Коропський р-н, Чернігівська обл., 16211","600","146","583","54","403","51","454","","0","403","51","454","3","451","17","26","0","6","45","6","25","7","15","286","15","3","29.10.12"
"740349","207","Чернігівська область","будинок культури, коридор
вул.Леніна, 18, с.Пролетарське, Коропський р-н, Чернігівська обл., 16262","360","103","355","38","225","32","257","","0","225","32","257","6","251","25","18","2","10","19","3","15","8","4","136","10","1","29.10.12"
"740350","207","Чернігівська область","сільський клуб, коридор
вул.Братів Кот, 29, с.Горохове, Коропський р-н, Чернігівська обл., 16262","168","58","160","32","79","31","110","","0","79","31","110","5","105","10","12","3","1","13","1","3","1","7","47","6","1","29.10.12"
"740351","207","Чернігівська область","сільська рада, актова зала
вул.Корди, 82, с.Радичів, Коропський р-н, Чернігівська обл., 16215","498","144","494","37","318","36","354","","0","318","36","354","13","341","15","66","3","3","35","4","53","9","8","123","18","4","28.10.12"
"740352","207","Чернігівська область","школа, коридор
вул.Нахімова, 1, с.Райгородок, Коропський р-н, Чернігівська обл., 16232","222","58","221","26","138","26","164","","0","138","26","164","4","160","5","16","1","8","36","2","4","1","4","72","8","3","28.10.12"
"740353","207","Чернігівська область","сільський клуб, актова зала
вул.Незалежності, 3, с.Жернівка, Коропський р-н, Чернігівська обл., 16232","102","24","99","11","68","10","78","","0","68","10","78","3","75","1","13","0","4","16","1","2","0","6","28","4","0","28.10.12"
"740354","207","Чернігівська область","будинок культури, актова зала
вул.Зої Космодем’янської, 13, с.Риботин, Коропський р-н, Чернігівська обл., 16240","756","233","742","50","475","48","523","","0","475","48","523","26","497","26","42","3","131","38","3","17","4","6","190","35","2","28.10.12"
"740355","207","Чернігівська область","будинок культури, коридор
вул.Центральна, 21, с.Рижки, Коропський р-н, Чернігівська обл., 16244","216","62","209","32","125","29","154","","0","125","29","154","2","152","7","21","3","0","22","1","0","3","6","78","10","1","28.10.12"
"740356","207","Чернігівська область","сільська рада, актова зала
вул.Перемоги, 47А, с.Розльоти, Коропський р-н, Чернігівська обл., 16230","174","33","166","21","120","21","141","","0","120","21","141","11","130","12","8","3","2","22","1","4","1","16","55","1","5","28.10.12"
"740357","207","Чернігівська область","будинок культури, коридор
вул.Свердлова, 60, с.Свердловка, Коропський р-н, Чернігівська обл., 16212","480","124","468","32","326","30","356","","0","326","30","356","13","343","43","30","3","15","33","2","40","5","7","156","7","2","29.10.12"
"740358","207","Чернігівська область","школа, кл.3
вул.Шкільна, 2, с.Сохачі, Коропський р-н, Чернігівська обл., 16241","456","131","452","48","282","43","325","","0","282","43","325","9","316","14","34","2","47","51","5","32","3","14","93","17","4","29.10.12"
"740359","207","Чернігівська область","будинок культури, актова зала
вул.Молодіжна, 7, с.Червоне, Коропський р-н, Чернігівська обл., 16252","576","129","556","68","381","66","447","","0","381","66","447","16","431","12","18","4","11","52","2","8","5","12","250","56","1","28.10.12"
"740360","207","Чернігівська область","будинок культури, коридор
вул.Леніна, 158, с.Шабалинів, Коропський р-н, Чернігівська обл., 16242","1080","378","1059","116","601","101","702","","0","601","101","702","18","684","84","70","3","41","74","6","19","8","8","325","41","5","29.10.12"
"740361","207","Чернігівська область","центральна районна лікарня, коридор, 1-й поверх
вул.Чернігівська, 56, смт Короп, Коропський р-н, Чернігівська обл., 16200","186","174","17","8","4","8","12","","0","4","8","12","0","12","0","1","0","1","0","0","0","0","0","6","4","0","28.10.12"
"740362","207","Чернігівська область","Громадська організація ""Будинок культури"", коридор
вул.Шевченка, 73А, м.Корюківка, Корюківський р-н, Чернігівська обл., 15300","1374","534","1345","24","818","22","840","","0","818","22","840","18","822","13","56","5","6","77","23","296","6","21","302","10","7","29.10.12"
"740363","207","Чернігівська область","школа №1, коридор початкових класів, 1-й поверх
вул.Шевченка, 54, м.Корюківка, Корюківський р-н, Чернігівська обл., 15300","1344","494","1322","21","830","20","850","","0","830","20","850","20","830","19","59","4","1","69","16","309","4","29","306","10","4","29.10.12"
"740364","207","Чернігівська область","школа мистецтв, фойє, 2-й поверх
вул.Карла Маркса, 8, м.Корюківка, Корюківський р-н, Чернігівська обл., 15300","1578","682","1558","51","845","51","896","","0","845","51","896","14","882","22","56","5","1","68","29","290","8","26","363","8","6","29.10.12"
"740365","207","Чернігівська область","школа №4, фойє
вул.Шевченка, 116А, м.Корюківка, Корюківський р-н, Чернігівська обл., 15300","1866","845","1837","18","1005","16","1021","","0","1005","16","1021","15","1006","20","71","6","2","77","30","411","11","30","332","11","5","29.10.12"
"740366","207","Чернігівська область","ПАТ ""ЧЕРНІГІВОБЛЕНЕРГО"" відокремлений підрозділ Корюківський РЕМ , зала засідань, 2-й поверх
вул.Галини Костюк, 41, м.Корюківка, Корюківський р-н, Чернігівська обл., 15300","1374","639","1340","20","715","20","735","","0","715","20","735","27","708","34","40","6","2","54","29","256","5","12","261","4","5","29.10.12"
"740367","207","Чернігівська область","райавтодор, зала засідань
вул.Куйбишева, 1, м.Корюківка, Корюківський р-н, Чернігівська обл., 15300","1554","639","1546","25","891","24","915","","0","891","24","915","23","892","28","53","8","5","75","22","326","6","19","341","7","2","29.10.12"
"740368","207","Чернігівська область","школа №3, коридор
вул.Дудка, 66, м.Корюківка, Корюківський р-н, Чернігівська обл., 15300","1596","726","1573","27","844","26","870","","0","844","26","870","21","849","19","38","7","3","71","17","377","5","27","277","7","1","29.10.12"
"740369","207","Чернігівська область","селищна рада, зала засідань
вул.Островського, 1, смт Холми, Корюківський р-н, Чернігівська обл., 15331","1092","380","1079","102","621","91","712","","0","621","91","712","33","679","48","88","10","3","111","17","83","17","36","251","9","6","29.10.12"
"740370","207","Чернігівська область","будинок культури, фойє
вул.Леніна, 105, смт Холми, Корюківський р-н, Чернігівська обл., 15331","1134","416","1116","34","684","34","718","","0","684","34","718","26","692","55","89","5","5","121","7","135","16","26","215","11","7","29.10.12"
"740371","207","Чернігівська область","будинок культури, актова зала
вул.Шевченка, 22, с.Білошицька Слобода, Корюківський р-н, Чернігівська обл., 15320","438","123","421","23","297","18","315","","0","297","18","315","10","305","18","31","4","2","42","6","22","11","11","148","6","4","29.10.12"
"740372","207","Чернігівська область","школа, коридор
вул.Шкільна, 20, с.Соснівка, Корюківський р-н, Чернігівська обл., 15341","402","156","400","41","205","41","246","","0","205","41","246","5","241","15","21","2","0","41","3","32","2","9","113","2","1","29.10.12"
"740373","207","Чернігівська область","сільський клуб, актова зала
вул.Шкільна, 7, с.Бреч, Корюківський р-н, Чернігівська обл., 15361","318","131","311","16","175","12","187","","0","175","12","187","4","183","4","10","3","1","47","3","23","5","3","78","4","2","29.10.12"
"740374","207","Чернігівська область","сільський клуб, актова зала
вул.Центральна, 8, с.Домашлин, Корюківський р-н, Чернігівська обл., 15362","318","79","312","37","206","33","239","","0","206","33","239","3","236","3","11","1","0","33","1","28","0","7","151","0","1","29.10.12"
"740375","207","Чернігівська область","сільський клуб, актова зала
вул.Центральна, 23А, с.Жукля, Корюківський р-н, Чернігівська обл., 15334","300","89","295","19","196","15","211","","0","196","15","211","7","204","8","20","2","1","31","4","29","6","16","78","5","4","29.10.12"
"740376","207","Чернігівська область","сільська рада, зала засідань
вул.Незалежності, 28, с.Козилівка, Корюківський р-н, Чернігівська обл., 15332","984","494","961","91","431","59","490","","0","431","59","490","11","479","48","74","11","3","84","12","80","22","27","104","8","6","29.10.12"
"740377","207","Чернігівська область","будинок культури, танцювальна зала
вул.Шевченка, 66А, с.Наумівка, Корюківський р-н, Чернігівська обл., 15314","1212","500","1185","81","642","70","712","","0","642","70","712","28","684","33","64","12","6","119","8","123","13","21","270","12","3","29.10.12"
"740378","207","Чернігівська область","сільська рада, зала засідань
вул.Гагаріна, 29, с.Забарівка, Корюківський р-н, Чернігівська обл., 15342","468","172","464","42","259","37","296","","0","259","37","296","3","293","10","29","2","2","80","3","34","2","11","116","3","1","29.10.12"
"740379","207","Чернігівська область","сільський клуб, актова зала
вул.Центральна, 5, с.Камка, Корюківський р-н, Чернігівська обл., 15331","174","53","164","16","107","14","121","","0","107","14","121","4","117","1","23","3","1","18","1","17","4","11","34","3","1","28.10.12"
"740380","207","Чернігівська область","будинок культури, фойє
вул.Центральна, 120, с.Олександрівка, Корюківський р-н, Чернігівська обл., 15352","636","223","616","71","353","60","413","","0","353","60","413","14","399","11","32","8","3","83","6","38","7","13","190","3","5","29.10.12"
"740381","207","Чернігівська область","будинок культури, фойє
вул.Шевченка, 71, с.Охрамієвичі, Корюківський р-н, Чернігівська обл., 15313","636","258","621","25","353","25","378","","0","353","25","378","9","369","20","17","3","2","60","3","48","9","9","93","4","101","29.10.12"
"740382","207","Чернігівська область","будинок культури, актова зала
вул.Шевченко, 5, с.Перелюб, Корюківський р-н, Чернігівська обл., 15312","642","170","637","54","420","52","472","","0","420","52","472","18","454","27","43","10","0","94","11","54","4","14","188","4","5","29.10.12"
"740383","207","Чернігівська область","будинок культури, фойє
вул.Центральна, 2, с.Прибинь, Корюківський р-н, Чернігівська обл., 15311","396","90","390","41","271","35","306","","0","271","35","306","14","292","5","20","2","0","61","1","26","2","4","159","3","9","29.10.12"
"740384","207","Чернігівська область","сільська рада, зала засідань
вул.Шевченка, 6, с.Рейментарівка, Корюківський р-н, Чернігівська обл., 15335","270","77","257","22","173","20","193","","0","173","20","193","10","183","6","8","1","0","55","3","14","3","9","79","5","0","29.10.12"
"740385","207","Чернігівська область","сільська рада, кабінет голови
вул.Зелена, 37, с.Рибинськ, Корюківський р-н, Чернігівська обл., 15321","456","205","453","21","230","21","251","","0","230","21","251","9","242","9","16","9","2","76","3","35","7","14","67","1","3","29.10.12"
"740386","207","Чернігівська область","будинок культури, фойє
вул.Лесі Українки, 3, с.Савинки, Корюківський р-н, Чернігівська обл., 15360","414","112","413","36","270","32","302","","0","270","32","302","2","300","9","10","1","0","42","3","41","6","7","179","2","0","29.10.12"
"740387","207","Чернігівська область","будинок культури, актова зала
вул.Генерала Білого, 84, с.Сядрине, Корюківський р-н, Чернігівська обл., 15323","786","281","776","56","452","53","505","","0","452","53","505","14","491","18","48","3","4","68","12","109","14","23","182","6","4","29.10.12"
"740388","207","Чернігівська область","сільська рада, зала засідань
вул.Богдана Хмельницького, 56, с.Тютюнниця, Корюківський р-н, Чернігівська обл., 15350","270","97","263","43","138","35","173","","0","138","35","173","2","171","3","12","1","0","18","2","50","3","2","79","0","1","02.11.12"
"740389","207","Чернігівська область","сільський клуб, актова зала
вул.Шевченка, 42А, с.Сахутівка, Корюківський р-н, Чернігівська обл., 15351","252","75","244","37","146","31","177","","0","146","31","177","6","171","13","22","2","1","19","2","30","3","8","67","2","2","29.10.12"
"740390","207","Чернігівська область","сільський клуб, актова зала
вул.Довженко, 9Б, с.Хотіївка, Корюківський р-н, Чернігівська обл., 15360","204","66","195","25","115","23","138","","0","115","23","138","4","134","8","6","0","0","34","1","16","4","7","54","3","1","29.10.12"
"740391","207","Чернігівська область","сільський клуб, фойє
вул.Центральна, 13, с.Шишківка, Корюківський р-н, Чернігівська обл., 15310","318","73","303","46","201","44","245","","0","201","44","245","7","238","4","17","3","0","55","11","13","3","8","116","5","3","28.10.12"
"740392","207","Чернігівська область","Корюківська центральна районна лікарня, кабінет лікувальної фізкультури, 1-й поверх
вул.Шевченка, 101, м.Корюківка, Корюківський р-н, Чернігівська обл., 15300","210","136","180","6","69","5","74","","0","69","5","74","0","74","5","7","0","0","4","2","17","1","3","31","2","2","28.10.12"
"740502","207","Чернігівська область","сільська рада, к.1
вул.Польова, 1, с.Березова Гать, Новгород-Сіверський р-н, Чернігівська обл., 16052","102","23","99","16","65","14","79","","0","65","14","79","5","74","0","4","0","0","15","0","1","0","5","44","5","0","29.10.12"
"740503","207","Чернігівська область","будинок культури, актова зала
вул.Свободи, 80, с.Бирине, Новгород-Сіверський р-н, Чернігівська обл., 16034","630","200","612","63","372","58","430","","0","372","58","430","15","415","7","20","4","1","54","11","7","6","3","295","6","1","29.10.12"
"740504","207","Чернігівська область","будинок культури, фойє
вул.Б.Хмельницького, 51, с.Блистова, Новгород-Сіверський р-н, Чернігівська обл., 16071","480","99","474","43","338","43","381","","0","338","43","381","11","370","11","11","8","1","70","0","7","15","7","221","17","2","29.10.12"
"740505","207","Чернігівська область","сільський клуб, коридор
вул.Шевченка, 95, с.Слобідка, Новгород-Сіверський р-н, Чернігівська обл., 16072","468","121","469","34","315","32","347","","0","315","32","347","28","319","21","46","3","5","38","3","18","8","3","160","11","3","29.10.12"
"740506","207","Чернігівська область","будинок культури, фойє
вул.Леніна, 2, с.Будо-Вороб’ївська, Новгород-Сіверський р-н, Чернігівська обл., 16012","372","97","357","40","236","39","275","","0","236","39","275","6","269","3","5","3","0","44","1","1","8","2","199","3","0","29.10.12"
"740507","207","Чернігівська область","сільська рада, к.1
вул.Першого Травня, 69, с.Бучки, Новгород-Сіверський р-н, Чернігівська обл., 16010","162","48","161","21","94","20","114","","0","94","20","114","3","111","2","3","2","2","20","0","3","3","6","66","2","2","28.10.12"
"740508","207","Чернігівська область","будинок культури, актова зала
вул.Червоних партизан, 4, с.Вороб’ївка, Новгород-Сіверський р-н, Чернігівська обл., 16013","444","135","422","58","256","53","309","","0","256","53","309","7","302","11","23","4","0","34","7","7","3","3","207","2","1","29.10.12"
"740509","207","Чернігівська область","сільська рада, к.1
вул.Шкільна, 310А, с.Юхнове, Новгород-Сіверський р-н, Чернігівська обл., 16062","384","116","373","74","201","67","268","","0","201","67","268","14","254","14","29","4","7","25","2","9","6","8","140","2","8","29.10.12"
"740510","207","Чернігівська область","будинок культури, фойє
вул.Леніна, 190, с.Грем’яч, Новгород-Сіверський р-н, Чернігівська обл., 16020","1050","442","1033","104","521","87","608","","0","521","87","608","21","587","24","29","5","7","100","2","31","7","7","356","14","5","29.10.12"
"740511","207","Чернігівська область","сільська рада, к.3
вул.Леніна, 50, с.Дігтярівка, Новгород-Сіверський р-н, Чернігівська обл., 16080","414","106","406","37","271","37","308","","0","271","37","308","10","298","11","13","9","3","57","3","15","7","4","164","11","1","29.10.12"
"740512","207","Чернігівська область","фельдшерсько-акушерський пункт, к.2
вул.Зелена, 2, с.Гірки, Новгород-Сіверський р-н, Чернігівська обл., 16091","138","33","131","19","88","17","105","","0","88","17","105","1","104","1","10","1","1","14","1","3","2","0","70","1","0","03.11.12"
"740513","207","Чернігівська область","школа, клас історії
вул.Шкільна, 18, с.Кам’янська Слобода, Новгород-Сіверський р-н, Чернігівська обл., 16021","240","80","224","33","132","28","160","","0","132","28","160","7","153","8","8","3","2","33","6","3","1","9","76","3","1","29.10.12"
"740514","207","Чернігівська область","школа, коридор
вул.ім.В.Живодера, 32, с.Камінь, Новгород-Сіверський р-н, Чернігівська обл., 16021","90","26","87","21","46","18","64","","0","46","18","64","1","63","4","11","1","0","10","1","1","2","3","28","2","0","29.10.12"
"740515","207","Чернігівська область","сільська рада, к.3
вул.ім.Кірова, 51, с.Кірове, Новгород-Сіверський р-н, Чернігівська обл., 16060","324","70","320","41","216","38","254","","0","216","38","254","4","250","9","13","5","0","37","4","4","4","3","159","11","1","29.10.12"
"740516","207","Чернігівська область","школа, коридор
вул.Селянська, 64, с.Стахорщина, Новгород-Сіверський р-н, Чернігівська обл., 16093","258","84","248","18","156","18","174","","0","156","18","174","8","166","10","7","2","3","28","1","10","3","5","73","23","1","29.10.12"
"740517","207","Чернігівська область","школа, актова зала
вул.Зелена, 12, с.Форостовичі, Новгород-Сіверський р-н, Чернігівська обл., 16025","108","26","101","13","69","13","82","","0","69","13","82","1","81","1","6","1","2","14","0","3","1","6","47","0","0","28.10.12"
"740518","207","Чернігівська область","сільський клуб, фойє
вул.Шевченка, 32Б, с.Ковпинка, Новгород-Сіверський р-н, Чернігівська обл., 16022","84","16","82","14","54","14","68","","0","54","14","68","1","67","2","7","1","0","17","1","4","1","1","31","2","0","28.10.12"
"740519","207","Чернігівська область","сільський клуб, фойє
вул.Молодіжна, 7, с.Будище, Новгород-Сіверський р-н, Чернігівська обл., 16022","168","70","168","15","87","11","98","","0","87","11","98","3","95","3","9","3","1","7","0","0","1","8","59","4","0","28.10.12"
"740520","207","Чернігівська область","будинок культури, актова зала
вул.Калиніна, 18А, с.Пушкарі, Новгород-Сіверський р-н, Чернігівська обл., 16022","264","81","259","20","170","13","183","","0","170","13","183","8","175","3","13","2","1","49","0","6","3","30","57","11","0","29.10.12"
"740521","207","Чернігівська область","будинок культури, к.3
вул.Ушинського, 10А, с.Комань, Новгород-Сіверський р-н, Чернігівська обл., 16061","252","101","238","46","111","40","151","","0","111","40","151","3","148","12","9","8","2","33","0","5","2","3","70","3","1","29.10.12"
"740522","207","Чернігівська область","сільська рада, к.21
вул.Молодіжна, 1А, с.Дробишів, Новгород- Сіверський р-н, Чернігівська обл., 16061","222","82","214","62","83","57","140","","0","83","57","140","0","140","8","13","1","1","23","0","12","0","2","77","2","1","29.10.12"
"740523","207","Чернігівська область","будинок культури, фойє
вул.Козацька, 56, с.Кудлаївка, Новгород-Сіверський р-н, Чернігівська обл., 16081","252","79","247","13","160","13","173","","0","160","13","173","9","164","28","11","8","0","28","2","7","1","5","69","5","0","29.10.12"
"740524","207","Чернігівська область","сільський клуб, фойє
вул.Визволителів, 36, с.Гнатівка, Новгород-Сіверський р-н, Чернігівська обл., 16081","96","19","90","8","69","8","77","","0","69","8","77","0","77","5","10","1","0","10","0","0","1","2","41","7","0","29.10.12"
"740525","207","Чернігівська область","будинок культури, танцювальна зала
вул.Нерушівка, 9, с.Ларинівка, Новгород-Сіверський р-н, Чернігівська обл., 16050","294","102","293","40","163","29","192","","0","163","29","192","6","186","4","4","2","0","63","4","1","0","1","104","3","0","28.10.12"
"740526","207","Чернігівська область","сільський клуб, актова зала
вул.Махлунівка, 10, с.Фаївка, Новгород-Сіверський р-н, Чернігівська обл., 16050","204","44","202","21","141","19","160","","0","141","19","160","10","150","17","7","4","2","11","1","1","2","8","83","13","1","29.10.12"
"740527","207","Чернігівська область","будинок культури, актова зала
вул.Центральна, 55, с.Лісконоги, Новгород-Сіверський р-н, Чернігівська обл., 16031","312","102","301","26","186","24","210","","0","186","24","210","8","202","17","13","12","1","64","4","5","5","6","71","1","3","28.10.12"
"740528","207","Чернігівська область","сільський клуб, актова зала
вул.Монастирська, 11, с.Рогівка, Новгород-Сіверський р-н, Чернігівська обл., 16031","222","61","214","15","147","14","161","","0","147","14","161","8","153","4","12","2","0","47","0","10","9","6","60","3","0","29.10.12"
"740529","207","Чернігівська область","будинок культури, актова зала
вул.Центральна, 92, с.Мамекине, Новгород-Сіверський р-н, Чернігівська обл., 16032","192","35","196","13","148","9","157","","0","148","9","157","7","150","4","3","3","2","13","2","0","1","4","118","0","0","29.10.12"
"740530","207","Чернігівська область","сільський клуб, фойє
вул.Дружби, 25, с.Леньків, Новгород-Сіверський р-н, Чернігівська обл., 16092","174","44","173","23","110","20","130","","0","110","20","130","6","124","10","12","2","1","32","1","5","3","0","57","1","0","29.10.12"
"740531","207","Чернігівська область","сільська рада, к.1
вул.Центральна, 50, с.Михальчина-Слобода, Новгород-Сіверський р-н, Чернігівська обл., 16015","222","52","214","15","156","14","170","","0","156","14","170","3","167","4","14","2","0","14","0","2","3","5","119","3","1","29.10.12"
"740532","207","Чернігівська область","сільський клуб, актова зала
вул.Леніна, 65, с.Об’єднане, Новгород-Сіверський р-н, Чернігівська обл., 16082","222","58","219","41","127","37","164","","0","127","37","164","0","164","6","3","4","0","24","0","8","2","4","109","4","0","29.10.12"
"740533","207","Чернігівська область","будинок культури, актова зала
вул.1-го Травня, 53, с.Студинка, Новгород-Сіверський р-н, Чернігівська обл., 16082","276","75","273","24","178","23","201","","0","178","23","201","8","193","4","14","6","0","31","0","0","4","8","118","8","0","29.10.12"
"740534","207","Чернігівська область","сільська рада, зал засідань
вул.Шевченка, 70, с.Орлівка, Новгород-Сіверський р-н, Чернігівська обл., 16070","720","252","701","55","426","42","468","","0","426","42","468","20","448","33","38","9","4","90","8","20","12","17","196","17","4","29.10.12"
"740535","207","Чернігівська область","фельдшерсько-акушерський пункт, к.2
вул.Лісова, 60, с.Ломанка, Новгород-Сіверський р-н, Чернігівська обл., 16070","108","46","95","15","51","11","62","","0","51","11","62","0","62","4","3","1","4","7","0","1","3","4","32","3","0","29.10.12"
"740536","207","Чернігівська область","будинок культури, актова зала
вул.Центральна, 73А, с.Печенюги, Новгород-Сіверський р-н, Чернігівська обл., 16040","456","136","449","36","287","33","320","","0","287","33","320","15","305","8","7","3","1","123","4","6","5","20","120","6","2","28.10.12"
"740537","207","Чернігівська область","будинок культури, коридор
вул.Спортивна, 5, с.Лизунівка, Новгород-Сіверський р-н, Чернігівська обл., 16041","258","83","255","20","158","17","175","","0","158","17","175","6","169","11","11","4","4","26","1","3","12","7","85","3","2","29.10.12"
"740538","207","Чернігівська область","будинок культури, фойє
вул.Радянська, 3, с.Попівка, Новгород-Сіверський р-н, Чернігівська обл., 16042","378","118","364","43","219","41","260","","0","219","41","260","7","253","3","23","2","0","57","6","5","5","10","94","47","1","29.10.12"
"740539","207","Чернігівська область","школа, спортивна зала
вул.Дружби, 29, с.Смяч, Новгород-Сіверський р-н, Чернігівська обл., 16030","318","70","311","34","214","34","248","","0","214","34","248","7","241","5","19","1","0","52","3","5","2","13","135","5","1","29.10.12"
"740540","207","Чернігівська область","будинок культури, фойє
вул.Кучми, 22, с.Чайкине, Новгород-Сіверський р-н, Чернігівська обл., 16014","366","92","361","48","230","44","274","","0","230","44","274","6","268","5","6","4","1","36","5","6","7","6","186","6","0","28.10.12"
"740541","207","Чернігівська область","сільський клуб, актова зала
вул.1 Травня, 22, с.Полюшкине, Новгород-Сіверський р-н, Чернігівська обл., 16014","90","17","86","9","65","8","73","","0","65","8","73","1","72","0","4","1","0","8","0","0","2","2","55","0","0","28.10.12"
"740542","207","Чернігівська область","сільський клуб, актова зала
вул.О.П.Довженко, 5, с.Шептаки, Новгород-Сіверський р-н, Чернігівська обл., 16033","450","142","436","69","247","61","308","","0","247","61","308","11","297","11","11","5","3","63","1","7","9","10","172","4","1","29.10.12"
"740543","207","Чернігівська область","Районний будинок культури, танцювальна зала
вул.Б.Майстренка, 4, м.Новгород-Сіверський, Новгород-Сіверський р-н, Чернігівська обл., 16000","2478","1156","2469","85","1248","74","1322","","0","1248","74","1322","44","1277","55","148","18","16","224","20","126","35","106","484","38","7","29.10.12"
"740544","207","Чернігівська область","гімназія №1, спортивна зала
вул.Б.Майстренка, 2, м.Новгород-Сіверський, Новгород-Сіверський р-н, Чернігівська обл., 16000","2358","1175","2303","61","1139","44","1183","","0","1139","44","1183","63","1120","60","100","14","13","163","23","118","29","104","420","70","6","29.10.12"
"740545","207","Чернігівська область","станція юних техніків, зал засідань
вул.Базарна, 24, м.Новгород-Сіверський, Новгород-Сіверський р-н, Чернігівська обл., 16000","2046","979","2013","87","995","72","1067","","0","995","72","1067","62","1005","34","85","6","15","165","14","123","27","85","395","46","10","29.10.12"
"740546","207","Чернігівська область","школа №2, спортивна зала
вул.Воровського, 1, м.Новгород-Сіверський, Новгород-Сіверський р-н, Чернігівська обл., 16000","2286","1259","2247","89","959","68","1027","","0","959","68","1027","28","999","46","96","19","7","147","14","105","45","104","370","35","11","29.10.12"
"740547","207","Чернігівська область","НВК ""Дзвіночок"", спортивна зала
вул.Чкалова, 7А, м.Новгород-Сіверський, Новгород-Сіверський р-н, Чернігівська обл., 16000","1560","761","1554","31","773","26","799","","0","773","26","799","40","759","38","70","6","6","132","11","87","27","67","268","37","10","29.10.12"
"740548","207","Чернігівська область","Новгород-Сіверська центральна районна лікарня ім.І.В. Буяльського, к.2
вул.ім. Шевченка, 17, м.Новгород-Сіверський, Новгород-Сіверський р-н, Чернігівська обл., 16000","228","184","54","44","2","42","44","","0","2","42","44","2","42","0","1","0","0","13","0","2","3","4","18","0","1","01.11.12"
"740549","207","Чернігівська область","Новгород-Сіверська установа виконання покарань №31, кімната виховної роботи
вул.Коротченка, 31, м.Новгород-Сіверський, Новгород-Сіверський р-н, Чернігівська обл., 16000","108","17","91","0","91","0","91","","0","91","0","91","13","78","11","8","4","9","2","5","15","2","1","12","4","5","29.10.12"
"740695","207","Чернігівська область","районний будинок культури, фойє
вул.Червона Площа, 7А, м.Семенівка, Семенівський р-н, Чернігівська обл., 15400","2238","1017","2202","70","1171","50","1221","","0","1171","50","1221","54","1167","55","126","6","12","206","22","147","29","122","389","45","8","29.10.12"
"740696","207","Чернігівська область","школа №3, коридор
вул.Шкільна, 98, м.Семенівка, Семенівський р-н, Чернігівська обл., 15400","1386","689","1365","34","663","34","697","","0","663","34","697","24","673","26","74","11","6","118","9","82","33","80","204","27","3","29.10.12"
"740697","207","Чернігівська область","школа №1, актова зала
пров.3-й Центральний, 2, м.Семенівка, Семенівський р-н, Чернігівська обл., 15400","2436","1271","2393","61","1112","53","1165","","0","1112","53","1165","32","1133","41","138","12","6","206","21","140","45","129","355","31","9","29.10.12"
"740698","207","Чернігівська область","школа №5, актова зала
пров.Квітковий, школа №5, м.Семенівка, Семенівський р-н, Чернігівська обл., 15400","876","401","862","31","445","30","475","","0","445","30","475","12","463","12","61","3","3","81","9","41","19","37","182","12","3","29.10.12"
"740699","207","Чернігівська область","Пісчанський будинок культури, актова зала
вул.Замістя, 136, м.Семенівка, Семенівський р-н, Чернігівська обл., 15400","594","269","578","39","287","38","325","","0","287","38","325","9","316","11","49","2","0","64","6","30","11","30","101","9","3","29.10.12"
"740700","207","Чернігівська область","будинок культури, методкабінет
вул.Заводська, 7, с.Кути Другі, Семенівський р-н, Чернігівська обл., 15400","162","72","166","3","87","3","90","","0","87","3","90","5","85","3","10","2","2","17","1","7","2","4","30","6","1","28.10.12"
"740701","207","Чернігівська область","школа, спортивна зала
вул.Першотравнева, 89, с.Архипівка, Семенівський р-н, Чернігівська обл., 15440","174","43","172","7","124","7","131","","0","124","7","131","3","128","2","34","2","1","22","3","7","6","12","36","3","0","28.10.12"
"740702","207","Чернігівська область","школа, к.2
вул.Заріччя, 14А, с.Леонівка, Семенівський р-н, Чернігівська обл., 15440","174","59","170","12","103","12","115","","0","103","12","115","5","110","4","17","1","0","11","2","3","8","19","39","5","1","28.10.12"
"740703","207","Чернігівська область","сільський клуб, актова зала
вул.Шевченка, 12, с.Галаганівка, Семенівський р-н, Чернігівська обл., 15441","228","69","224","26","134","25","159","","0","134","25","159","6","153","4","5","0","1","48","0","4","5","26","56","3","1","28.10.12"
"740704","207","Чернігівська область","сільська рада, зала засідань
вул.Центральна, 15, с.Жадове, Семенівський р-н, Чернігівська обл., 15461","822","264","808","44","514","44","558","","0","514","44","558","15","543","30","42","4","2","94","9","93","9","37","215","5","3","29.10.12"
"740705","207","Чернігівська область","контора СТОВ ім.Чкалова, актова зала
пров.Жовтневий, 12, с.Жадове, Семенівський р-н, Чернігівська обл., 15461","450","178","442","28","244","28","272","","0","244","28","272","6","266","11","19","4","0","60","2","52","12","19","80","6","1","28.10.12"
"740706","207","Чернігівська область","школа, к.1
вул.Центральна, 47, с.Довжик, Семенівський р-н, Чернігівська обл., 15461","114","27","107","6","81","6","87","","0","81","6","87","2","85","7","5","0","0","12","1","7","2","10","38","3","0","28.10.12"
"740707","207","Чернігівська область","контора асоціації ""Янжулівка"", велика зала
вул.Гагаріна, 15, с.Жовтневе, Семенівський р-н, Чернігівська обл., 15412","228","68","226","25","136","24","160","","0","136","24","160","4","156","0","5","2","0","22","0","54","1","9","57","4","2","28.10.12"
"740708","207","Чернігівська область","будинок культури, актова зала
вул.Центральна, 85В, с.Іванівка, Семенівський р-н, Чернігівська обл., 15432","588","237","576","24","327","24","351","","0","327","24","351","15","336","10","26","1","3","87","5","66","6","20","110","1","1","28.10.12"
"740709","207","Чернігівська область","сільський клуб, актова зала
вул.Центральна, 64, с.Карповичі, Семенівський р-н, Чернігівська обл., 15420","180","44","176","13","123","13","136","","0","123","13","136","4","132","4","13","0","2","54","1","6","5","5","37","4","1","28.10.12"
"740710","207","Чернігівська область","школа, фойє
вул.Шкільна, 21, с.Костобобрів, Семенівський р-н, Чернігівська обл., 15443","540","169","532","66","307","64","371","","0","307","64","371","7","364","11","4","5","4","103","4","19","12","26","152","17","7","28.10.12"
"740711","207","Чернігівська область","будинок культури, фойє
вул.Б.Хмельницького, 4, с.Машеве, Семенівський р-н, Чернігівська обл., 15460","588","226","571","25","341","21","362","","0","341","21","362","7","355","16","17","2","4","63","3","42","5","20","176","6","1","28.10.12"
"740712","207","Чернігівська область","школа, фойє
вул.Семенівська, 30, с.Миколаївка, Семенівський р-н, Чернігівська обл., 15430","222","62","213","12","148","12","160","","0","148","12","160","5","155","3","15","1","3","36","2","12","2","10","65","6","0","28.10.12"
"740713","207","Чернігівська область","школа, фойє
вул.Перемоги, 73Б, с.Залізний Міст, Семенівський р-н, Чернігівська обл., 15431","186","46","184","8","133","7","140","","0","133","7","140","6","134","2","13","1","1","36","0","14","3","7","54","3","0","28.10.12"
"740714","207","Чернігівська область","сільський клуб, актова зала
вул.Соснівка, 3, с.Орликівка, Семенівський р-н, Чернігівська обл., 15450","222","63","213","26","133","26","159","","0","133","26","159","5","154","7","9","0","0","19","0","6","1","7","102","2","1","28.10.12"
"740715","207","Чернігівська область","сільський клуб, дискозала
вул.Шевченка, 42, с.Олександрівка, Семенівський р-н, Чернігівська обл., 15444","330","109","323","12","209","12","221","","0","209","12","221","15","206","9","11","1","0","64","5","11","9","17","73","6","0","28.10.12"
"740716","207","Чернігівська область","будинок культури, мала зала
вул.І.Франка, 26, с.Погорільці, Семенівський р-н, Чернігівська обл., 15452","594","158","584","64","372","64","436","","0","372","64","436","14","422","11","23","4","4","93","12","38","11","17","195","10","4","29.10.12"
"740717","207","Чернігівська область","клуб-бібліотека, велика зала
вул.Грушевського, 1, с.Тополівка, Семенівський р-н, Чернігівська обл., 15452","168","49","166","23","96","23","119","","0","96","23","119","2","117","1","4","1","0","12","1","4","7","8","72","4","3","28.10.12"
"740718","207","Чернігівська область","ТОВ ""Вітчизна"", бухгалтерія
вул.Партизанська, 9, с.Лосівка, Семенівський р-н, Чернігівська обл., 15452","144","28","141","9","107","9","116","","0","107","9","116","4","112","9","5","3","2","18","7","10","3","8","43","2","2","28.10.12"
"740719","207","Чернігівська область","школа, коридор
вул.Миру, 3, с.Радомка, Семенівський р-н, Чернігівська обл., 15470","432","135","425","47","253","44","297","","0","253","44","297","7","290","12","12","3","1","59","11","23","11","18","107","11","22","29.10.12"
"740720","207","Чернігівська область","сільський клуб, фойє
вул.Центральна, 5, с.Стара Гутка, Семенівський р-н, Чернігівська обл., 15471","150","37","146","36","78","35","113","","0","78","35","113","1","112","7","8","0","0","11","1","2","0","9","72","0","2","28.10.12"
"740721","207","Чернігівська область","будинок культури, фойє
вул.Шевченка, 53, с.Тимоновичі, Семенівський р-н, Чернігівська обл., 15410","342","136","335","22","186","20","206","","0","186","20","206","8","198","4","18","0","1","31","1","11","7","15","99","10","1","29.10.12"
"740722","207","Чернігівська область","адмінприміщення (колишня школа), фойє
вул.Лесі Українки, 2А, с.Медведівка, Семенівський р-н, Чернігівська обл., 15411","282","139","270","42","106","37","143","","0","106","37","143","3","140","3","7","2","0","30","0","8","0","4","77","8","1","28.10.12"
"740723","207","Чернігівська область","школа, фойє
вул.Озерна, 32, с.Хотіївка, Семенівський р-н, Чернігівська обл., 15421","258","90","254","17","152","16","168","","0","152","16","168","9","159","2","11","4","2","48","2","7","0","3","75","5","0","28.10.12"
"740724","207","Чернігівська область","сільський клуб, фойє
вул.Центральна, 26, с.Прогрес, Семенівський р-н, Чернігівська обл., 15421","156","56","154","30","74","26","100","","0","74","26","100","3","97","2","10","2","0","5","0","6","8","4","58","1","1","28.10.12"
"740725","207","Чернігівська область","сільський клуб, велика зала
вул.Шевченка, 18, с.Чорний Ріг, Семенівський р-н, Чернігівська обл., 15472","300","97","295","19","184","19","203","","0","184","19","203","6","197","10","12","1","0","13","0","11","6","11","129","3","1","28.10.12"
"740726","207","Чернігівська область","центральна районна лікарня, актова зала
вул.Лікарняний Хуторок, 2, м.Семенівка, Семенівський р-н, Чернігівська обл., 15400","138","109","29","7","22","7","29","","0","22","7","29","0","29","0","4","1","0","9","0","2","1","1","11","0","0","29.10.12"
"740727","207","Чернігівська область","районний будинок культури, фойє
вул.Освіти, 21А, смт Сосниця, Сосницький р-н, Чернігівська обл., 16100","2034","802","1983","47","1194","38","1232","","0","1194","38","1232","38","1194","297","161","6","13","73","9","128","17","41","382","50","17","29.10.12"
"740728","207","Чернігівська область","кінотеатр імені О.П.Довженка, фойє
вул.Лесі Українки, 34, смт Сосниця, Сосницький р-н, Чернігівська обл., 16100","2010","844","1974","41","1128","38","1166","","0","1128","38","1166","31","1135","297","141","12","23","64","10","132","24","53","322","47","10","29.10.12"
"740729","207","Чернігівська область","будинок культури, фойє
вул.Довженка, 71А, смт Сосниця, Сосницький р-н, Чернігівська обл., 16100","1800","727","1758","60","1021","52","1073","","0","1020","52","1072","33","1038","276","132","13","13","68","9","106","25","64","292","28","12","29.10.12"
"740730","207","Чернігівська область","клуб, фойє
вул.Леніна, 63А, с.Мале Устя, Сосницький р-н, Чернігівська обл., 16100","174","46","169","10","118","10","128","","0","118","10","128","4","124","29","2","2","4","6","2","7","5","24","33","8","2","29.10.12"
"740731","207","Чернігівська область","школа, спортивна зала
вул.Сіверська, 30, с.Авдіївка, Сосницький р-н, Чернігівська обл., 16110","1104","389","1085","59","665","50","715","","0","665","50","715","25","690","154","99","5","8","107","4","43","20","38","181","22","9","29.10.12"
"740732","207","Чернігівська область","клуб, актова зала
вул.Лузіцька, 2, с.Авдіївка, Сосницький р-н, Чернігівська обл., 16110","228","62","219","9","157","9","166","","0","157","9","166","4","162","32","5","1","1","39","1","6","14","15","45","2","1","28.10.12"
"740733","207","Чернігівська область","будинок культури, актова зала
вул.1 Травня, 40, с.Бутівка, Сосницький р-н, Чернігівська обл., 16152","438","78","430","71","291","69","360","","0","291","69","360","9","351","45","9","4","1","106","1","42","6","14","114","5","4","29.10.12"
"740734","207","Чернігівська область","будинок культури, фойє
вул.Гагаріна, 29, с.Бондарівка, Сосницький р-н, Чернігівська обл., 16153","138","28","135","12","99","11","110","","0","99","11","110","5","105","11","5","2","0","13","0","3","2","11","51","6","1","29.10.12"
"740735","207","Чернігівська область","будинок культури, фойє
вул.Деснянська, 17, с.Велике Устя, Сосницький р-н, Чернігівська обл., 16154","318","89","313","42","191","38","229","","0","191","38","229","4","225","23","12","1","2","33","2","20","3","4","117","2","6","28.10.12"
"740736","207","Чернігівська область","клуб, фойє
вул.Першотравнева, 1, с.Долинське, Сосницький р-н, Чернігівська обл., 16154","150","29","151","7","115","6","121","","0","115","6","121","1","120","14","7","1","1","7","1","5","1","2","77","4","0","28.10.12"
"740737","207","Чернігівська область","клуб, актова зала
вул.О.Розумієнка, 22, с.Волинка, Сосницький р-н, Чернігівська обл., 16131","540","135","528","70","335","70","405","","0","335","70","405","12","393","138","57","0","4","32","2","30","7","6","108","7","2","29.10.12"
"740738","207","Чернігівська область","сільська рада, актова зала
вул.Грушевського, 16А, с.Вільшане, Сосницький р-н, Чернігівська обл., 16130","516","185","507","27","305","26","331","","0","305","26","331","8","323","63","33","4","1","42","3","35","3","10","127","2","0","29.10.12"
"740739","207","Чернігівська область","клуб, фойє
вул.Шевченка, 34, с.Загребелля, Сосницький р-н, Чернігівська обл., 16105","654","179","644","35","443","32","475","","0","443","32","475","13","462","111","77","1","1","17","3","49","3","17","168","12","3","29.10.12"
"740740","207","Чернігівська область","школа, спортивна зала
вул.Лугова, 6, с.Масалаївка, Сосницький р-н, Чернігівська обл., 16105","102","15","106","10","80","7","87","","0","80","7","87","6","81","9","24","1","0","10","0","3","1","13","14","6","0","29.10.12"
"740741","207","Чернігівська область","будинок культури, фойє
вул.Придеснянська, 72, с.Змітнів, Сосницький р-н, Чернігівська обл., 16141","390","87","384","46","258","45","303","","0","258","45","303","9","294","67","15","2","4","18","1","10","7","26","132","11","1","28.10.12"
"740742","207","Чернігівська область","клуб, фойє
вул.Леніна, 12, с.Купчичі, Сосницький р-н, Чернігівська обл., 16141","150","29","144","23","102","19","121","","0","102","19","121","3","118","12","16","2","0","5","1","4","2","12","52","12","0","28.10.12"
"740743","207","Чернігівська область","будинок культури, фойє
вул.Квіткова, 15, с.Киріївка, Сосницький р-н, Чернігівська обл., 16133","372","94","365","42","237","41","278","","0","237","41","278","5","273","49","9","0","0","29","0","25","9","20","116","14","2","29.10.12"
"740744","207","Чернігівська область","сільська рада, актова зала
вул.Смирнова, 42, с.Козляничі, Сосницький р-н, Чернігівська обл., 16120","234","52","226","28","156","26","182","","0","156","26","182","6","176","34","20","4","0","15","1","14","6","4","70","8","0","28.10.12"
"740745","207","Чернігівська область","школа, коридор
вул.Довженка, 6, с.Рудня, Сосницький р-н, Чернігівська обл., 16120","174","47","168","18","112","15","127","","0","112","15","127","7","120","9","20","2","0","20","1","7","2","9","42","8","0","28.10.12"
"740746","207","Чернігівська область","сільська рада, актова зала
вул.Ювілейна, 24А, с.Конятин, Сосницький р-н, Чернігівська обл., 16140","516","131","501","56","337","48","385","","0","337","48","385","17","368","65","18","9","18","39","1","33","4","13","152","13","3","29.10.12"
"740747","207","Чернігівська область","школа, спортивна зала
вул.Жолдака, 11А, с.Кудрівка, Сосницький р-н, Чернігівська обл., 16122","666","164","647","93","415","87","502","","0","415","87","502","16","486","104","40","7","1","70","2","79","1","10","150","15","7","29.10.12"
"740748","207","Чернігівська область","сільська рада, актова зала
вул.Миру, 111Б, с.Лави, Сосницький р-н, Чернігівська обл., 16132","372","83","365","62","230","59","289","","0","230","59","289","10","279","45","56","3","1","18","5","27","1","11","102","8","2","29.10.12"
"740749","207","Чернігівська область","клуб, фойє
вул.Савченка, 72Б, с.Матвіївка, Сосницький р-н, Чернігівська обл., 16123","144","34","146","18","93","17","110","","0","93","17","110","3","107","12","10","1","1","3","3","6","4","2","63","2","0","29.10.12"
"740750","207","Чернігівська область","школа, спортивна зала
вул.Лісова, 90, с.Полісся, Сосницький р-н, Чернігівська обл., 16123","234","59","226","24","153","22","175","","0","153","22","175","3","172","28","11","2","3","10","2","29","3","12","63","8","1","29.10.12"
"740751","207","Чернігівська область","школа, спортивна зала
вул.Довженка, 37А, с.Пекарів, Сосницький р-н, Чернігівська обл., 16150","318","88","311","33","197","33","230","","0","197","33","230","6","224","69","31","0","2","8","0","3","2","9","93","6","1","29.10.12"
"740752","207","Чернігівська область","клуб, актова зала
вул.Гагаріна, 7, с.Кнути, Сосницький р-н, Чернігівська обл., 16150","204","33","203","32","140","31","171","","0","140","31","171","2","169","28","2","0","1","4","0","5","1","5","116","7","0","29.10.12"
"740753","207","Чернігівська область","сільська рада, актова зала
вул.Придеснянська, 62, с.Спаське, Сосницький р-н, Чернігівська обл., 16142","396","132","391","25","241","23","264","","0","241","23","264","10","254","71","18","3","2","21","1","14","8","5","102","8","1","29.10.12"
"740754","207","Чернігівська область","фельдшерський пункт, коридор
вул.Садова, 15А, с.Якличі, Сосницький р-н, Чернігівська обл., 16142","150","34","144","27","93","23","116","","0","93","23","116","1","115","11","6","3","0","10","3","4","1","10","64","3","0","28.10.12"
"740755","207","Чернігівська область","сільська рада, актова зала
вул.Центральна, 20, с.Хлоп’яники, Сосницький р-н, Чернігівська обл., 16112","438","111","429","52","277","50","327","","0","277","50","327","6","321","48","18","3","5","40","1","19","5","22","159","1","0","28.10.12"
"740756","207","Чернігівська область","фельдшерський пункт, коридор
вул.Щорса, 4, с.Соснівка, Сосницький р-н, Чернігівська обл., 16112","78","17","77","4","57","4","61","","0","57","4","61","3","58","14","1","0","0","1","0","3","1","5","31","2","0","28.10.12"
"740757","207","Чернігівська область","сільська рада, актова зала
вул.Бурівка, 19, с.Чорнотичі, Сосницький р-н, Чернігівська обл., 16121","744","219","739","64","466","59","525","","0","466","59","525","13","512","183","35","3","7","51","5","60","11","21","122","13","1","29.10.12"
"740758","207","Чернігівська область","школа, спортивна зала
вул.Довженка, 66, с.Шаболтасівка, Сосницький р-н, Чернігівська обл., 16111","660","165","649","51","457","38","495","","0","457","38","495","20","475","89","95","5","7","36","5","20","6","15","166","28","3","29.10.12"
"740759","207","Чернігівська область","центральна районна лікарня, к.1, 1-й поверх
вул.Довженка, 9, смт Сосниця, Сосницький р-н, Чернігівська обл., 16100","162","124","41","18","23","15","38","","0","23","15","38","0","38","6","3","1","1","3","0","3","2","1","12","3","3","29.10.12"
"740891","207","Чернігівська область","гімназія, фойє
вул.Піонерська, 6, м.Щорс, Щорський р-н, Чернігівська обл., 15200","1596","766","1577","22","812","18","830","","0","812","18","830","27","803","147","133","5","4","87","9","75","11","19","213","98","2","29.10.12"
"740892","207","Чернігівська область","Щорське ВПТУЛГ, навчальний корпус, фойє
вул.Бульварна, 5, м.Щорс, Щорський р-н, Чернігівська обл., 15200","1572","767","1536","16","789","16","805","","0","789","16","805","17","788","109","114","6","4","116","5","75","9","15","247","81","7","29.10.12"
"740893","207","Чернігівська область","районний будинок культури, паркетна зала
вул.Леніна, 2, м.Щорс, Щорський р-н, Чернігівська обл., 15200","1920","909","1887","30","984","27","1011","","0","984","27","1011","39","972","125","173","10","3","142","6","82","13","29","256","131","2","29.10.12"
"740894","207","Чернігівська область","школа №1, фойє, 1-й поверх
вул.55-ї Стрілецької дивізії, 35, м.Щорс, Щорський р-н, Чернігівська обл., 15200","2268","1114","2228","39","1120","34","1154","","0","1120","34","1154","35","1119","176","170","10","4","130","15","103","11","31","320","136","13","29.10.12"
"740895","207","Чернігівська область","автошкола ТСОУ, фойє, 2-й поверх
вул.Леніна, 101, м.Щорс, Щорський р-н, Чернігівська обл., 15200","2424","1158","2379","29","1244","22","1266","","0","1244","22","1266","45","1221","179","204","8","9","140","16","105","8","36","313","199","4","29.10.12"
"740896","207","Чернігівська область","сільська рада, зала засідань
вул.Щорса, 15, с.Великий Щимель, Щорський р-н, Чернігівська обл., 15207","678","314","672","23","347","17","364","","0","347","17","364","8","356","32","36","3","4","41","2","22","3","11","177","22","3","29.10.12"
"740897","207","Чернігівська область","сільський клуб, танцювальна зала
вул.Маханова, 7, с.Гірськ, Щорський р-н, Чернігівська обл., 15211","450","149","433","45","259","42","301","","0","259","42","301","3","298","17","18","2","1","30","0","37","3","5","141","43","1","29.10.12"
"740898","207","Чернігівська область","сільський клуб, актова зала
вул.Садова, 19, с.Гута-Студенецька, Щорський р-н, Чернігівська обл., 15230","168","43","157","23","103","22","125","","0","103","22","125","4","121","0","21","1","0","15","1","4","0","10","58","11","0","28.10.12"
"740899","207","Чернігівська область","сільський клуб, актова зала
вул.ім.О.Ф.Федорова, 77, с.Єліне, Щорський р-н, Чернігівська обл., 15212","246","55","244","41","157","34","191","","0","157","34","191","4","187","6","20","1","3","33","3","8","3","4","94","11","1","28.10.12"
"740900","207","Чернігівська область","сільська рада, зала засідань
вул.Самодіда, 45, с.Жовідь, Щорський р-н, Чернігівська обл., 15213","264","64","258","30","170","30","200","","0","170","30","200","10","190","19","14","1","1","15","1","27","3","8","84","17","0","28.10.12"
"740901","207","Чернігівська область","сільський клуб, актова зала
вул.Щорса, 95, с.Займище, Щорський р-н, Чернігівська обл., 15209","360","126","359","17","219","15","234","","0","219","15","234","11","223","15","25","3","2","39","2","19","8","2","82","22","4","29.10.12"
"740902","207","Чернігівська область","сільська рада, зала засідань
вул.Щорса, 1, с.Заріччя, Щорський р-н, Чернігівська обл., 15224","186","57","177","8","122","7","129","","0","122","7","129","4","125","8","7","0","2","31","1","5","2","13","51","5","0","28.10.12"
"740903","207","Чернігівська область","сільський клуб, актова зала
вул.Партизанська, 34, с.Клюси, Щорський р-н, Чернігівська обл., 15210","156","45","149","15","98","13","111","","0","98","13","111","2","109","2","2","1","0","10","0","10","0","4","71","9","0","28.10.12"
"740904","207","Чернігівська область","сільська рада, зала засідань
вул.Чапаєва, 1, с.Кучинівка, Щорський р-н, Чернігівська обл., 15252","984","356","976","87","550","78","628","","0","550","78","628","18","610","44","70","8","6","85","4","93","10","18","221","47","4","28.10.12"
"740905","207","Чернігівська область","будинок культури, фойє
вул.30 років Перемоги, 5, с.Нові Боровичі, Щорський р-н, Чернігівська обл., 15214","678","277","662","69","340","61","401","","0","340","61","401","14","387","18","34","2","2","85","1","31","4","7","161","42","0","03.11.12"
"740906","207","Чернігівська область","сільська рада, зала засідань
вул.Попудренка, 35, с.Нові Млини, Щорський р-н, Чернігівська обл., 15241","186","59","181","9","119","8","127","","0","119","8","127","2","125","16","24","0","0","24","0","11","0","4","34","12","0","28.10.12"
"740907","207","Чернігівська область","сільський клуб, актова зала
вул.Щорса, 35, с.Лосєва Слобода, Щорський р-н, Чернігівська обл., 15241","138","45","129","13","82","11","93","","0","82","11","93","0","93","3","5","0","0","25","1","6","4","6","32","11","0","29.10.12"
"740908","207","Чернігівська область","сільська рада, зала засідань
вул.Перемоги, 56, с.Низківка, Щорський р-н, Чернігівська обл., 15260","408","152","393","30","230","26","256","","0","230","26","256","2","253","23","30","1","0","29","3","7","4","11","127","16","2","29.10.12"
"740909","207","Чернігівська область","будинок культури, мала зала
вул.Дружби, 2, с.Петрівка, Щорський р-н, Чернігівська обл., 15222","822","330","801","98","400","92","492","","0","400","92","492","31","461","40","50","4","4","76","4","37","6","18","185","34","3","28.10.12"
"740910","207","Чернігівська область","будинок культури, обрядова кімната
вул.Шевченка, 1Є, с.Рогізки, Щорський р-н, Чернігівська обл., 15253","618","243","609","39","341","34","375","","0","341","34","375","12","363","15","37","7","1","47","2","16","8","13","183","34","0","29.10.12"
"740911","207","Чернігівська область","сільський клуб, актова зала
вул.Молодіжна, 16, с.Смяч, Щорський р-н, Чернігівська обл., 15240","540","200","536","27","315","25","340","","0","315","25","340","15","325","26","43","5","0","54","2","23","3","7","139","21","2","28.10.12"
"740912","207","Чернігівська область","сільська рада, зала засідань
вул.30 років Перемоги, 6, с.Сновське, Щорський р-н, Чернігівська обл., 15204","624","209","612","45","370","45","415","","0","370","45","415","16","399","30","58","5","0","47","1","24","2","6","196","29","1","02.11.12"
"740913","207","Чернігівська область","сільський клуб, актова зала
вул.Зелена, 28, с.Іванівка, Щорський р-н, Чернігівська обл., 15232","198","56","191","21","121","21","142","","0","121","21","142","2","140","9","7","3","2","27","2","5","0","3","55","27","0","28.10.12"
"740914","207","Чернігівська область","сільська рада, фойє
вул.Центральна, 5, с.Старі Боровичі, Щорський р-н, Чернігівська обл., 15221","276","94","243","33","155","27","182","","0","155","27","182","4","178","9","3","17","1","30","1","1","3","6","50","55","2","28.10.12"
"740915","207","Чернігівська область","Щорський міжшкільний навчально-виробничий комбінат, к.2
вул.Неретіна, 72, с.Гвоздиківка, Щорський р-н, Чернігівська обл., 15208","318","93","315","44","184","41","225","","0","184","41","225","1","224","20","54","0","1","16","0","22","2","1","67","40","1","28.10.12"
"740916","207","Чернігівська область","сільська рада, зала засідань
пров.Щорса, 13, с.Стара Рудня, Щорський р-н, Чернігівська обл., 15223","534","192","525","61","283","59","342","","0","283","59","342","7","335","35","42","1","2","63","5","17","2","9","152","6","1","28.10.12"
"740917","207","Чернігівська область","сільська рада, зала засідань
вул.Коновалова, 2В, с.Суничне, Щорський р-н, Чернігівська обл., 15251","348","135","348","27","189","24","213","","0","189","24","213","9","204","15","29","1","1","31","1","10","6","9","89","10","2","28.10.12"
"740918","207","Чернігівська область","будинок культури, актова зала
вул.Ново-Слобідська, 1, с.Тихоновичі, Щорський р-н, Чернігівська обл., 15230","528","183","520","64","291","54","345","","0","291","54","345","10","335","13","5","2","1","23","1","36","7","12","216","19","0","28.10.12"
"740919","207","Чернігівська область","сільська рада, зала засідань
вул.М’язя, 8, с.Тур’я, Щорський р-н, Чернігівська обл., 15231","756","246","744","93","426","84","510","","0","426","84","510","16","494","37","46","3","5","61","6","35","7","16","240","36","2","29.10.12"
"740920","207","Чернігівська область","сільська рада, зала засідань
вул.Шевченка, 143, с.Хотуничі, Щорський р-н, Чернігівська обл., 15220","456","196","443","56","212","48","260","","0","212","48","260","12","248","5","30","3","2","22","5","16","7","14","102","40","2","28.10.12"
"740921","207","Чернігівська область","сільський клуб, актова зала
вул.Шевченка, 48, с.Чепелів, Щорський р-н, Чернігівська обл., 15233","162","46","162","11","107","9","116","","0","107","9","116","1","115","2","15","0","0","16","0","6","0","3","69","4","0","28.10.12"
"740922","207","Чернігівська область","Щорська центральна районна лікарня, поліклініка, актова зала
вул.Спортивна, 21, м.Щорс, Щорський р-н, Чернігівська обл., 15200","204","129","138","21","55","20","75","","0","55","20","75","0","75","7","8","2","0","13","0","8","1","6","20","10","0","29.10.12"
