"№ ВД","OBO","Назва регіону України","Місцезнаходження та адреса приміщення для голосування","1) К-сть одержаних бюлетенів","2) К-сть невикористаних бюлетенів","3) К-сть виборців, внесених до списку виборців","4) К-сть виборців, внесених до витягу зі списку виборців","5) К-сть виборців, які отримали бюлетені у приміщенні","6) К-сть виборців, які отримали за місцем перебування","7) Сумарна к-сть виборців, які отримали бюлетені","8) К-сть бюлетенів, що виявилися у кожній скринці","9) К-сть бюлетенів, що не підлягають врахуванню","10) К-сть виборців, які взяли участь у голос. у приміщенні для гол.","11) К-сть виборців, які взяли участь у голос. за місцем перебування","12) К-сть виборців, які взяли участь у голосуванні на виборчій дільниці","13) К-сть бюлетенів, визнаних недійсними","14) Сумарна к-сть голосів виборців ЗА","Баласинович
Богдан
Олександрович","Гончар
Віктор
Васильович","Каденюк
Леонід
Костянтинович","Клевчик
Іван
Валентинович","Криворучко
Віталій
Пилипович","Панчишин
Руслан
Ігорович","Плаксій
Манолій
Васильович","Семенюк
Артем
Олексійович","Совва
Анатолій
Ігорович","Черненко
Віктор
Михайлович","Чулей
Віталій
Михайлович","Швець
Сергій
Сергійович","Дата підписання протоколу"
"000001","204","Чернівецька область","актовий зал
вул.Кобилянської, 43, м.Сокиряни, Чернівецька обл., 60200","204","116","115","23","66","22","88","","0","66","22","88","5","83","6","1","2","0","0","3","1","67","1","2","0","0","28.10.12"
"730112","204","Чернівецька область","будинок дитячо-юнацької творчості, актова зала
вул.О.Кобилянської, 6, м.Заставна, Заставнівський р-н, Чернівецька обл., 59400","2100","726","2088","48","1332","42","1374","","0","1332","42","1374","82","1292","492","12","72","12","13","101","64","489","15","12","3","7","29.10.12"
"730113","204","Чернівецька область","районний палац культури, фойє
вул.Незалежності, 93, м.Заставна, Заставнівський р-н, Чернівецька обл., 59400","2334","849","2319","53","1440","45","1485","","0","1440","45","1485","65","1420","529","19","77","13","10","127","53","546","21","16","3","6","29.10.12"
"730114","204","Чернівецька область","гімназія, фойє
вул.Гагаріна, 5, м.Заставна, Заставнівський р-н, Чернівецька обл., 59400","2178","955","2160","21","1206","17","1223","","0","1206","17","1223","84","1139","399","22","73","9","7","130","44","417","11","14","3","10","29.10.12"
"730115","204","Чернівецька область","селищний клуб, актова зала
вул.Заводська, 12, смт Кострижівка, Заставнівський р-н, Чернівецька обл., 59410","2016","806","2004","46","1164","46","1210","","0","1164","46","1210","41","1169","465","24","64","11","10","100","48","412","9","18","0","8","29.10.12"
"730116","204","Чернівецька область","будинок культури, фойє
вул.Головна, 1, с.Бабин, Заставнівський р-н, Чернівецька обл., 59411","696","235","686","76","389","72","461","","0","389","72","461","4","457","37","2","17","3","3","45","22","319","5","1","0","3","29.10.12"
"730117","204","Чернівецька область","школа, спортзал
вул.Головна, 79, с.Баламутівка, Заставнівський р-н, Чернівецька обл., 59437","1326","430","1317","30","866","30","896","","0","866","30","896","27","869","97","8","46","5","25","71","15","571","12","10","3","6","29.10.12"
"730118","204","Чернівецька область","сільський клуб, актова зала
вул.Миру, 7, с.Боянчук, Заставнівський р-н, Чернівецька обл., 59443","768","300","761","47","423","45","468","","0","423","45","468","17","451","112","4","16","3","13","28","15","237","7","8","3","5","28.10.12"
"730119","204","Чернівецька область","будинок культури, фойє
вул.Миру, 2, с.Брідок, Заставнівський р-н, Чернівецька обл., 59430","366","130","361","21","221","15","236","","0","221","15","236","9","227","13","2","25","6","4","11","85","75","1","4","0","1","29.10.12"
"730120","204","Чернівецька область","будинок культури, фойє
вул.Головна, 53, с.Василів, Заставнівський р-н, Чернівецька обл., 59416","948","248","935","46","658","42","700","","0","658","42","700","8","692","97","12","20","5","3","105","34","401","4","4","1","6","29.10.12"
"730121","204","Чернівецька область","будинок культури, зал
вул.Головна, 26, с.Васловівці, Заставнівський р-н, Чернівецька обл., 59451","1062","345","1051","76","647","70","717","","0","647","70","717","60","657","79","17","43","9","36","64","21","355","14","5","2","12","29.10.12"
"730122","204","Чернівецька область","центр дозвілля молоді, фойє
вул.Колгоспна, 21Б, с.Вербівці, Заставнівський р-н, Чернівецька обл., 59441","426","95","422","30","304","27","331","","0","304","27","331","10","321","54","4","23","4","8","30","7","186","2","0","2","1","29.10.12"
"730123","204","Чернівецька область","центр дозвілля, зал
вул.Шевченка, 88А, с.Веренчанка, Заставнівський р-н, Чернівецька обл., 59420","1554","464","1536","62","1031","59","1090","","0","1031","59","1090","22","1068","89","9","15","8","11","57","29","833","9","1","2","5","29.10.12"
"730124","204","Чернівецька область","школа, спортзал
вул.Шевченка, 79, с.Веренчанка, Заставнівський р-н, Чернівецька обл., 59420","1398","488","1380","86","834","76","910","","0","834","76","910","38","872","76","6","21","2","10","28","20","696","8","2","2","1","30.10.12"
"730125","204","Чернівецька область","Яблунівський НВК, актова зала
вул.Молодіжна, 9, с.Яблунівка, Заставнівський р-н, Чернівецька обл., 59401","252","58","253","7","187","7","194","","0","187","7","194","4","190","18","4","13","1","3","1","4","140","1","4","0","1","28.10.12"
"730126","204","Чернівецька область","школа, фойє
вул.І.Бажанського, 17, с.Вікно, Заставнівський р-н, Чернівецька обл., 59433","1170","318","1165","55","801","51","852","","0","801","51","852","26","826","201","5","54","16","12","70","122","332","3","5","1","5","28.10.12"
"730127","204","Чернівецька область","будинок культури, великий зал
вул.Головна, 77, с.Горішні Шерівці, Заставнівський р-н, Чернівецька обл., 59452","2202","650","2188","71","1481","71","1552","","0","1481","71","1552","83","1469","197","42","38","16","12","40","70","988","21","15","7","23","29.10.12"
"730128","204","Чернівецька область","школа, фойє
вул.Головна, 4, с.Горошівці, Заставнівський р-н, Чернівецька обл., 59442","822","272","815","54","496","54","550","","0","496","54","550","29","521","159","11","19","3","12","24","46","225","8","7","0","7","29.10.12"
"730129","204","Чернівецька область","будинок культури, актова зала
вул.Буковинська, 60, с.Добринівці, Заставнівський р-н, Чернівецька обл., 59444","1152","338","1146","46","768","46","814","","0","768","46","814","43","771","210","7","29","5","4","30","13","454","6","9","2","2","29.10.12"
"730130","204","Чернівецька область","народний дім, зал народного дому
вул.Буковинська, 2, с.Дорошівці, Заставнівський р-н, Чернівецька обл., 59423","1206","328","1208","45","834","44","878","","0","834","44","878","37","841","345","24","47","13","8","60","42","282","9","6","2","3","28.10.12"
"730131","204","Чернівецька область","будинок фольклору, актова зала
вул.Щербини, 8, с.Задубрівка, Заставнівський р-н, Чернівецька обл., 59453","714","173","711","34","507","34","541","","0","507","34","541","32","509","109","8","47","8","11","16","31","246","14","7","1","11","29.10.12"
"730132","204","Чернівецька область","будинок фольклору, фойє
вул.Шевченка, 17А, с.Звенячин, Заставнівський р-н, Чернівецька обл., 59413","984","355","972","36","597","32","629","","0","597","32","629","42","587","126","8","67","7","7","32","13","312","7","4","1","3","29.10.12"
"730133","204","Чернівецька область","сільський будинок культури, великий зал
вул.Українська, 5, с.Кадубівці, Заставнівський р-н, Чернівецька обл., 59421","1314","473","1307","61","787","54","841","","0","787","54","841","38","803","175","17","79","16","16","64","47","346","15","4","6","18","29.10.12"
"730134","204","Чернівецька область","школа, спортзал
вул.28 Червня, 1, с.Кадубівці, Заставнівськи р-н, Чернівецька обл., 59421","1326","449","1319","45","833","44","877","","0","833","44","877","47","830","187","17","54","9","17","60","76","386","9","4","0","11","29.10.12"
"730135","204","Чернівецька область","школа, фойє
вул.Молодіжна, 2, с.Кулівці, Заставнівський р-н, Чернівецкої обл., 59417","462","136","455","34","292","34","326","","0","292","34","326","21","305","49","2","19","2","0","53","3","169","2","2","1","3","29.10.12"
"730136","204","Чернівецька область","будинок культури, фойє
вул.О.Кобилянської, 47А, с.Малий Кучурів, Заставнівський р-н, Чернівецька обл., 59450","1014","312","1017","92","613","89","702","","0","613","89","702","46","656","105","16","38","6","14","17","24","403","17","7","1","8","29.10.12"
"730137","204","Чернівецька область","адмінбудинок, к.1
вул.Шевченка, 54, с.Митків, Заставнівський р-н, Чернівецька обл., 59431","222","58","215","11","153","11","164","","0","153","11","164","9","155","11","3","18","1","2","13","27","79","0","1","0","0","28.10.12"
"730138","204","Чернівецька область","будинок культури, фойє
вул.Зелена, 25, с.Мосорівка, Заставнівський р-н, чернівецька обл., 59432","216","62","212","23","133","21","154","","0","133","21","154","9","145","18","1","15","2","2","25","21","60","1","0","0","0","28.10.12"
"730139","204","Чернівецька область","будинок культури, малий зал
вул.Головна, 41, с.Онут, Заставнівський р-н, Чернівецька обл., 59434","468","125","461","49","306","37","343","","0","306","37","343","25","318","72","3","16","4","3","29","34","142","4","6","2","3","29.10.12"
"730140","204","Чернівецька область","будинок культури, актова зала
вул.Грушевського, 45, с.Погорілівка, Заставнівський р-н, Чернівецька обл., 59436","1326","395","1318","69","863","68","931","","0","863","68","931","50","881","197","11","89","12","26","110","93","315","6","8","3","11","28.10.12"
"730141","204","Чернівецька область","сільський клуб, зал клубу
вул.Центральна, 18, с.Прилипче, Заставнівський р-н, Чернівецька обл., 59412","630","265","630","41","326","39","365","","0","326","39","365","23","342","87","6","32","5","6","60","11","128","1","3","0","3","29.10.12"
"730142","204","Чернівецька область","будинок культури, малий зал
вул.Центральна, 27, с.Репужинці, Заставнівський р-н, Чернівецька обл., 59414","1386","384","1373","83","923","79","1002","","0","923","79","1002","34","968","130","7","83","6","13","42","14","649","9","6","4","5","29.10.12"
"730143","204","Чернівецька область","будинок культури, фойє
вул.О.Кобилянської, 5, с.Ржавинці, Заставнівський р-н, Чернівецька обл., 59445","2268","771","2263","101","1410","87","1497","","0","1410","87","1497","65","1432","166","26","65","6","57","89","34","929","8","17","26","9","29.10.12"
"730144","204","Чернівецька область","клуб, зал
вул.Сагайдачного, 45, с.Самушин, Заставнівський р-н, Чернівецька обл., 59405","300","96","296","23","185","19","204","","0","185","19","204","8","196","46","3","12","2","7","6","14","104","1","1","0","0","29.10.12"
"730145","204","Чернівецька область","будинок центру дозвілля, зал
вул.Головна, 15, с.Товтри, Заставнівський р-н, Чернівецька обл., 59424","1434","455","1420","51","933","46","979","","0","933","46","979","55","924","261","9","50","9","9","108","20","435","10","3","5","5","29.10.12"
"730146","204","Чернівецька область","будинок культури, актова зала
вул.Першотравнева, 5, с.Хрещатик, Заставнівський р-н, Чернівецька обл., 59415","684","186","683","21","477","21","498","","0","477","21","498","19","479","104","12","28","3","25","27","21","250","5","1","0","3","29.10.12"
"730147","204","Чернівецька область","клуб, фойє
вул.Головна, 73, с.Чорний Потік, Заставнівський р-н, Чернівецька обл., 59435","414","107","409","16","291","16","307","","0","291","16","307","21","286","34","5","5","2","2","48","9","169","6","3","0","3","29.10.12"
"730148","204","Чернівецька область","школа, спортзал
вул.Ярошинської, 9, с.Чуньків, Заставнівський р-н, Чернівецька обл., 59422","1032","320","1028","24","688","24","712","","0","688","24","712","23","689","85","7","17","6","2","29","33","494","12","1","1","2","28.10.12"
"730149","204","Чернівецька область","будинок культури, малий зал
вул.Головна, 62, с.Шубранець, Заставнівський р-н, Чернівецька обл., 59454","1344","418","1335","61","868","58","926","","0","868","58","926","51","875","216","35","51","13","24","24","30","441","16","14","8","3","29.10.12"
"730150","204","Чернівецька область","школа, коридор
вул.Шкільна, 17, с.Юрківці, Заставнівський р-н, Чернівецька обл., 59440","1506","500","1493","74","943","63","1006","","0","943","63","1006","68","938","173","21","38","12","17","51","93","501","14","6","3","9","29.10.12"
"730151","204","Чернівецька область","районний будинок народної творчості та дозвілля, фойє
пл.Центральна, 12, смт Кельменці, Кельменецький р-н, Чернівецька обл., 60100","2226","997","2232","35","1195","34","1229","","0","1195","34","1229","27","1202","152","10","62","12","95","274","17","500","10","34","1","35","29.10.12"
"730152","204","Чернівецька область","районне управління юстиції, зал урочистих подій
вул.Сагайдачного, 24, смт Кельменці, Кельменецький р-н, Чернівецька обл., 60100","1650","763","1648","24","863","24","887","","0","863","24","887","44","843","126","12","77","8","54","184","10","323","9","7","3","30","29.10.12"
"730153","204","Чернівецька область","дошкільний навчальний заклад №1, методичний кабінет
вул.Гагаріна, 1Б, смт Кельменці, Кельменцький р-н, Чернівецька обл., 60100","1440","657","1436","31","753","30","783","","0","753","30","783","36","747","85","5","30","6","84","169","20","294","9","16","3","26","29.10.12"
"730154","204","Чернівецька область","клуб, глядацька зала
вул.Л.Українки, 14, смт Кельменці, Кельменецький р-н, Чернівецька обл., 60100","534","262","534","10","262","10","272","","0","262","10","272","15","257","29","3","16","7","8","47","4","129","1","5","0","8","29.10.12"
"730155","204","Чернівецька область","будинок культури, глядацька зала
вул.Шевченка, 24, с.Бабин, Кельменецький р-н, Чернівецька обл., 60115","1560","559","1536","96","908","93","1001","","0","908","93","1001","38","963","101","8","38","4","16","80","6","664","5","19","4","18","28.10.12"
"730156","204","Чернівецька область","будинок культури, глядацька зала
вул.Головна, 21, с.Бернове, Кельменецький р-н, Чернівецька обл., 60120","798","190","793","55","555","53","608","","0","555","53","608","16","592","50","6","24","3","20","49","17","406","3","9","1","4","29.10.12"
"730157","204","Чернівецька область","клуб, глядацька зала
вул.Яблунева, 10, с.Браїлівка, Кельменецький р-н, Чернівецька обл., 60152","252","76","250","19","159","17","176","","0","159","17","176","5","171","3","0","8","3","0","17","4","134","1","1","0","0","29.10.12"
"730158","204","Чернівецька область","Народний дім, фойє
вул.Центральна, 31, с.Бузовиця, Кельменецький р-н, Чернівецька обл., 60142","1116","375","1103","70","676","65","741","","0","676","65","741","40","701","81","6","32","7","14","81","4","438","5","13","5","15","28.10.12"
"730159","204","Чернівецька область","школа, фойє
вул.Буковинська, 3, с.Бурдюг, Кельменецький р-н, Чернівецька обл., 60143","672","209","662","42","423","40","463","","0","423","40","463","8","455","23","3","26","4","11","38","20","320","3","4","0","3","29.10.12"
"730160","204","Чернівецька область","будинок культури, фойє
вул.Шевченка, 18, с.Вартиківці, Кельменецький р-н, Чернівецька обл., 60130","1014","286","1003","85","643","85","728","","0","643","85","728","31","697","32","6","22","1","1","46","7","570","6","4","0","2","29.10.12"
"730161","204","Чернівецька область","будинок культури, глядацька зала
вул.Головна, 33, с.Вовчинець, Кельменецький р-н, Чернівецька обл., 60100","900","277","890","89","545","78","623","","0","545","78","623","19","604","28","4","7","2","0","48","1","500","1","9","0","4","29.10.12"
"730162","204","Чернівецька область","будинок культури, глядацька зала
вул.Центральна, 55, с.Вороновиця, Кельменецький р-н, Чернівецька обл., 60110","444","126","434","43","279","39","318","","0","279","39","318","4","314","11","1","15","2","1","21","6","249","5","3","0","0","29.10.12"
"730163","204","Чернівецька область","будинок культури, глядацька зала
вул.Центральна, 18Б, с.Грушівці, Кельменецький р-н, Чернівецька обл., 60113","936","340","918","57","546","50","596","","0","546","50","596","32","564","48","12","17","2","4","102","1","353","7","8","2","8","29.10.12"
"730164","204","Чернівецька область","Народний дім, глядацька зала
вул.Центральна, 32, с.Дністрівка, Кельменецький р-н, Чернівецька обл., 60141","894","249","895","43","605","40","645","","0","605","40","645","20","625","32","7","13","2","6","66","13","475","1","4","1","5","28.10.12"
"730165","204","Чернівецька область","будинок народної творчості та дозвілля, глядацька зала
вул.Головна, 5, с.Зелена, Кельменецький р-н, Чернівецька обл., 60133","1368","362","1366","118","889","117","1006","","0","889","117","1006","37","969","39","6","14","3","9","38","9","837","3","5","2","4","29.10.12"
"730166","204","Чернівецька область","будинок народної творчості та дозвілля, глядацька зала
вул.Головна, 55, с.Іванівці, Кельменецький р-н, Чернівецька обл., 60144","2406","960","2389","62","1409","37","1446","","37","1409","0","1409","43","1366","107","19","61","11","25","72","21","991","7","25","2","25","30.10.12"
"730167","204","Чернівецька область","Народний дім, фойє
вул.Центральна, 27, с.Козиряни, Кельменецький р-н, Чернівецька обл., 60132","690","177","688","73","440","73","513","","0","440","73","513","12","501","45","2","9","0","0","27","3","398","3","7","3","4","29.10.12"
"730168","204","Чернівецька область","Народний дім, глядацька зала
вул.Центральна, 20, с.Коновка, Кельменецький р-н, Чернівецька обл., 60112","432","118","421","37","280","34","314","","0","280","34","314","7","307","16","4","12","0","0","35","4","230","1","4","0","1","29.10.12"
"730169","204","Чернівецька область","будинок народної творчості та дозвілля, фойє
вул.Центральна, 19, с.Комарів, Кельменецький р-н, Чернівецька обл., 60140","1374","469","1356","90","824","81","905","","0","824","81","905","38","867","110","11","37","8","10","84","5","573","10","11","2","6","29.10.12"
"730170","204","Чернівецька область","клуб, глядацька зала
вул.Травнева, 25, с.Кроква, Кельменецький р-н, Чернівецька обл., 60124","150","37","149","10","104","9","113","","0","104","9","113","3","110","4","0","5","0","1","36","2","60","0","1","0","1","28.10.12"
"730171","204","Чернівецька область","будинок культури, глядацька зала
вул.Головна, 45, с.Ленківці, Кельменецький р-н, Чернівецька обл., 60111","1704","561","1706","127","1021","122","1143","","0","1021","122","1143","50","1093","72","13","26","12","21","98","5","814","7","15","1","9","29.10.12"
"730172","204","Чернівецька область","будинок народної творчості та дозвілля, глядацька зала
вул.Головна, 32, с.Лівинці, Кельменецький р-н, Чернівецька обл., 60126","960","283","952","74","604","73","677","","0","604","73","677","21","656","81","6","31","3","25","50","9","427","12","6","1","5","28.10.12"
"730173","204","Чернівецька область","Народний дім, глядацька зала
пров.Долинський, 1, с.Лукачівка, Кельменецький р-н, Чернівецька обл., 60153","474","125","475","68","286","63","349","","0","286","63","349","7","342","35","3","18","0","2","50","8","201","3","14","2","6","29.10.12"
"730174","204","Чернівецька область","Народний дім, глядацька зала
вул.Шкільна, 11, с.Михайлівка, Кельменецький р-н, Чернівецька обл., 60126","354","98","352","26","232","24","256","","0","232","24","256","9","247","35","2","5","0","6","27","2","164","2","1","0","3","28.10.12"
"730175","204","Чернівецька область","будинок народної творчості та дозвілля, глядацька зала
вул.Бернівська, 18, с.Мошанець, Кельменецький р-н, Чернівецька обл., 60121","1032","204","1040","71","757","71","828","","0","757","71","828","16","812","90","8","22","3","4","53","14","602","3","5","3","5","29.10.12"
"730176","204","Чернівецька область","клуб, фойє
вул.Зелена, 14А, с.Нагоряни, Кельменецький р-н, Чернівецька обл., 60114","336","113","332","14","210","13","223","","0","210","13","223","20","203","34","4","16","0","0","18","5","110","6","7","0","3","29.10.12"
"730177","204","Чернівецька область","будинок культури, глядацька зала
вул.Паркова, 9, с.Нелипівці, Кельменцький р-н, Чернівецька обл., 60152","1602","724","1588","47","836","42","878","","0","836","42","878","49","829","112","8","58","7","14","76","7","495","11","26","0","15","29.10.12"
"730178","204","Чернівецька область","будинок культури, глядацька зала
вул.Головна, 77, с.Новоселиця, Кельменецький р-н, Чернівецька обл., 60151","1734","792","1719","78","881","61","942","","0","881","61","942","10","932","56","6","20","3","2","77","6","741","1","14","1","5","29.10.12"
"730179","204","Чернівецька область","клуб, глядацька зала
вул.Центральна, 3, с.Оселівка, Кельменецький р-н, Чернівецька обл., 60124","648","171","649","48","432","45","477","","0","432","45","477","18","459","18","5","16","2","15","33","2","342","6","5","2","13","29.10.12"
"730180","204","Чернівецька область","Будинок народної творчості та дозвілля, глядацька зала
вул.Центральна, 40, с.Перківці, Кельменецький р-н, Чернівецька обл., 60122","1002","188","1000","84","731","83","814","","0","731","83","814","23","791","56","9","63","1","7","94","8","540","7","2","0","4","29.10.12"
"730181","204","Чернівецька область","школа, спортивний зал
вул.Світла, 1, с.Путрине, Кельменецький р-н, Чернівецька обл., 60123","282","70","279","33","181","31","212","","0","181","31","212","12","200","14","0","8","0","0","14","4","156","0","2","0","2","28.10.12"
"730182","204","Чернівецька область","Народний дім, глядацька зала
вул.Центральна, 7, с.Подвір’ївка, Кельменецький р-н, Чернівецька обл., 60134","1674","718","1661","107","849","107","956","","0","849","107","956","26","930","36","7","37","3","3","66","8","739","7","10","3","11","29.10.12"
"730183","204","Чернівецька область","Будинок культури, глядацька зала
вул.Центральна, 38, с.Росошани, Кельменецький р-н, Чернівецька обл., 60154","1530","591","1518","48","893","46","939","","0","893","46","939","47","892","49","17","118","11","2","59","7","601","11","9","0","8","29.10.12"
"730184","204","Чернівецька область","клуб, глядацька зала
вул.Окружна, 8, с.Слобідка, Кельменецький р-н, Чернівецька обл., 60131","288","68","288","14","206","14","220","","0","206","14","220","8","212","11","5","12","0","1","11","0","164","2","5","0","1","01.11.12"
"730308","204","Чернівецька область","школа №1, актовий зал
вул.Шевченка, 11, м.Сокиряни, Сокирянський р-н, Чернівецька обл., 60200","2160","782","2100","21","1359","19","1378","","0","1359","19","1378","33","1345","213","9","67","9","36","109","23","791","14","65","2","7","29.10.12"
"730309","204","Чернівецька область","будинок культури, фойє
вул.О.Кобилянської, 19, м.Сокиряни, Сокирянський р-н, Чернівецька обл., 60200","1944","775","1934","31","1142","27","1169","","0","1142","27","1169","31","1138","139","9","27","4","20","84","11","780","13","35","1","15","29.10.12"
"730310","204","Чернівецька область","гімназія, актовий зал
вул.Ватутіна, 17, м.Сокиряни, Сокирянський р-н, Чернівецька обл., 60200","2316","893","2279","44","1383","40","1423","","0","1383","40","1423","64","1359","254","17","59","7","23","118","15","775","13","61","0","17","29.10.12"
"730311","204","Чернівецька область","кафе ""Зустріч"", зал
вул.Московська, 29, м.Сокиряни, Сокирянський р-н, Чернівецька обл., 60200","1062","363","1056","10","689","10","699","","0","689","10","699","37","662","88","5","27","5","6","65","5","433","5","18","0","5","29.10.12"
"730312","204","Чернівецька область","будинок культури, фойє
вул.Центральна, 9, с.Білоусівка, Сокирянський р-н, Чернівецька обл., 60233","2286","764","2259","40","1488","34","1522","","0","1488","34","1522","81","1441","209","17","72","11","41","80","10","948","8","33","1","11","29.10.12"
"730313","204","Чернівецька область","будинок культури, фойє
пров.Б.Хмельницького, 1, с.Братанівка, Сокирянський р-н, Чернівецька обл., 60210","486","135","481","40","316","35","351","","0","316","35","351","11","340","9","5","6","1","2","25","10","273","4","1","0","4","28.10.12"
"730314","204","Чернівецька область","будинок культури, фойє
вул.Центральна, 4, с.Василівка, Сокирянський р-н, Чернівецька обл., 60232","1182","309","1175","46","830","43","873","","0","830","43","873","41","832","116","10","33","1","4","86","14","526","13","20","0","9","29.10.12"
"730315","204","Чернівецька область","будинок культури, фойє
вул.Грушевського, 25, с.Вашківці, Сокирянський р-н, Чернівецька обл., 60222","1320","421","1310","68","839","60","899","","0","839","60","899","20","879","54","8","33","2","12","103","6","633","5","10","3","10","29.10.12"
"730316","204","Чернівецька область","школа, актовий зал
вул.Грушевського, 27, с.Вашківці, Сокирянський р-н, Чернівецька обл., 60222","1368","494","1356","61","814","60","874","","0","814","60","874","30","844","46","5","31","3","16","110","10","594","7","15","2","5","29.10.12"
"730317","204","Чернівецька область","установа дозвілля, фойє
вул.Б.Хмельницького, 2А, с.Нова Слобода, Сокирянький р-н, Чернівецька обл., 60222","156","47","154","5","104","5","109","","0","104","5","109","3","106","9","1","2","0","0","3","5","79","3","3","0","1","28.10.12"
"730318","204","Чернівецька область","будинок культури, фойє
вул.Шевченка, 14А, с.Вітрянка, Сокирянський р-н, Чернівецька обл., 60214","900","258","871","22","621","21","642","","0","621","21","642","11","631","42","7","51","4","4","55","18","437","6","6","0","1","29.10.12"
"730319","204","Чернівецька область","навчально-виховний комплекс, актовий зал
вул.Шевченка, 39, с.Волошкове, Сокирянський р-н, Чернівецька обл., 60209","588","187","581","30","371","30","401","","0","371","30","401","19","382","13","5","11","2","4","41","9","280","7","10","0","0","28.10.12"
"730320","204","Чернівецька область","будинок культури, фойє
вул.Шевченка, 1, с.Гвіздівці, Сокирянський р-н, Чернівецька обл., 60225","1272","455","1242","31","792","25","817","","0","792","25","817","36","781","97","13","19","3","7","36","10","565","17","10","1","3","29.10.12"
"730321","204","Чернівецька область","будинок культури, фойє
вул.Шевченка, 1, с.Грубна, Сокирянського р-н, Чернівецька обл., 60220","1368","254","1355","75","1053","61","1114","","0","1053","61","1114","29","1085","18","2","12","2","3","14","7","997","5","21","1","3","29.10.12"
"730322","204","Чернівецька область","будинок культури, фойє
вул.Я.Мудрого, 80, с.Коболчин, Сокирянський р-н, Чернівецька обл., 60231","1740","471","1729","2","1267","2","1269","","0","1267","2","1269","52","1217","99","14","46","5","8","56","11","943","2","24","0","9","29.10.12"
"730323","204","Чернівецька область","навчально-виховний комплекс, актовий зал
вул.Шкільна, 5А, с.Кормань, Сокирянський р-н, Чернівецька обл., 60213","750","171","739","13","567","12","579","","0","567","12","579","19","560","51","2","15","0","0","84","4","387","5","6","1","5","29.10.12"
"730324","204","Чернівецька область","адмінбудинок, актовий зал
вул.Мічуріна, 1А, с.Кулішівка, Сокирянський р-н, Чернівецька обл., 60215","786","205","771","19","563","18","581","","0","563","18","581","6","575","23","2","4","0","15","14","11","496","2","6","0","2","29.10.12"
"730325","204","Чернівецька область","школа, актовий зал
вул.Незалежності, 9, с.Ломачинці, Сокирянський р-н, Чернівецька обл., 60235","1470","603","1432","65","818","49","867","","0","818","49","867","49","818","118","13","51","5","29","113","10","434","17","20","1","7","29.10.12"
"730326","204","Чернівецька область","будинок культури, фойє
вул.Шевченка, 64, с.Лопатів, Сокирянського р-н, Чернівецька обл., 60212","462","109","459","15","338","15","353","","0","338","15","353","11","342","28","3","18","2","1","33","10","238","3","3","1","2","28.10.12"
"730327","204","Чернівецька область","будинок культури, фойє
вул.Макаренка, 2, с.Михалкове, Сокирянський р-н, Чернівецька обл., 60234","1806","358","1785","122","1337","111","1448","","0","1337","111","1448","34","1414","188","13","20","7","29","27","15","1093","8","6","1","7","29.10.12"
"730328","204","Чернівецька область","школа, актовий зал
вул.Головна, 47А, с.Олексіївка, Сокирянський р-н, Чернівецька обл., 60223","852","308","828","25","519","25","544","","0","519","25","544","24","520","37","10","15","3","7","58","10","364","8","3","1","4","29.10.12"
"730329","204","Чернівецька область","навчально-виховний комплекс, актовий зал
вул.О.Кобилянської, 24, с.Новоолексіївка, Сокирянський р-н, Чернівецька обл., 60224","288","119","281","12","160","9","169","","0","160","9","169","9","160","9","0","13","0","1","22","10","93","3","8","0","1","29.10.12"
"730330","204","Чернівецька область","будинок культури, фойє
вул.Л.Українки, 24, с.Ожеве, Сокирянський р-н, Чернівецька обл., 60237","864","222","862","57","585","57","642","","0","585","57","642","21","621","58","15","11","1","4","68","15","429","2","13","0","5","01.11.12"
"730331","204","Чернівецька область","будинок культури, зал урочистих подій
вул.Головна, 39, с.Романківці, Сокирянський р-н, Чернівецька обл., 60226","2034","501","2006","54","1482","51","1533","","0","1482","51","1533","28","1505","77","8","19","4","19","46","4","1288","11","21","2","6","30.10.12"
"730332","204","Чернівецька область","гімназія, фойє
вул.Головна, 36, с.Романківці, Сокирянський р-н, Чернівецька обл., 60226","1884","496","1874","39","1349","39","1388","","0","1348","39","1387","45","1342","75","2","26","9","22","57","13","1107","9","14","3","5","29.10.12"
"730333","204","Чернівецька область","будинок культури, фойє
вул.Центральна, 54, с.Селище, Сокирянський р-н, Чернівецька обл., 60216","1128","356","1122","42","731","41","772","","0","731","41","772","32","740","49","10","47","1","16","64","8","525","3","12","2","3","29.10.12"
"730334","204","Чернівецька область","будинок культури, фойє
вул.Л.Українки, 47, с.Сербичани, Сокирянський р-н, Чернівецька обл., 60230","1170","318","1160","44","810","42","852","","0","810","42","852","24","828","136","3","17","3","6","38","10","595","6","10","2","2","29.10.12"
"730335","204","Чернівецька область","будинок культури, фойє
вул.О.Кобилянської, 17, с.Шебутинці, Сокирянський р-н, Чернівецька обл., 60211","1170","224","1160","64","883","63","946","","0","883","63","946","23","923","35","8","15","0","14","111","6","716","4","10","2","2","29.10.12"
"730336","204","Чернівецька область","школа, актовий зал
вул.Шкільна, 4, с.Шишківці, Сокирянський р-н, Чернівецька обл., 60221","1248","401","1243","46","809","38","847","","0","809","38","847","22","825","45","5","23","1","6","48","4","674","0","12","1","6","29.10.12"
"730337","204","Чернівецька область","клуб для засуджених, фойє
пров.Ватутіна, 8, м.Сокиряни, Сокирянський р-н, Чернівецька обл., 60200","1260","21","1239","0","1239","0","1239","","0","1239","0","1239","97","1142","42","22","17","13","11","17","14","944","16","11","7","28","29.10.12"
"730395","204","Чернівецька область","школа №1, актова зала
вул.Воїнів-Визволителів, 62, м.Хотин, Хотинський р-н, Чернівецька обл., 60000","2332","1133","2338","18","1181","18","1199","","0","1181","18","1199","48","1151","270","10","229","44","87","56","10","359","21","35","19","11","29.10.12"
"730396","204","Чернівецька область","будинок народної творчості, фойє
вул.Олімпійська, 84, м.Хотин, Хотинський р-н, Чернівецька обл., 60000","1998","819","1982","17","1165","14","1179","","0","1165","14","1179","43","1136","253","19","271","68","64","61","7","349","6","31","4","3","29.10.12"
"730397","204","Чернівецька область","Хотинський технікум ПДАУ, спортивна зала
вул.Незалежності, 54Б, м.Хотин, Хотинський р-н, Чернівецька обл., 60000","2016","856","2006","11","1149","11","1160","","0","1149","11","1160","53","1107","228","12","194","58","84","70","10","390","15","31","13","2","29.10.12"
"730398","204","Чернівецька область","школа №5, актова зала
вул.Шевченка, 36, м.Хотин, Хотинський р-н, Чернівецька обл., 60000","1608","786","1601","11","814","8","822","","0","814","8","822","36","786","187","14","190","32","58","45","8","213","12","14","6","7","29.10.12"
"730399","204","Чернівецька область","навчально виховний комплекс, фойє
вул.Шкільна, 1, с.Анадоли, Хотинський р-н, Чернівецька обл., 60009","696","183","688","31","482","31","513","","0","482","31","513","24","489","53","10","76","14","21","38","6","255","0","12","2","2","29.10.12"
"730400","204","Чернівецька область","сільський клуб, актова зала
пров.Л.Українки, 4, с.Атаки, Хотинський р-н, Чернівецька обл., 60008","504","214","500","8","284","6","290","","0","284","6","290","14","276","85","3","70","6","2","19","16","64","5","4","0","2","29.10.12"
"730401","204","Чернівецька область","будинок культури, актова зала
вул.Головна, 22Б, с.Білівці, Хотинський р-н, Чернівецька обл., 60053","726","218","721","35","473","35","508","","0","473","35","508","45","463","82","9","68","3","4","30","39","193","7","17","6","5","29.10.12"
"730402","204","Чернівецька область","об’єкт дозвілля, актова зала
вул.28 Червня, 2Б, с.Блищадь, Хотинський р-н, Чернівецька обл., 60005","102","25","100","11","66","11","77","","0","66","11","77","3","74","11","1","6","0","2","1","3","29","1","2","18","0","28.10.12"
"730403","204","Чернівецька область","навчально-виховний комплекс, фойє
вул.Шкільна, 1, с.Бочківці, Хотинський р-н, Чернівецька обл., 60021","1398","519","1383","84","798","81","879","","0","798","81","879","28","851","69","28","83","7","143","35","9","436","5","12","16","8","29.10.12"
"730404","204","Чернівецька область","Зарожанське сільське споживче товориство, зал обрядових послуг
вул.О.Кобилянської, 43, с.Владична, Хотинський р-н, Чернівецька обл., 60033","1242","411","1245","48","786","45","831","","0","786","45","831","30","801","108","13","85","4","60","26","3","481","5","5","7","4","29.10.12"
"730405","204","Чернівецька область","сільський клуб, актова зала
вул.40-чя Перемоги, 4, с.Ворничани, Хотинський р-н, Чернівецька обл., 60042","480","163","472","9","308","9","317","","0","308","9","317","9","308","47","7","38","5","8","146","6","32","15","4","0","0","29.10.12"
"730406","204","Чернівецька область","сільський клуб, актова зала
вул.Головна, 1А, с.Гордівці, Хотинський р-н, Чернівецька обл., 60005","324","75","318","12","237","12","249","","0","237","12","249","14","235","9","1","29","7","1","19","7","143","0","16","2","1","29.10.12"
"730407","204","Чернівецька область","початкова школа, актова зала
вул.Катерини Спотар, 8, с.Гринячка, Хотинський р-н, Чернівецька обл., 60005","108","33","108","6","69","6","75","","0","69","6","75","5","70","3","2","12","1","1","5","3","31","2","2","7","1","28.10.12"
"730408","204","Чернівецька область","будинок культури, актова зала
вул.Головна, 51, с.Грозинці, Хотинський р-н, Чернівецька обл., 60020","1620","525","1598","37","1062","33","1095","","0","1062","33","1095","34","1061","142","25","115","5","105","38","5","595","3","9","14","5","29.10.12"
"730409","204","Чернівецька область","будинок культури, актова зала
вул.Свято Покровська, 51, с.Данківці, Хотинський р-н, Чернівецька обл., 60041","774","300","763","54","425","49","474","","0","425","49","474","43","431","106","5","82","7","9","39","12","142","7","13","4","5","29.10.12"
"730410","204","Чернівецька область","будинок народної творчості та дозвілля, актова зала
вул.Незалежності, 20, с.Долиняни, Хотинський р-н, Чернівецька обл., 60043","1146","398","1144","26","722","26","748","","0","722","26","748","37","711","43","2","36","2","3","66","3","532","10","10","1","3","29.10.12"
"730411","204","Чернівецька область","навчально виховний комплекс, актова зала
вул.Перемоги, 3, с.Зарожани, Хотинський р-н, Чернівецька обл., 60034","1260","640","1253","18","602","18","620","","0","602","18","620","37","583","102","11","86","7","61","14","17","249","9","11","12","4","29.10.12"
"730412","204","Чернівецька область","будинок культури, фойє
вул.О.Кобилянської, 17, с.Зарожани, Хотинський р-н, Чернівецька обл., 60034","1080","459","1077","15","606","15","621","","0","606","15","621","31","590","61","4","111","8","27","13","12","322","6","10","13","3","29.10.12"
"730413","204","Чернівецька область","школа-сад, фойє
вул.Головна, 20А, с.Зелена Липа, Хотинський р-н, Чернівецька обл., 60005","312","88","308","13","212","12","224","","0","212","12","224","5","219","21","8","23","3","0","2","4","141","2","9","6","0","29.10.12"
"730414","204","Чернівецька область","школа, фойє
вул.Лесі Українки, 15, с.Каплівка, Хотинський р-н, Чернівецька обл., 60040","1128","553","1112","57","520","55","575","","0","520","55","575","41","534","72","14","107","16","27","44","29","198","6","12","2","7","29.10.12"
"730415","204","Чернівецька область","школа, актова зала
вул.Головна, 27, с.Керстенці, Хотинський р-н, Чернівецька обл., 60050","1008","449","1001","42","518","41","559","","0","518","41","559","37","522","39","8","45","6","28","132","15","207","7","5","24","6","28.10.12"
"730416","204","Чернівецька область","приміщення кафе ""Колос"" велика зала
вул.Головна, 61, с.Клішківці, Хотинський р-н, Чернівецька обл., 60014","1668","790","1654","11","868","10","878","","0","868","10","878","29","849","51","8","416","2","18","19","11","270","3","7","44","0","29.10.12"
"730417","204","Чернівецька область","гімназія, актова зала
вул.Д.Карвацького, 9, с.Клішківці, Хотинський р-н, Чернівецька обл., 60014","1698","864","1680","23","811","23","834","","0","811","23","834","35","799","42","4","328","3","13","25","12","316","9","5","40","2","29.10.12"
"730418","204","Чернівецька область","школа, фойє
вул.Струмінського, 2, с.Клішківці, Хотинський р-н, Чернівецька обл., 60014","1572","792","1561","24","761","19","780","","0","761","19","780","44","736","30","7","293","9","31","25","9","237","6","12","76","1","29.10.12"
"730419","204","Чернівецька область","навчально-виховний комплекс, спортивна зала
вул.Головна, 103А, с.Колінківці, Хотинський р-н, Чернівецька обл., 60023","1758","788","1739","13","957","13","970","","0","957","13","970","58","912","64","7","81","6","15","69","14","629","11","6","3","7","29.10.12"
"730420","204","Чернівецька область","будинок культури, актова зала
вул.Головна, 84, с.Колінківці, Хотинський р-н, Чернівецька обл., 60023","2130","1077","2117","6","1047","6","1053","","0","1046","6","1052","75","977","88","24","69","8","29","183","7","532","7","15","7","8","29.10.12"
"730421","204","Чернівецька область","об’єкт дозвілля, актова зала
вул.Незалежності, 8, с.Корнешти, Хотинський р-н, Чернівецька обл., 60005","108","30","105","4","74","4","78","","0","74","4","78","4","74","20","3","21","6","1","1","0","11","0","1","10","0","29.10.12"
"730422","204","Чернівецька область","будинок культури, актова зала
вул.Головна, 57А, с.Круглик, Хотинський р-н, Чернівецька обл., 60051","1248","425","1232","74","758","65","823","","0","758","65","823","57","766","181","15","52","19","14","50","15","373","17","15","5","10","29.10.12"
"730423","204","Чернівецька область","будинок культури, фойє
вул.Головна, 26, с.Крутеньки, Хотинський р-н, Чернівецька обл., 60054","780","249","770","31","500","31","531","","0","500","31","531","27","504","59","4","60","10","3","27","8","316","5","7","3","2","28.10.12"
"730424","204","Чернівецька область","сільська рада, зал засідань
вул.Ів.Франка, 32, с.Малинці, Хотинський р-н, Чернівецька обл., 60024","1722","792","1710","28","907","23","930","","0","907","23","930","43","887","140","21","137","9","80","16","18","432","11","6","15","2","29.10.12"
"730425","204","Чернівецька область","будинок культури, актова зала
вул.Грушевського, 2, с.Млинки, Хотинський р-н, Чернівецька обл., 60015","360","100","359","16","249","11","260","","0","249","11","260","7","253","23","2","42","1","1","25","4","134","1","4","13","3","29.10.12"
"730426","204","Чернівецька область","будинок культури, фойє
вул.Головна, 28А, с.Недобоївці, Хотинський р-н, Чернівецька обл., 60035","2430","987","2417","19","1424","19","1443","","0","1424","19","1443","58","1385","178","14","168","15","38","153","6","769","16","8","9","11","29.10.12"
"730427","204","Чернівецька область","будинок дозвілля, актова зала
вул.Річна, 7, с.Орестівка, Хотинський р-н, Чернівецька обл., 60007","444","181","437","14","250","13","263","","0","250","13","263","19","244","30","4","57","0","17","51","12","61","2","7","1","2","29.10.12"
"730428","204","Чернівецька область","будинок культури, актова зала
вул.Ольги Кобилянської, 26, с.Пашківці, Хотинський р-н, Чернівецька обл., 60052","726","162","721","49","515","49","564","","0","515","49","564","29","535","52","8","28","9","1","10","8","391","1","20","2","5","30.10.12"
"730429","204","Чернівецька область","школа, мала зала
вул.Шевченка, 50А, с.Перебиківці, Хотинський р-н, Чернівецька обл., 60010","1686","647","1674","33","1007","32","1039","","0","1007","32","1039","54","985","156","31","111","5","56","46","13","503","15","18","13","18","29.10.12"
"730430","204","Чернівецька область","школа, фойє
вул.Свято-Дмитріївська, 55, с.Поляна, Хотинський р-н, Чернівецька обл., 60016","858","219","859","40","602","37","639","","0","602","37","639","16","623","90","9","99","8","28","20","5","326","2","4","30","2","29.10.12"
"730431","204","Чернівецька область","сільський клуб, актова зала
вул.Головна, 44А, с.Пригородок, Хотинський р-н, Чернівецька обл., 60006","636","224","630","13","399","13","412","","0","399","13","412","17","395","58","2","60","10","11","24","7","190","4","17","2","10","28.10.12"
"730432","204","Чернівецька область","будинок культури, актова зала
вул.Головна, 14, с.Рашків, Хотинський р-н, Чернівецька обл., 60017","822","217","816","55","553","52","605","","0","553","52","605","15","590","69","6","40","9","16","29","4","396","6","3","7","5","29.10.12"
"730433","204","Чернівецька область","школа, спортивна зала
вул.Головна, 46, с.Рукшин, Хотинський р-н, Чернівецька обл., 60030","1188","637","1169","5","546","5","551","","0","546","5","551","31","520","93","3","206","4","13","21","4","152","5","13","3","3","29.10.12"
"730434","204","Чернівецька область","школа, мала зала
вул.Головна, 46, с.Рукшин, Хотинський р-н, Чернівецька обл., 60030","1320","790","1305","3","527","3","530","","0","527","3","530","32","498","79","8","172","15","28","25","4","151","6","5","0","5","29.10.12"
"730435","204","Чернівецька область","сільський клуб, мала зала
вул.Головна, 15, с.Рухотин, Хотинський р-н, Чернівецька обл., 60005","294","82","288","22","190","22","212","","0","190","22","212","3","209","33","2","29","3","0","3","6","112","3","5","13","0","29.10.12"
"730436","204","Чернівецька область","будинок культури, актова зала
вул.Головна, 94А, с.Санківці, Хотинський р-н, Чернівецька обл., 60025","678","217","671","21","440","21","461","","0","440","21","461","28","433","31","1","46","2","28","15","9","281","5","8","1","6","29.10.12"
"730437","204","Чернівецька область","школа, актова зала
вул.Головна, 1, с.Ставчани, Хотинський р-н, Чернівецька обл., 60044","1248","423","1239","54","773","52","825","","0","773","52","825","46","779","185","8","82","4","11","36","17","416","5","7","1","7","29.10.12"
"730438","204","Чернівецька область","сільський клуб, фойє
вул.Хрестовоздвиженська, 2, с.Чепоноси, Хотинський р-н, Чернівецька обл., 60031","1008","483","1005","5","520","5","525","","0","520","5","525","38","487","44","7","98","2","7","44","11","228","11","19","10","6","29.10.12"
"730439","204","Чернівецька область","школа, фойє
вул.Миру, 11, с.Шилівці, Хотинський р-н, Чернівецька обл., 60022","2268","802","2251","134","1373","93","1466","","0","1373","93","1466","43","1423","95","57","101","2","261","21","3","853","6","9","6","9","29.10.12"
"730440","204","Чернівецька область","навчально виховний комплекс, актова зала
вул.Молодіжна, 18, с.Ширівці, Хотинський р-н, Чернівецька обл., 60032","1302","529","1302","16","757","16","773","","0","757","16","773","32","741","59","16","100","5","52","38","5","425","12","17","5","7","29.10.12"
"730441","204","Чернівецька область","будинок культури, актова зала
вул.О.Кобилянської, 6, с.Ярівка, Хотинський р-н, Чернівецька обл., 60055","822","302","813","26","494","26","520","","0","494","26","520","31","489","64","12","66","13","4","20","21","262","7","15","2","3","29.10.12"
"730442","204","Чернівецька область","школа, хол
Новодністровська школа ІІ-ІІІ ступенів, мікрорайон ""Діброва"", м.Новодністровськ, Чернівецька обл., 60236","2106","1051","2082","7","1053","2","1055","","0","1053","2","1055","45","1010","283","13","115","3","17","309","35","136","17","70","1","11","29.10.12"
"730443","204","Чернівецька область","спортивний комплекс, фойє, 2-й поверх
Обласний комунальний заклад ""ДЮСШ у м.Новодністровськ"", Промзона, квартал 10, будівля 15, м.Новодністровськ, Чернівецька обл., 60236","2070","967","2057","11","1093","10","1103","","0","1093","10","1103","42","1061","314","18","118","11","17","292","42","151","14","71","2","11","29.10.12"
"730444","204","Чернівецька область","музична школа, хол
Музична школа, мікрорайон ""Сонячний"", м.Новодністровськ, Чернівецька обл., 60236","2052","977","2031","5","1070","5","1075","","0","1070","5","1075","46","1029","339","17","108","6","19","294","36","148","16","33","1","12","29.10.12"
"730445","204","Чернівецька область","міська гімназія, хол
Новодністровська міська гімназія, мікрорайон ""Сонячний"", м.Новодністровськ, Чернівецької обл., 60236","2496","1258","2477","7","1234","4","1238","","0","1234","4","1238","43","1195","460","27","123","12","13","262","48","165","23","42","3","17","29.10.12"
