"№ ВД","OBO","Назва регіону України","Місцезнаходження та адреса приміщення для голосування","1) К-сть одержаних бюлетенів","2) К-сть невикористаних бюлетенів","3) К-сть виборців, внесених до списку виборців","4) К-сть виборців, внесених до витягу зі списку виборців","5) К-сть виборців, які отримали бюлетені у приміщенні","6) К-сть виборців, які отримали за місцем перебування","7) Сумарна к-сть виборців, які отримали бюлетені","8) К-сть бюлетенів, що виявилися у кожній скринці","9) К-сть бюлетенів, що не підлягають врахуванню","10) К-сть виборців, які взяли участь у голос. у приміщенні для гол.","11) К-сть виборців, які взяли участь у голос. за місцем перебування","12) К-сть виборців, які взяли участь у голосуванні на виборчій дільниці","13) К-сть бюлетенів, визнаних недійсними","14) Сумарна к-сть голосів виборців ЗА","Вчорашній
Павло
Юрійович","Гавриленко
Володимир
Іванович","Гвоздь
Микола
Гаврилович","Гресь
Володимир
Анатолійович","Гришкін
Олександр
Петрович","Згура
Віталій
Олександрович","Зубик
Володимир
Володимирович","Кравченко
Наталія
Іванівна","Малий
Олег
Георгійович","Островський
Олег
Анатолійович","Пацьора
Михайло
Іванович","Радуцький
Олександр
Романович","Чуприна
Олександр
Олександрович","Дата підписання протоколу"
"000001","195","Черкаська область","фойє
вул.Конєва, 4, м.Черкаси, 18029","30","8","22","0","22","0","22","","0","22","0","22","0","22","2","0","0","0","0","0","19","0","0","0","0","0","1","28.10.12"
"000002","195","Черкаська область","фойє
вул. 30-річчя Перемоги, 16, м. Черкаси, 18029","84","24","64","0","60","0","60","","0","60","0","60","4","56","2","0","0","7","4","0","25","4","2","1","0","3","8","28.10.12"
"710036","195","Черкаська область","школа, актова зала
вул.Леніна, 37, с.Безпальче, Драбівський р-н, Черкаська обл., 19832","492","120","487","27","349","23","372","","0","349","23","372","11","361","3","1","3","132","1","4","169","10","3","8","0","8","19","29.10.12"
"710037","195","Черкаська область","будинок культури, фойє
вул.Громова, 13, с.Безбородьки, Драбівський р-н, Черкаська обл., 19835","840","259","839","31","551","30","581","","0","551","30","581","19","562","2","4","3","128","4","7","351","10","9","3","1","14","26","28.10.12"
"710038","195","Черкаська область","будинок культури, малий зал
вул.Леніна, 24, с.Бирлівка, Драбівський р-н, Черкаська обл., 19821","1278","351","1262","108","819","108","927","","0","819","108","927","20","907","2","4","2","176","3","9","648","20","13","5","0","5","20","29.10.12"
"710039","195","Черкаська область","фельдшерський пункт, кабінет прийому громадян
вул.Петровського, 19, с.Перше Травня, Драбівський р-н, Черкаська обл., 19821","96","11","103","7","79","6","85","","0","79","6","85","1","84","0","0","0","23","1","1","52","1","0","0","0","5","1","29.10.12"
"710040","195","Черкаська область","будинок культури №1, фойє
вул.Калініна, 17, с.Білоусівка, Драбівський р-н, Черкаська обл., 19845","522","149","517","36","337","36","373","","0","337","36","373","8","365","3","4","3","95","0","3","211","7","12","0","1","6","20","29.10.12"
"710041","195","Черкаська область","будинок культури №2, фойє
вул.Комсомольська, 14, с.Білоусівка, Драбівський р-н, Черкаська обл., 19845","1074","358","1062","35","682","34","716","","0","682","34","716","29","687","1","3","8","258","7","9","317","11","6","4","1","7","55","28.10.12"
"710042","195","Черкаська область","будинок культури, актова зала
вул.Леніна, 6, с.Бойківщина, Драбівський р-н, Черкаська обл., 19853","480","116","477","79","287","77","364","","0","287","77","364","5","359","3","2","4","88","0","2","232","3","4","4","2","2","13","29.10.12"
"710043","195","Черкаська область","будинок культури, актова зала
вул.Шевченка, 38, с.Вершина-Згарська, Драбівський р-н, Черкаська обл., 19855","204","41","202","4","159","4","163","","0","159","4","163","2","161","0","0","1","50","1","1","86","3","4","0","2","4","9","28.10.12"
"710044","195","Черкаська область","будинок культури, зал засідань
вул.Леніна, 125, с.Великий Хутір, Драбівський р-н, Черкаська обл., 19854","846","336","830","40","474","36","510","","0","474","36","510","15","495","6","8","7","168","8","2","195","38","15","6","0","13","29","28.10.12"
"710045","195","Черкаська область","сільський клуб, зал засідань
вул.Центральна, 21, с.Великий Хутір, Драбівський р-н, Черкаська обл., 19854","702","303","694","54","347","52","399","","0","347","52","399","12","387","2","0","10","196","1","0","101","10","14","10","3","6","34","29.10.12"
"710046","195","Черкаська область","будинок культури, фойє
вул.Леніна, 39, с.Демки, Драбівський р-н, Черкаська обл., 19822","618","200","614","2","416","2","418","","0","416","2","418","19","399","3","1","5","122","2","3","222","10","5","4","1","5","16","28.10.12"
"710047","195","Черкаська область","сільський клуб, фойє
вул.Комінтерна, 1/4, с.Новомиколаївка, Драбівський р-н, Черкаська обл., 19822","186","59","184","2","125","2","127","","0","125","2","127","8","119","1","0","1","42","1","3","57","2","3","1","0","2","6","29.10.12"
"710048","195","Черкаська область","сільський клуб, глядацький зал
вул.Жовтнева, сільський клуб, с-ще Драбове-Барятинське, Драбівський р-н, Черкаська обл., 19842","1344","452","1328","84","810","82","892","","0","810","82","892","22","870","9","2","8","291","4","10","395","12","41","14","4","18","62","29.10.12"
"710049","195","Черкаська область","будинок культури, фойє
вул.Леніна, будинок культури, с-ще Драбове-Барятинське, Драбівський р-н, Черкаська обл., 19842","540","145","544","14","383","12","395","","0","383","12","395","11","384","0","1","2","138","2","9","185","6","9","0","1","5","26","29.10.12"
"710050","195","Черкаська область","сільський клуб, зал засідань
вул.Шевченка, 37, с.Жорнокльови, Драбівський р-н, Черкаська обл., 19833","294","75","293","2","217","2","219","","0","217","2","219","3","216","2","0","4","35","1","2","142","5","12","4","1","3","5","28.10.12"
"710051","195","Черкаська область","будинок культури, фойє
вул.Шевченка, 30, с.Золотоношка, Драбівський р-н, Черкаська обл., 19830","498","136","494","17","348","14","362","","0","348","14","362","8","354","2","2","4","65","0","7","224","6","8","5","5","5","21","28.10.12"
"710052","195","Черкаська область","будинок культури, глядацький зал
вул.Леніна, 2, с.Кантакузівка, Драбівський р-н, Черкаська обл., 19823","606","179","602","7","420","7","427","","0","420","7","427","5","422","5","2","6","129","3","11","232","5","10","0","3","6","10","28.10.12"
"710053","195","Черкаська область","будинок культури, глядацький зал
вул.Леніна, 53, с.Коломиці, Драбівський р-н, Черкаська обл., 19824","528","64","515","57","407","57","464","","0","407","57","464","4","460","4","0","5","119","0","7","282","7","12","2","1","5","16","30.10.12"
"710054","195","Черкаська область","будинок культури, фойє
вул.Паркова, 3, с.Кононівка, Драбівський р-н, Черкаська обл., 19810","552","226","542","6","321","5","326","","0","321","5","326","14","312","4","2","3","162","3","2","74","9","11","4","0","4","34","29.10.12"
"710055","195","Черкаська область","ТОВ ""Інагро-Драбів"", зал їдальні
вул.Молодіжна, 8, с-ще Кононівка, Драбівський р-н, Черкаська обл., 19810","336","121","342","11","205","10","215","","0","205","10","215","7","208","5","0","1","103","2","3","63","3","7","3","1","2","15","29.10.12"
"710056","195","Черкаська область","будинок культури, зал урочистих подій
вул.Кірова, 1, с.Ковалівка, Драбівський р-н, Черкаська обл., 19811","486","128","482","11","347","11","358","","0","347","11","358","9","349","3","2","4","92","1","7","202","9","5","2","1","6","15","28.10.12"
"710057","195","Черкаська область","школа, спортивний зал
вул.Залізнична, 18, с.Гречанівка, Драбівський р-н, Черкаська обл., 19811","186","67","179","3","116","3","119","","0","116","3","119","0","119","1","1","2","48","0","2","46","4","1","2","0","1","11","28.10.12"
"710058","195","Черкаська область","ТОВ ""Аграрник"", зал
вул.Жовтнева, 3, с.Криштопівка, Драбівський р-н, Черкаська обл., 19830","282","92","281","6","184","6","190","","0","184","6","190","4","186","0","0","0","48","0","3","124","2","3","1","2","1","2","29.10.12"
"710059","195","Черкаська область","будинок культури, фойє
вул.Радянська, 27А, с.Левченкове, Драбівський р-н, Черкаська обл., 19834","366","80","361","16","271","15","286","","0","271","15","286","2","284","0","0","3","103","0","3","148","5","3","1","1","4","13","29.10.12"
"710060","195","Черкаська область","сільський клуб, фойє
вул.Подільська, 74А, с.Тополі, Драбівський р-н, Черкаська обл., 19834","174","47","168","12","116","11","127","","0","116","11","127","2","125","1","1","2","37","0","1","79","1","0","0","0","2","1","28.10.12"
"710061","195","Черкаська область","будинок культури, фойє
вул.Шкільна, будинок культури, с.Ленінське, Драбівський р-н, Черкаська обл., 19852","318","106","309","3","209","3","212","","0","209","3","212","10","202","0","3","4","89","1","2","81","4","1","6","0","5","6","28.10.12"
"710062","195","Черкаська область","сільська рада, зал засідань
вул.Леніна, 151, с.Мехедівка, Драбівський р-н, Черкаська обл., 19851","546","158","536","51","340","48","388","","0","340","48","388","7","381","1","5","2","74","2","5","258","4","16","1","2","2","9","28.10.12"
"710063","195","Черкаська область","будинок культури, фойє
вул.Жовтнева, 198, с.Митлашівка, Драбівський р-н, Черкаська обл., 19841","678","79","670","39","560","39","599","","0","560","39","599","6","593","1","0","5","167","2","9","343","11","14","2","1","10","28","28.10.12"
"710064","195","Черкаська область","сільський клуб, актова зала
вул.Жовтнева, сільський клуб, с.Олімпіадівка, Драбівський р-н, Черкаська обл., 19841","282","62","279","17","203","17","220","","0","203","17","220","10","210","1","0","2","49","2","3","116","11","7","6","0","2","11","28.10.12"
"710065","195","Черкаська область","будинок культури, фойє
вул.Леніна, будинок культури, с.Михайлівка, Драбівський р-н, Черкаська обл., 19850","828","234","822","20","576","18","594","","0","576","18","594","4","590","2","3","3","153","3","6","356","11","8","8","4","8","25","29.10.12"
"710066","195","Черкаська область","сільський клуб, глядацький зал
вул.Неверовського, сільський клуб, с.Павлівщина, Драбівський р-н, Черкаська обл., 19850","216","51","219","17","149","16","165","","0","149","16","165","5","160","1","1","1","24","1","3","111","6","2","3","0","2","5","28.10.12"
"710067","195","Черкаська область","сільський клуб, глядацький зал
вул.Мічуріна, 2, с.Мойсівка, Драбівський р-н, Черкаська обл., 19815","444","116","441","7","323","5","328","","0","323","5","328","14","314","0","0","0","69","0","4","221","6","4","0","0","6","4","29.10.12"
"710068","195","Черкаська область","сільський клуб, фойє
вул.Ворошилова, 2, с.Нехайки, Драбівський р-н, Черкаська обл., 19831","774","223","769","39","512","39","551","","0","512","39","551","10","541","1","5","10","203","1","12","241","6","17","4","0","9","32","28.10.12"
"710069","195","Черкаська область","сільський клуб, фойє
вул.Петровського, 19, с.Петровського, Драбівський р-н, Черкаська обл., 19831","180","41","180","6","133","6","139","","0","133","6","139","1","138","1","2","0","36","0","1","82","1","10","1","0","1","3","28.10.12"
"710070","195","Черкаська область","сільський клуб, актова зала
вул.Шевченка, 141, с.Остапівка, Драбівський р-н, Черкаська обл., 19825","288","56","290","2","230","2","232","","0","230","2","232","2","230","1","1","0","50","1","3","148","3","1","3","2","2","15","28.10.12"
"710071","195","Черкаська область","школа, актова зала
вул.Жовтнева, 13, с.Перервинці, Драбівський р-н, Черкаська обл., 19840","612","186","602","53","376","50","426","","0","376","50","426","8","418","3","2","2","155","3","2","186","6","18","4","1","7","29","28.10.12"
"710072","195","Черкаська область","будинок культури, великий зал
вул.Леніна, 68, с.Погреби, Драбівський р-н, Черкаська обл., 19814","882","336","870","50","504","42","546","","0","504","42","546","15","531","2","6","3","251","3","5","194","18","10","1","2","10","26","29.10.12"
"710073","195","Черкаська область","будинок культури, читальний зал
вул.Леніна, будинок культури, с-ще Рецюківщина, Драбівський р-н, Черкаська обл., 19836","354","105","353","12","237","12","249","","0","237","12","249","6","243","2","0","1","43","2","4","168","4","4","1","0","3","11","28.10.12"
"710074","195","Черкаська область","сільський клуб, актова зала
вул.Набережна, 137, с.Рождественське, Драбівський р-н, Черкаська обл., 19855","240","69","232","10","161","10","171","","0","161","10","171","3","168","1","0","2","64","0","1","70","6","10","2","1","4","7","28.10.12"
"710075","195","Черкаська область","будинок культури, фойє
вул.Леніна, 31, с.Степанівка, Драбівський р-н, Черкаська обл., 19813","750","258","736","71","427","65","492","","0","427","65","492","12","480","9","3","6","184","9","11","184","10","11","6","3","9","35","29.10.12"
"710076","195","Черкаська область","сільський клуб, фойє
вул.Леніна, 31А, с.Свічківка, Драбівський р-н, Черкаська обл., 19825","396","94","396","18","285","17","302","","0","285","17","302","3","299","1","0","4","70","3","5","177","4","8","4","0","9","14","29.10.12"
"710077","195","Черкаська область","будинок культури, фойє
вул.Леніна, 131, с.Яворівка, Драбівський р-н, Черкаська обл., 19820","594","189","592","16","389","16","405","","0","389","16","405","10","395","4","0","0","141","1","4","204","7","5","0","2","7","20","29.10.12"
"710078","195","Черкаська область","Центр культури і дозвілля, фойє
вул.Леніна, 40, смт Драбів, Драбівський р-н, Черкаська обл., 19800","2292","863","2260","27","1403","26","1429","","0","1403","26","1429","29","1400","3","3","12","532","6","14","595","35","38","20","5","20","117","29.10.12"
"710079","195","Черкаська область","школа імені Васильченка, фойє
вул.Молодіжна, 1, смт Драбів, Драбівський р-н, Черкаська обл., 19800","1776","691","1764","13","1072","13","1085","","0","1072","13","1085","24","1061","2","4","7","374","2","17","450","24","54","28","0","16","83","28.10.12"
"710080","195","Черкаська область","кінотеатр імені Шевченка, фойє
вул.Шевченка, 1, смт Драбів, Драбівський р-н, Черкаська обл., 19800","1212","452","1206","51","709","51","760","","0","709","51","760","10","750","2","4","7","292","2","8","337","24","15","9","2","10","38","29.10.12"
"710081","195","Черкаська область","бібліотека №1, читальний зал
вул.Червоноармійська, 2, смт Драбів, Драбівський р-н, Черкаська обл., 19800","480","166","481","9","306","8","314","","0","306","8","314","11","303","0","1","3","114","1","6","139","5","4","11","1","5","13","28.10.12"
"710082","195","Черкаська область","будинок культури, фойє
вул.Декабристів, 1, смт Шрамківка, Драбівський р-н, Черкаська обл., 19812","2274","1031","2248","46","1198","45","1243","","0","1198","45","1243","46","1197","4","4","11","432","5","9","553","30","39","16","8","12","74","29.10.12"
"710083","195","Черкаська область","сільський клуб, фойє
вул.Гагаріна, 9, с-ще Вишневе, Драбівський р-н, Черкаська обл., 19812","192","57","200","1","134","1","135","","0","134","1","135","4","131","1","3","2","23","1","4","75","2","4","1","0","1","14","28.10.12"
"710738","195","Черкаська область","школа, спортзал
вул.Алея Миру, 10, с.Боровиця, Чигиринський р-н, Черкаська обл., 20921","1356","272","1353","88","999","85","1084","","0","999","85","1084","17","1067","6","4","4","254","6","10","663","17","16","20","5","11","51","29.10.12"
"710739","195","Черкаська область","Будинок культури, актова зала
вул.Стежка, 28А, с.Вершаці, Чигиринський р-н, Черкаська обл., 20943","534","147","527","31","358","29","387","","0","358","29","387","13","374","1","0","3","34","1","7","292","3","17","2","0","1","13","28.10.12"
"710740","195","Черкаська область","Будинок культури, актова зала
вул.Знам’янська, 24А, с.Тарасо-Григорівка, Чигиринський р-н, Черкаська обл., 20943","144","42","140","7","95","7","102","","0","95","7","102","0","102","0","0","0","5","0","3","82","0","4","3","0","0","5","28.10.12"
"710741","195","Черкаська область","школа, спортзал
вул.Б.Хмельницького, 135А, с.Галаганівка, Чигиринський р-н, Черкаська обл., 20915","726","215","715","50","465","46","511","","0","465","46","511","8","503","0","0","2","55","2","6","373","4","18","11","1","4","27","29.10.12"
"710742","195","Черкаська область","школа, їдальня
вул.Шкільна, 56, с.Головківка, Чигиринський р-н, Черкаська обл., 20936","936","278","930","58","605","53","658","","0","605","53","658","19","639","0","5","1","96","4","11","432","12","19","10","1","7","41","29.10.12"
"710743","195","Черкаська область","контора ТОВ ""Церматт"", актова зала
вул.Хутір, 2, с.Зам’ятниця, Чигиринський р-н, Черкаська обл., 20931","174","32","174","39","108","34","142","","0","108","34","142","0","142","0","0","0","27","1","1","96","2","7","3","1","0","4","28.10.12"
"710744","195","Черкаська область","сільський будинок культури, актова зала
пров.Садовий, 1, с.Іванівка, Чигиринський р-н, Черкаська обл., 20942","528","193","526","49","291","44","335","","0","291","44","335","10","325","1","5","6","50","2","0","179","4","38","10","1","1","28","29.10.12"
"710745","195","Черкаська область","Будинок культури, фойе
вул.Черкаська, 42, с.Красносілля, Чигиринський р-н, Черкаська обл., 20925","492","138","486","57","299","55","354","","0","299","55","354","5","349","1","1","1","49","0","10","238","5","14","16","0","1","13","29.10.12"
"710746","195","Черкаська область","сільський Будинок культури, актова зала
вул.Перемоги, 15, с.Матвіївка, Чигиринський р-н, Черкаська обл., 20941","474","99","469","56","326","49","375","","0","326","49","375","6","369","3","1","2","47","3","7","279","2","7","3","1","1","13","28.10.12"
"710747","195","Черкаська область","сільська рада, зала засідань
вул.Б.Хмельницького, 44В, с.Медведівка, Чигиринський р-н, Черкаська обл., 20930","1032","313","1017","74","651","68","719","","0","651","68","719","9","710","2","3","2","148","4","6","429","6","14","34","2","5","55","29.10.12"
"710748","195","Черкаська область","школа, актова зала
вул.І.Гудковського, 3, с.Івківці, Чигиринський р-н, Черкаська обл., 20932","192","61","193","42","101","30","131","","0","101","30","131","3","128","0","0","2","17","1","3","83","1","8","2","0","1","10","29.10.12"
"710749","195","Черкаська область","сільська рада, актова зала
вул.Холодноярська, 114, с.Мельники, Чигиринський р-н, Черкаська обл., 20933","756","192","748","100","468","96","564","","0","468","96","564","14","550","1","3","4","137","8","7","303","8","8","22","1","3","45","29.10.12"
"710750","195","Черкаська область","Будинок культури, актова зала
вул.Чигиринська, 55, с.Новоселиця, Чигиринський р-н, Черкаська обл., 20934","576","171","564","84","333","72","405","","0","333","72","405","4","401","1","5","4","96","3","3","243","9","8","16","2","1","10","28.10.12"
"710751","195","Черкаська область","Будинок культури, фойе
вул.Центральна, 74В, с.Рацеве, Чигиринський р-н, Черкаська обл., 20910","1878","676","1865","45","1160","42","1202","","0","1160","42","1202","21","1181","3","2","10","278","6","14","697","14","43","21","1","7","85","29.10.12"
"710752","195","Черкаська область","школа, спортзал
вул.Гагаріна, 39А, с.Вітове, Чигиринський р-н, Черкаська обл., 20911","774","286","766","25","463","25","488","","0","463","25","488","11","477","1","3","3","69","5","5","321","5","30","6","1","0","28","28.10.12"
"710753","195","Черкаська область","школа, спортзал
пров.Шкільний, 3, с.Стецівка, Чигиринський р-н, Черкаська обл., 20914","960","321","950","64","580","59","639","","0","580","59","639","12","627","6","2","1","95","2","8","432","10","28","16","2","4","21","29.10.12"
"710754","195","Черкаська область","адмінбудинок, актова зала
вул.Жотнева, 27, с.Суботів, Чигиринський р-н, Черкаська обл., 20940","564","145","506","51","380","39","419","","0","380","39","419","10","409","2","1","2","78","2","6","246","6","12","13","0","0","41","29.10.12"
"710755","195","Черкаська область","Будинок культури, фойе
вул.Молодіжна, 14, с.Тіньки, Чигиринський р-н, Черкаська обл., 20924","1638","535","1632","77","1028","75","1103","","0","1028","75","1103","17","1086","4","3","6","398","2","12","552","10","27","20","2","7","43","29.10.12"
"710756","195","Черкаська область","Будинок культури, фойе
вул.Соборності, 50/1, с.Топилівка, Чигиринський р-н, Черкаська обл., 20920","840","230","826","68","545","65","610","","0","545","65","610","16","594","1","0","6","201","0","9","318","3","10","11","2","5","28","29.10.12"
"710757","195","Черкаська область","сільський будинок культури, актовий зал
вул.Черкаська, 12, с.Трушівці, Чигиринський р-н, Черкаська обл., 20922","936","307","921","63","572","57","629","","0","572","57","629","22","607","2","0","11","116","1","7","425","3","5","6","2","3","26","28.10.12"
"710758","195","Черкаська область","Будинок культури, фойе
вул.Чигиринська, 1, с.Худоліївка, Чигиринський р-н, Черкаська обл., 20923","492","157","487","37","301","34","335","","0","301","34","335","9","326","3","2","0","71","0","3","184","9","12","14","1","7","20","29.10.12"
"710759","195","Черкаська область","школа №2, спортзал, 1-й поверх
вул.Богдана Хмельницького, 121, м.Чигирин, Чигиринський р-н, Черкаська обл., 20901","2520","948","2495","68","1515","57","1572","","0","1515","57","1572","40","1532","3","3","9","240","7","16","944","21","66","85","7","9","122","29.10.12"
"710760","195","Черкаська область","технікум Уманського НУС, актова зала, 1-й поверх
вул.Замкова, 86, м.Чигирин, Чигиринський р-н, Черкаська обл., 20901","2358","906","2338","105","1355","97","1452","","0","1355","97","1452","28","1424","4","5","4","6","276","12","824","18","53","70","2","10","140","29.10.12"
"710761","195","Черкаська область","Будинок культури, танцювальний зал, 2-й поверх
вул.Богдана Хмельницького, 28, м.Чигирин, Чигиринський р-н, Черкаська обл., 20901","1530","541","1522","35","959","30","989","","0","959","30","989","22","967","3","1","3","169","1","9","512","15","34","83","0","9","128","29.10.12"
"710762","195","Черкаська область","Коопзаготпром, актова зала, 2-й поверх
вул.Гетьманська, 21, м.Чигирин, Чигиринський р-н, Черкаська обл., 20901","1595","686","1595","38","885","24","909","","0","885","24","909","35","874","3","2","5","163","4","10","495","13","24","66","1","4","84","29.10.12"
"710763","195","Черкаська область","школа №3, спортзал, 2-й поверх
вул.Миру, 14, м.Чигирин, Чигиринський р-н, Черкаська обл., 20901","1872","905","1855","10","961","6","967","","0","961","6","967","21","946","2","3","5","210","6","5","488","13","32","72","3","2","105","29.10.12"
"710764","195","Черкаська область","центральна районна лікарня, приймальне відділення, 1-й поверх
вул.Замкова, 90, м.Чигирин, Чигиринський р-н, Черкаська обл., 20901","156","103","63","2","51","2","53","","0","51","2","53","1","52","0","0","0","6","0","1","38","1","1","2","1","1","1","28.10.12"
"710765","195","Черкаська область","офісне приміщення магазину ""Апельсин"", зал №1
вул.Леніна, 222А, смт Чорнобай, Чорнобаївський р-н, Черкаська обл., 19900","1284","443","1272","21","822","19","841","","0","822","19","841","24","817","2","4","8","394","3","13","257","27","28","10","1","5","65","29.10.12"
"710766","195","Черкаська область","районний будинок культури, фойє
вул.Леніна, 158, смт Чорнобай, Чорнобаївський р-н, Черкаська обл., 19900","1626","503","1613","16","1107","16","1123","","0","1107","16","1123","21","1102","1","2","6","518","4","13","403","28","15","25","8","7","72","29.10.12"
"710767","195","Черкаська область","палац спорту, вестибюль
вул.Комсомольська, 2, смт Чорнобай, Чорнобаївський р-н, Черкаська обл., 19900","1860","652","1852","24","1184","24","1208","","0","1184","24","1208","11","1197","1","2","2","611","3","15","412","23","23","18","10","11","66","29.10.12"
"710768","195","Черкаська область","школа №2, вестибюль
вул.Черкаська, 85, смт Чорнобай, Чорнобаївський р-н, Черкаська обл., 19900","1422","464","1397","21","939","19","958","","0","939","19","958","16","942","3","1","5","467","0","24","339","19","13","11","4","5","51","29.10.12"
"710769","195","Черкаська область","адмінбудинок СТОВ ""Агроко"", вестибюль
вул.Крупської, 44, смт Чорнобай, Чорнобаївський р-н, Черкаська обл., 19900","792","268","784","27","497","27","524","","0","497","27","524","7","517","0","1","2","212","0","5","211","20","16","12","5","1","32","28.10.12"
"710770","195","Черкаська область","сільський клуб, вестибюль
вул.Леніна, 15, с.Бакаєве, Чорнобаївський р-н, Черкаська обл., 19921","300","74","303","25","202","24","226","","0","202","24","226","4","222","0","0","3","136","0","1","55","11","3","0","2","1","10","28.10.12"
"710771","195","Черкаська область","сільський будинок культури, глядацький зал
вул.Гагаріна, 38А, с.Богодухівка, Чорнобаївський р-н, Черкаська обл., 19914","1152","379","1144","77","697","76","773","","0","697","76","773","25","748","0","1","8","251","1","71","323","15","32","3","1","9","33","29.10.12"
"710772","195","Черкаська область","приватний адмінбудинок, актовий зал
вул.Дружби, 54, с.Богодухівка, Чорнобаївський р-н, Черкаська обл., 19914","876","291","866","101","487","98","585","","0","487","98","585","20","565","1","3","4","218","0","53","229","10","23","4","0","4","16","28.10.12"
"710773","195","Черкаська область","сільський будинок культури, фойє
вул.Леніна, 56, с.Васютинці, Чорнобаївський р-н, Черкаська обл., 19963","1044","173","1040","98","778","93","871","","0","778","93","871","22","849","0","0","9","179","1","11","612","6","3","4","2","3","19","29.10.12"
"710774","195","Черкаська область","сільський будинок культури, фойє
вул.Леніна, 3, с.Велика Бурімка, Чорнобаївський р-н, Черкаська обл., 19940","1032","367","1016","41","625","40","665","","0","625","40","665","9","656","1","0","2","199","0","2","367","41","18","1","3","5","17","28.10.12"
"710775","195","Черкаська область","сільський клуб, фойє
вул.Молодіжна, 9, с.Велика Бурімка, Чорнобаївський р-н, Черкаська обл., 19940","300","83","305","10","207","10","217","","0","207","10","217","3","214","1","0","1","70","0","1","118","10","1","0","6","0","6","28.10.12"
"710776","195","Черкаська область","сільський будинок культури, глядацький зал
вул.Леніна, 36, с.Великі Канівці, Чорнобаївський р-н, Черкаська обл., 19930","984","277","975","64","644","63","707","","0","644","63","707","3","704","0","2","13","435","1","6","163","21","12","8","9","6","28","29.10.12"
"710777","195","Черкаська область","сільський будинок культури, фойє
вул.Леніна, 108, с.Вереміївка, Чорнобаївський р-н, Черкаська обл., 19972","1242","271","1228","114","862","109","971","","0","862","109","971","17","954","1","4","4","318","3","4","565","8","2","5","11","4","25","29.10.12"
"710778","195","Черкаська область","сільський будинок культури, танцювальний зал
вул.Радгоспна, 11, с.Веселий Хутір, Чорнобаївський р-н, Черкаська обл., 19923","534","166","533","16","352","16","368","","0","352","16","368","6","362","0","2","2","85","0","0","250","5","6","5","2","1","4","28.10.12"
"710779","195","Черкаська область","школа-сад, актовий зал
вул.Леніна, 41, с.Воронинці, Чорнобаївський р-н, Черкаська обл., 19935","300","70","300","32","199","31","230","","0","199","31","230","9","221","1","0","2","63","2","4","113","10","2","1","2","5","16","28.10.12"
"710780","195","Черкаська область","сільська бібліотека, читальний зал
вул.Горького, 4, с.Григорівка, Чорнобаївський р-н, Черкаська обл., 19926","264","65","258","18","181","18","199","","0","181","18","199","2","197","0","1","0","87","1","2","80","11","3","1","2","3","6","29.10.12"
"710781","195","Черкаська область","сільський будинок культури, фойє
вул.Леніна, 93А, с.Жовнине, Чорнобаївський р-н, Черкаська обл., 19973","624","144","616","82","404","76","480","","0","404","76","480","6","474","0","4","3","170","1","6","236","10","11","3","4","6","20","28.10.12"
"710782","195","Черкаська область","школа-сад, класна кімната
вул.Шевченка, 16, с-ще Жовтневе, Чорнобаївський р-н, Черкаська обл., 19955","222","52","215","26","146","24","170","","0","146","24","170","1","169","0","0","0","60","0","2","96","1","1","1","0","1","7","28.10.12"
"710783","195","Черкаська область","сільський клуб, глядацький зал
вул.Леніна, 20А, с-ще Жовтневий Промінь, Чорнобаївський р-н, Черкаська обл., 19900","78","17","78","9","52","9","61","","0","52","9","61","1","60","0","0","0","9","0","2","49","0","0","0","0","0","0","28.10.12"
"710784","195","Черкаська область","сільський клуб, фойє
вул.Зарічна, 3, с.Загородище, Чорнобаївський р-н, Черкаська обл., 19950","156","35","151","7","114","7","121","","0","114","7","121","3","118","0","0","0","48","0","0","57","4","1","0","0","0","8","28.10.12"
"710785","195","Черкаська область","сільський будинок культури, фойє
вул.Леніна, 1, с.Іркліїв, Чорнобаївський р-н, Черкаська обл., 19950","1722","501","1712","48","1174","47","1221","","0","1174","47","1221","27","1194","5","2","3","391","2","20","593","38","10","22","4","10","94","29.10.12"
"710786","195","Черкаська область","адмінбудинок СТОВ ""Кліщинське"", актовий зал
вул.Орла, 5, с.Кліщинці, Чорнобаївський р-н, Черкаська обл., 19971","840","237","830","70","533","70","603","","0","533","70","603","12","591","2","6","2","175","3","9","346","9","7","4","6","7","15","29.10.12"
"710787","195","Черкаська область","сільський клуб, глядацький зал
вул.Леніна, 21Г, с.Коврай, Чорнобаївський р-н, Черкаська обл., 19953","150","28","145","15","107","15","122","","0","107","15","122","0","122","0","0","2","32","2","2","78","2","2","0","0","0","2","28.10.12"
"710788","195","Черкаська область","сільський будинок культури, танцювальний зал
вул.Леніна, 48, с-ще Комінтерн, Чорнобаївський р-н, Черкаська обл., 19911","522","76","513","32","414","32","446","","0","414","32","446","6","440","0","0","0","42","0","6","377","4","1","2","1","2","5","29.10.12"
"710789","195","Черкаська область","сільський будинок культури, фойє
вул.Івана Піддубного, 77, с.Красенівка, Чорнобаївський р-н, Черкаська обл., 19910","492","47","484","53","392","53","445","","0","392","53","445","2","443","3","1","0","52","0","5","356","1","14","0","1","1","9","28.10.12"
"710790","195","Черкаська область","сільський клуб, фойє
вул.Колгоспна, 6, с.Красенівка, Чорнобаївський р-н, Черкаська обл., 19910","256","16","254","26","214","26","240","","0","214","26","240","3","237","0","0","1","48","2","1","180","1","1","0","0","2","1","28.10.12"
"710791","195","Черкаська область","сільський будинок культури, фойє
вул.Устименка, 130, с.Крутьки, Чорнобаївський р-н, Черкаська обл., 19932","1026","293","1018","69","665","68","733","","0","665","68","733","13","720","3","0","12","253","1","6","326","13","13","9","12","5","67","28.10.12"
"710792","195","Черкаська область","навчально-виховний комплекс, вестибюль
вул.Жовтнева, 13, с.Ленінське, Чорнобаївський р-н, Черкаська обл., 19961","546","118","542","33","395","33","428","","0","395","33","428","4","424","0","0","0","42","0","4","373","3","0","0","0","0","2","29.10.12"
"710793","195","Черкаська область","сільський будинок культури, хоровий клас
вул.Шевченка, 39, с.Лихоліти, Чорнобаївський р-н, Черкаська обл., 19944","564","142","553","46","377","45","422","","0","377","45","422","7","415","1","0","6","153","5","1","217","9","1","5","4","3","10","28.10.12"
"710794","195","Черкаська область","сільський будинок культури, фойє
вул.Володимира Мироненка, 27, с.Лукашівка, Чорнобаївський р-н, Черкаська обл., 19926","822","258","814","30","535","29","564","","0","535","29","564","11","553","3","0","4","231","0","7","267","15","8","3","2","2","11","29.10.12"
"710795","195","Черкаська область","сільський будинок культури, фойє
вул.Леніна, 19Б, с.Лящівка, Чорнобаївський р-н, Черкаська обл., 19960","912","294","903","71","555","63","618","","0","555","63","618","17","601","1","3","5","189","5","6","273","14","12","2","59","4","28","30.10.12"
"710796","195","Черкаська область","сільський будинок культури, фойє
вул.Леніна, 14А, с.Мала Бурімка, Чорнобаївський р-н, Черкаська обл., 19924","630","158","629","49","423","49","472","","0","423","49","472","6","466","0","2","4","144","3","4","266","17","11","1","3","7","4","28.10.12"
"710797","195","Черкаська область","сільський клуб, глядацький зал
вул.Леніна, 28, с.Малі Канівці, Чорнобаївський р-н, Черкаська обл., 19931","552","173","546","33","347","32","379","","0","347","32","379","7","372","1","0","4","197","0","5","125","3","13","2","0","3","19","29.10.12"
"710798","195","Черкаська область","фельдшерський пункт, вестибюль
вул.30 років Перемоги, 27, с.Мар’янівка, Чорнобаївський р-н, Черкаська обл., 19922","78","24","79","0","54","0","54","","0","54","0","54","3","51","0","0","1","14","0","0","32","1","0","0","0","1","2","28.10.12"
"710799","195","Черкаська область","сільський будинок культури, фойє
вул.Леніна, 101А, с.Мельники, Чорнобаївський р-н, Черкаська обл., 19934","1074","394","1061","45","635","45","680","","0","635","45","680","19","661","1","0","4","269","3","11","261","24","7","14","10","8","49","28.10.12"
"710800","195","Черкаська область","сільська бібліотека, читальний зал
вул.Лесі Українки, 43А, с.Михайлівка, Чорнобаївський р-н, Черкаська обл., 19941","180","57","174","21","105","18","123","","0","105","18","123","4","119","1","0","0","25","0","4","72","5","5","0","5","0","2","28.10.12"
"710801","195","Черкаська область","сільський будинок культури, фойє
вул.Шевченка, 39Д, с.Москаленки, Чорнобаївський р-н, Черкаська обл., 19970","1176","355","1163","76","747","74","821","","0","747","74","821","13","808","1","3","5","369","3","4","305","26","15","3","10","23","41","29.10.12"
"710802","195","Черкаська область","школа-сад, вестибюль
вул.Гоголя, 45А, с.Мохнач, Чорнобаївський р-н, Черкаська обл., 19925","216","62","212","18","136","18","154","","0","136","18","154","2","152","0","0","1","57","0","2","80","4","3","0","4","0","1","28.10.12"
"710803","195","Черкаська область","навчально-виховний комплекс, вестибюль
вул.Леніна, 15А, с.Нове Життя, Чорнобаївський р-н, Черкаська обл., 19912","204","75","202","20","109","20","129","","0","109","20","129","4","125","0","1","3","60","0","8","44","1","0","1","0","0","7","29.10.12"
"710804","195","Черкаська область","сільський клуб, глядацький зал
вул.Котовського, 12, с.Новоселиця, Чорнобаївський р-н, Черкаська обл., 19926","240","64","236","31","145","31","176","","0","145","31","176","2","174","0","0","0","55","1","2","111","0","1","0","0","1","3","28.10.12"
"710805","195","Черкаська область","сільський будинок культури, танцювальний зал
вул.Леніна, 16А, с.Новоукраїнка, Чорнобаївський р-н, Черкаська обл., 19942","594","126","579","74","398","70","468","","0","398","70","468","8","460","4","5","5","131","1","5","272","6","9","0","6","7","9","29.10.12"
"710806","195","Черкаська область","сільський клуб, глядацький зал
вул.Леніна, 33, с.Першотравневе, Чорнобаївський р-н, Черкаська обл., 19953","282","32","281","19","231","19","250","","0","231","19","250","6","244","0","0","3","56","1","4","159","4","3","0","0","7","7","28.10.12"
"710807","195","Черкаська область","сільський будинок культури, глядацький зал
вул.Леніна, 31А, с.Придніпровське, Чорнобаївський р-н, черкаська обл., 19952","804","233","792","42","530","41","571","","0","530","41","571","14","557","3","0","4","239","4","7","216","15","5","1","4","9","50","28.10.12"
"710808","195","Черкаська область","сільський будинок культури, фойє
вул.Леніна, 2, с.Ревбинці, Чорнобаївський р-н, Черкаська обл., 19943","618","154","615","80","385","79","464","","0","385","79","464","10","454","0","1","1","192","0","3","224","7","6","0","2","3","15","29.10.12"
"710809","195","Черкаська область","сільська бібліотека, вестибюль
вул.Леніна, 29, с.Савківка, Чорнобаївський р-н, Черкаська обл., 19900","264","61","260","16","188","15","203","","0","188","15","203","5","198","0","0","1","105","1","4","78","1","2","0","2","2","2","28.10.12"
"710810","195","Черкаська область","сільський клуб, фойє
вул.Жовтнева, 29, с.Скородистик, Чорнобаївський р-н, Черкаська обл., 19951","1176","377","1168","86","716","83","799","","0","716","83","799","21","778","4","4","5","293","3","14","314","31","9","7","21","14","59","29.10.12"
"710811","195","Черкаська область","школа, спортивний зал
вул.Леніна, 19, с.Старий Коврай, Чорнобаївський р-н, Черкаська обл., 19954","666","130","663","52","486","50","536","","0","486","50","536","12","524","1","1","4","99","2","4","387","6","3","2","1","3","11","29.10.12"
"710812","195","Черкаська область","сільський клуб, вестибюль
вул.Свердлова, 16, с.Тарасівка, Чорнобаївський р-н, Черкаська обл., 19913","372","70","360","47","259","43","302","","0","259","43","302","2","300","0","0","1","88","0","1","192","7","2","1","0","2","6","28.10.12"
"710813","195","Черкаська область","сільський будинок культури, фойє
вул.Леніна, 21, с.Тимченки, Чорнобаївський р-н, Черкаська обл., 19962","804","182","802","75","551","71","622","","0","551","71","622","9","613","0","0","3","218","2","11","332","2","9","3","3","4","26","29.10.12"
"710814","195","Черкаська область","сільський будинок культури, фойє
вул.Леніна, 21А, с.Франківка, Чорнобаївський р-н, Черкаська обл., 19920","426","43","427","18","365","18","383","","0","365","18","383","7","376","0","0","0","79","1","1","277","4","0","1","0","3","10","29.10.12"
"710815","195","Черкаська область","сільський будинок культури, танцювальний зал
вул.Щорса, 39, с.Хрестителеве, Чорнобаївський р-н, Черкаська обл., 19922","894","347","889","30","523","24","547","","0","523","24","547","18","529","1","1","14","280","4","13","166","9","9","6","7","8","11","28.10.12"
"710816","195","Черкаська область","сільський клуб, глядацький зал
вул.Шевченка, 41, с.Червоногірка, Чорнобаївський р-н, Черкаська обл., 19950","234","38","233","7","189","7","196","","0","189","7","196","2","194","3","1","2","92","0","1","78","0","4","2","0","3","8","28.10.12"
"710817","195","Черкаська область","фельдшерський пункт, вестибюль
вул.Шевченка, 14, с.Червонохижинці, Чорнобаївський р-н, Черкаська обл., 19951","66","7","66","13","46","13","59","","0","46","13","59","1","58","0","0","1","13","0","0","39","0","1","0","1","2","1","28.10.12"
"710818","195","Черкаська область","сільський клуб, фойє
вул.Леніна, 44, с.Чехівка, Чорнобаївський р-н, Черкаська обл., 19933","414","131","401","129","155","128","283","","0","155","128","283","5","278","0","0","1","29","0","3","228","2","4","3","2","2","4","28.10.12"
"710819","195","Черкаська область","центральна районна лікарня, актовий зал
вул.Леніна, 221, смт Чорнобай, Чорнобаївський р-н, Черкаська обл., 19900","174","120","56","35","19","35","54","","0","19","35","54","0","54","1","0","0","16","0","2","26","1","3","2","0","0","3","28.10.12"
"711043","195","Черкаська область","Черкаський обласний центр еколого-натуралістичної творчості, актова зала
вул.Смілянська, 132, м.Черкаси, 18029","1488","617","1484","7","864","7","871","","0","864","7","871","30","841","2","2","8","312","5","6","244","8","42","12","0","41","159","29.10.12"
"711045","195","Черкаська область","гуртожиток №33, актова зала
пров.Крупської, 2, м.Черкаси, 18008","2370","1255","2372","16","1105","10","1115","","0","1105","10","1115","57","1058","7","7","13","332","4","9","285","30","86","35","3","58","189","29.10.12"
"711046","195","Черкаська область","школа №8, фойє
вул.Смілянська, 88/2, м.Черкаси, 18008","1464","677","1460","8","781","6","787","","0","781","6","787","32","755","7","6","4","225","2","6","228","18","82","14","3","37","123","29.10.12"
"711047","195","Черкаська область","колегіум ""Берегиня"", фойє
вул.Хоменка, 14/1, м.Черкаси, 18008","2010","1112","1985","7","892","6","898","","0","892","6","898","25","873","3","3","7","317","4","6","173","23","80","26","1","60","170","29.10.12"
"711048","195","Черкаська область","колегіум ""Берегиня"", фойє, 2-й поверх
вул.Хоменка, 14/1, м.Черкаси, 18008","2238","1001","2218","5","1232","5","1237","","0","1232","5","1237","30","1207","7","4","9","402","2","6","361","23","56","30","5","52","250","29.10.12"
"711050","195","Черкаська область","школа №26, фойє, 1-й поверх
вул.Конєва, 15, м.Черкаси, 18029","2370","999","2346","9","1362","9","1371","","0","1362","9","1371","36","1335","5","2","8","520","5","4","320","30","97","37","5","67","235","29.10.12"
"711051","195","Черкаська область","школа №26, фойє, 2-й поверх
вул.Конєва, 15, м.Черкаси, 18029","2142","985","2119","7","1152","5","1157","","0","1152","5","1157","26","1131","9","2","5","375","1","4","315","18","81","47","4","62","208","29.10.12"
"711052","195","Черкаська область","школа №26, фойє, 3-й поверх
вул.Конєва, 15, м.Черкаси, 18029","2238","1059","2217","11","1173","6","1179","","0","1173","6","1179","42","1137","6","0","5","384","4","5","353","21","59","34","1","69","196","29.10.12"
"711053","195","Черкаська область","школа №30, фойє, 1-й поверх
вул.Маршала Батицького, 14, м.Черкаси, 18029","1902","799","1913","8","1095","8","1103","","0","1095","8","1103","46","1057","4","7","6","405","2","8","269","23","64","45","2","60","162","30.10.12"
"711054","195","Черкаська область","школа №30, фойє, 1-й поверх
вул.Маршала Батицького, 14, м.Черкаси, 18029","1914","812","1898","13","1090","12","1102","","0","1090","12","1102","32","1070","3","4","9","407","2","4","272","11","81","33","1","53","190","29.10.12"
"711055","195","Черкаська область","школа №30, фойє, 2-й поверх
вул.Маршала Батицького, 14, м.Черкаси, 18029","1770","748","1765","6","1016","6","1022","","0","1016","6","1022","34","988","2","5","8","397","6","7","254","10","49","21","2","65","162","29.10.12"
"711056","195","Черкаська область","Черкаський художньо-технічний коледж, актова зала
вул.Сумгаїтська, 13, м.Черкаси, 18029","2172","916","2159","8","1249","7","1256","","0","1248","7","1255","45","1210","9","2","10","382","7","10","315","15","43","46","4","115","252","30.10.12"
"711057","195","Черкаська область","Черкаський художньо-технічний коледж, фойє
вул.Сумгаїтська, 13, м.Черкаси, 18029","2304","1250","2273","5","1050","4","1054","","0","1050","4","1054","29","1025","1","4","7","324","6","4","310","20","29","29","3","69","219","29.10.12"
"711058","195","Черкаська область","спеціалізована школа №27, фойє, 1-й поверх
вул.Сумгаїтська, 22, м.Черкаси, 18032","2298","1014","2276","6","1278","6","1284","","0","1278","6","1284","36","1248","4","5","8","457","4","7","328","23","54","42","3","85","228","28.10.12"
"711059","195","Черкаська область","спеціалізована школа №27, фойє, 1-й поверх
вул.Сумгаїтська, 22, м.Черкаси, 18032","2358","962","2332","6","1394","2","1396","","0","1394","2","1396","47","1349","2","2","6","491","3","10","400","22","72","32","2","61","246","28.10.12"
"711060","195","Черкаська область","спеціалізована школа №28, фойє №1
вул.Гайдара, 3, м.Черкаси, 18028","2358","1022","2356","6","1332","4","1336","","0","1332","4","1336","51","1285","10","4","6","450","3","8","325","24","61","40","1","66","287","29.10.12"
"711061","195","Черкаська область","спеціалізована школа №28, фойє №2
вул.Гайдара, 3, м.Черкаси, 18028","2370","1003","2350","9","1358","9","1367","","0","1358","9","1367","34","1333","9","9","8","491","5","6","383","18","72","30","4","68","230","29.10.12"
"711062","195","Черкаська область","школа №32, спортивна зала старшої школи
вул.Гайдара, 10, м.Черкаси, 18028","2160","896","2141","6","1258","6","1264","","0","1257","6","1263","41","1222","2","3","11","443","3","9","270","21","67","59","6","39","289","28.10.12"
"711063","195","Черкаська область","школа №32, зала хореографії
вул.Гайдара, 10, м.Черкаси, 18024","2118","973","2102","7","1138","7","1145","","0","1138","7","1145","46","1099","2","6","8","371","6","7","295","18","52","47","3","48","236","29.10.12"
"711064","195","Черкаська область","школа №32, спортивна зала №2
вул.Гайдара, 10, м.Черкаси, 18024","1452","728","1428","1","723","1","724","","0","723","1","724","22","702","3","3","3","264","2","2","177","12","29","33","1","42","131","29.10.12"
"711065","195","Черкаська область","приміщення виробничого цеху Черкаситеплокомуненерго, спортивна зала
вул.Ярославська, 6, м.Черкаси, 18029","2262","1006","2237","9","1248","8","1256","","0","1248","8","1256","33","1223","10","3","6","396","4","9","334","28","76","46","3","74","234","29.10.12"
"711066","195","Черкаська область","приміщення виробничого цеху Черкаситеплокомуненерго, спортивна зала
вул.Ярославська, 6, м.Черкаси, 18029","2376","1069","2376","5","1303","4","1307","","0","1303","4","1307","40","1267","6","6","7","430","2","7","324","22","56","44","3","66","294","29.10.12"
"711067","195","Черкаська область","школа №36, спортивна зала
вул.Підполковника Красніка, 3, с-ще Оршанець, м.Черкаси, 18007","684","196","688","0","488","0","488","","0","488","0","488","25","463","8","4","2","47","4","6","290","21","12","8","0","11","50","29.10.12"
"711074","195","Черкаська область","Черкаська обласна організація Товариство сприяння обороні України, фойє, 1-й поверх
вул.Хрещатик, 195, м.Черкаси, 18001","2304","1038","2269","34","1243","23","1266","","0","1243","23","1266","36","1230","8","3","14","479","3","7","163","20","124","47","4","108","250","29.10.12"
"711075","195","Черкаська область","гімназія №1, спортивна зала
вул.Кірова, 68, м.Черкаси, 18001","1860","757","1859","13","1093","10","1103","","0","1093","10","1103","49","1054","3","4","11","374","3","12","166","14","69","28","3","114","253","29.10.12"
"711076","195","Черкаська область","спеціалізована школа №3, вестибюль
вул.Байди Вишневецького, 58, м.Черкаси, 18000","2394","932","2391","21","1445","17","1462","","0","1445","17","1462","67","1395","6","4","8","504","5","7","250","29","105","44","6","131","296","29.10.12"
"711077","195","Черкаська область","спеціалізована школа №3, вестибюль
вул.Байди Вишневецького, 58, м.Черкаси, 18000","2280","1029","2271","41","1222","29","1251","","0","1222","29","1251","53","1198","7","5","13","383","5","6","261","32","113","39","6","95","233","29.10.12"
"711078","195","Черкаська область","Муніципальний центр розвитку, адміністративна будівля, актова зала
вул.Благовісна, 170, м.Черкаси, 18001","1554","655","1554","15","889","10","899","","0","890","9","899","41","858","5","3","7","290","1","2","149","25","92","30","1","81","172","29.10.12"
"711079","195","Черкаська область","Муніципальний центр розвитку, адміністративна будівля, фойє
вул.Благовісна, 170, м.Черкаси, 18001","1422","749","1412","3","670","3","673","","0","670","3","673","15","658","8","3","7","211","6","1","155","16","29","31","3","34","154","29.10.12"
