"№ ВД","OBO","Назва регіону України","Місцезнаходження та адреса приміщення для голосування","1) К-сть одержаних бюлетенів","2) К-сть невикористаних бюлетенів","3) К-сть виборців, внесених до списку виборців","4) К-сть виборців, внесених до витягу зі списку виборців","5) К-сть виборців, які отримали бюлетені у приміщенні","6) К-сть виборців, які отримали за місцем перебування","7) Сумарна к-сть виборців, які отримали бюлетені","8) К-сть бюлетенів, що виявилися у кожній скринці","9) К-сть бюлетенів, що не підлягають врахуванню","10) К-сть виборців, які взяли участь у голос. у приміщенні для гол.","11) К-сть виборців, які взяли участь у голос. за місцем перебування","12) К-сть виборців, які взяли участь у голосуванні на виборчій дільниці","13) К-сть бюлетенів, визнаних недійсними","14) Сумарна к-сть голосів виборців ЗА","Білоусов
Віктор
Федорович","Булатецький
Микола
Іванович","Жуковська
Валентина
Борисівна","Кондратенко
Андрій
Олександрович","Майборода
Любов
Володимирівна","Отрешко
Сергій
Володимирович","Парамонов
Віктор
Володимирович","Трофімова
Світлана
Владиславівна","Дата підписання протоколу"
"000001","194","Черкаська область","
вул.Благовісна, 234, м.Черкаси, 18031","736","69","667","0","667","0","667","","31","667","0","667","31","636","10","39","524","14","15","9","17","8","28.10.12"
"710975","194","Черкаська область","школа №17, корпус 2, актова зала
вул.Хрещатик, 218, м.Черкаси, 18002","2424","967","2406","30","1435","22","1457","","0","1435","22","1457","25","1432","198","583","347","117","30","19","88","50","29.10.12"
"710976","194","Черкаська область","ПК ""Дружба народів"", фойє, 1-й поверх
бульв.Шевченка, 249, м.Черкаси, 18001","2288","953","2286","19","1320","15","1335","","0","1320","15","1335","23","1312","131","576","289","154","47","14","63","38","29.10.12"
"710977","194","Черкаська область","Палац дитячої та юнацької творчості, 1-й поверх
вул.Смілянська, 33, м.Черкаси, 18002","2312","979","2294","22","1313","20","1333","","0","1313","20","1333","26","1307","152","561","276","132","33","23","87","43","29.10.12"
"710978","194","Черкаська область","школа №12, мала спортивна зала
вул.Богдана Хмельницького, 118, м.Черкаси, 18015","2272","1024","2253","26","1226","22","1248","","0","1226","22","1248","36","1212","156","495","258","130","45","25","71","32","31.10.12"
"710979","194","Черкаська область","школа №12, велика спортивна зала
вул.Богдана Хмельницького, 118, м.Черкаси, 18015","2120","1046","2122","25","1050","24","1074","","0","1050","24","1074","17","1057","115","458","222","127","29","23","56","27","31.10.12"
"710980","194","Черкаська область","Фізико-математичний ліцей, актова зала
вул.Благовісна, 280, м.Черкаси, 18005","1968","956","1954","25","992","20","1012","","21","992","20","1012","21","991","93","418","217","105","37","17","70","34","29.10.12"
"710981","194","Черкаська область","Черкаська обласна філармонія, фойє 1 поверх
вул.Хрещатик, 196, м.Черкаси, 18002","2408","1093","2393","17","1299","16","1315","","0","1299","16","1315","30","1285","135","593","279","94","36","21","77","50","29.10.12"
"710982","194","Черкаська область","ПК ""Дружба народів"", фойє, ліва сторона, 1-й поверх
бульв.Шевченка, 249, м.Черкаси, 18001","2360","989","2349","17","1357","14","1371","","0","1356","14","1370","36","1334","105","618","379","115","33","17","49","18","29.10.12"
"710983","194","Черкаська область","Фізико-математичний ліцей, актова зала
вул.Благовісна, 280, м.Черкаси, 18005","2288","1094","2272","21","1179","15","1194","","0","1179","15","1194","20","1174","113","538","256","122","46","14","61","24","29.10.12"
"710984","194","Черкаська область","школа №4, рекреація, 2-й поверх
вул.Паризької Комуни, 16, м.Черкаси, 18005","1800","746","1795","11","1045","9","1054","","0","1044","9","1053","16","1037","72","454","244","144","31","18","44","30","29.10.12"
"710985","194","Черкаська область","школа №4, рекреація, 2-й поверх
вул.Паризької Комуни, 16, м.Черкаси, 18005","2120","903","2087","13","1206","11","1217","","0","1206","11","1217","38","1179","97","533","249","141","36","14","79","30","29.10.12"
"710986","194","Черкаська область","Будинок культури ім.Кулика, зал, 2-й поверх
вул.Енгельса, 54, м.Черкаси, 18005","2336","1101","2354","13","1225","10","1235","","0","1225","10","1235","30","1205","76","533","278","168","52","17","51","30","29.10.12"
"710987","194","Черкаська область","школа №21, їдальня
вул.Калініна, 82, м.Черкаси, 18016","2400","1251","2368","33","1131","18","1149","","0","1131","18","1149","25","1124","91","435","303","152","32","12","62","37","29.10.12"
"710988","194","Черкаська область","Черкаський державний технологічний університет, корпус 10, фойє, 1-й поверх
бульв.Шевченка, 333, м.Черкаси, 18016","1576","697","1548","15","866","13","879","","0","865","13","878","19","859","86","364","202","96","35","15","41","20","29.10.12"
"710989","194","Черкаська область","Черкаський державний технологічний університет, корпус 10, актова зала, 2-й поверх
бульв.Шевченка, 333, м.Черкаси, 18016","2216","999","2211","14","1205","12","1217","","0","1205","12","1217","30","1187","92","532","227","154","46","17","82","37","29.10.12"
"710990","194","Черкаська область","гуртожиток ВАТ ""Азот"", актова зала, 1-й поверх
вул.Калініна, 43, м.Черкаси, 18016","2392","964","2387","15","1417","11","1428","","0","1417","11","1428","30","1398","129","454","447","149","52","20","84","63","29.10.12"
"710991","194","Черкаська область","школа №21, рекреація, 1-й поверх
вул.Калініна, 82, м.Черкаси, 18016","2304","985","2285","26","1293","26","1319","","0","1293","26","1319","19","1300","95","545","361","123","40","18","62","56","29.10.12"
"710992","194","Черкаська область","гуртожиток ВАТ ""Азот"", актова зала, 1-й поверх
вул.Толстого, 17, м.Черкаси, 18016","2272","1055","2253","20","1198","19","1217","","0","1198","19","1217","29","1188","88","439","388","119","43","17","44","50","01.11.12"
"710993","194","Черкаська область","школа №21, рекреація, 1-й поверх
вул.Калініна, 82, м.Черкаси, 18016","2376","1183","2319","17","1180","13","1193","","0","1180","13","1193","22","1171","108","479","269","145","52","24","50","44","29.10.12"
"710994","194","Черкаська область","дитяча школа мистецтв, глядацька зала
пров.Гастелло, 3, м.Черкаси, 18016","2344","1098","2318","22","1238","8","1246","","0","1238","8","1246","26","1220","127","463","331","147","42","23","39","48","28.10.12"
"710995","194","Черкаська область","Черкаський державний технологічний університет, корпус 5, вестибюль, 1-й поверх
вул.Вербовецького, 28, м.Черкаси, 18016","1960","846","1937","12","1106","8","1114","","0","1106","8","1114","31","1083","75","418","272","139","70","21","54","34","31.10.12"
"710996","194","Черкаська область","школа №15, вестибюль, 1-й поверх
вул.Вербовецького, 77, м.Черкаси, 18006","1496","620","1496","4","874","2","876","","0","874","2","876","10","866","52","366","214","108","33","13","35","45","29.10.12"
"710997","194","Черкаська область","Черкаський державний бізнес-коледж, гуртожиток, актова зала
вул.Енгельса, 243/1, м.Черкаси, 18028","2104","1325","2061","13","770","9","779","","0","770","9","779","19","760","60","306","210","90","23","13","35","23","29.10.12"
"710998","194","Черкаська область","школа №25, вестибюль, 1-й поверх
вул.Петровського, 206, м.Черкаси, 18030","2360","1464","2360","23","879","17","896","","0","879","17","896","38","858","78","323","233","109","21","20","35","39","31.10.12"
"710999","194","Черкаська область","школа №15, рекреація, 1-й поверх
вул.Вербовецького, 77, м.Черкаси, 18006","2200","845","2179","13","1344","11","1355","","0","1344","11","1355","29","1326","117","537","367","141","49","20","57","38","29.10.12"
"711000","194","Черкаська область","Черкаський державний технологічний університет, корпус 4, вестибюль
бульв.Шевченка, 460, м.Черкаси, 18016","1848","794","1833","7","1047","7","1054","","0","1047","7","1054","31","1023","92","427","233","148","35","17","33","38","30.10.12"
"711001","194","Черкаська область","гімназія №9, вестибюль, 1-й поверх
вул.Горького, 52, м.Черкаси, 18022","2240","1003","2243","37","1206","31","1237","","0","1206","31","1237","39","1198","114","520","258","147","64","8","47","40","29.10.12"
"711002","194","Черкаська область","школа №5, коридор, 1-й поверх
вул.Різдвяна, 60, м.Черкаси, 18005","2168","899","2161","18","1255","14","1269","","0","1255","14","1269","27","1241","101","533","317","135","50","18","39","48","31.10.12"
"711003","194","Черкаська область","Черкаський державний технологічний університет, корпус 7, спортивна зала
вул.Добровольського, 5, м.Черкаси, 18016","1976","830","1970","9","1140","6","1146","","0","1140","6","1146","9","1137","78","476","342","128","32","10","30","41","29.10.12"
"711004","194","Черкаська область","Черкаський державний технологічний університет, учбове приміщення, вестибюль
бульв.Шевченка, 460, м.Черкаси, 18016","2080","1024","2078","7","1050","6","1056","","1","1050","6","1056","23","1032","73","365","334","145","26","13","51","25","28.10.12"
"711005","194","Черкаська область","школа №22, вестибюль, 1-й поверх
вул.Вербовецького, 108, м.Черкаси, 18020","2368","1083","2350","8","1280","5","1285","","0","1280","5","1285","48","1237","90","567","278","132","54","14","69","33","29.10.12"
"711006","194","Черкаська область","школа №22, вестибюль, 1-й поверх
вул.Вербовецького, 108, м.Черкаси, 18020","2416","1213","2402","29","1178","25","1203","","0","1178","25","1203","21","1182","102","491","257","152","29","14","97","40","29.10.12"
"711007","194","Черкаська область","школа №22, рекреація, початкова школа
вул.Вербовецького, 108, м.Черкаси, 18020","2368","1106","2337","24","1241","21","1262","","0","1241","21","1262","33","1229","148","508","256","164","34","18","65","36","29.10.12"
"711008","194","Черкаська область","школа №13, спортивна зала
вул.Ватутіна, 146, м.Черкаси, 18030","2408","1230","2395","9","1171","7","1178","","0","1171","7","1178","19","1158","96","440","323","147","32","15","57","48","01.11.12"
"711009","194","Черкаська область","Державний навчальний заклад ""Черкаське вище професійне училище"", коридор, 1-й поверх
вул.Подолинського, 20, м.Черкаси, 18030","1368","627","1358","10","731","10","741","","0","731","10","741","17","724","87","255","195","74","23","5","37","48","29.10.12"
"711010","194","Черкаська область","школа №25, вестибюль, 1-й поверх
вул.Петровського, 206, м.Черкаси, 18030","2000","965","1973","16","1021","14","1035","","1","1021","14","1035","20","1015","80","392","267","103","37","19","56","61","29.10.12"
"711011","194","Черкаська область","Державний навчальний заклад ""Черкаське вище професійне училище"", навчальний корпус, вестибюль
вул.Подолинського, 20, м.Черкаси, 18030","1448","625","1449","12","816","7","823","","0","816","7","823","23","800","49","317","238","91","24","8","45","28","31.10.12"
"711012","194","Черкаська область","школа №25, рекреація, 2-й поверх
вул.Петровського, 206, м.Черкаси, 18030","2392","1284","2374","22","1094","14","1108","","0","1094","14","1108","40","1068","67","476","250","136","33","12","44","50","29.10.12"
"711013","194","Черкаська область","гімназія №9, спортивна зала
вул.Горького, 52, м.Черкаси, 18022","896","374","915","29","496","26","522","","0","496","26","522","9","513","46","203","104","71","23","11","40","15","29.10.12"
"711014","194","Черкаська область","гімназія №9, рекреація, 2-й поверх
вул.Горького, 52, м.Черкаси, 18022","1688","674","1695","24","991","23","1014","","0","991","23","1014","29","985","141","390","216","103","32","15","61","27","29.10.12"
"711015","194","Черкаська область","Територіальний центр соціальної допомоги, фойє, 1-й поверх
пров.Короткий, 4, м.Черкаси, 18003","2344","1228","2337","21","1097","19","1116","","0","1097","19","1116","36","1080","60","458","329","113","31","5","45","39","29.10.12"
"711016","194","Черкаська область","школа №18, корпус 1, вестибюль
вул.Нечуя-Левицького, 12, м.Черкаси, 18028","1664","796","1656","7","862","6","868","","0","862","6","868","25","843","73","332","219","93","34","17","27","48","29.10.12"
"711017","194","Черкаська область","школа №17, корпус 2, спортивна зала
вул.Хрещатик, 218, м.Черкаси, 18002","2272","1052","2262","12","1211","9","1220","","0","1211","9","1220","23","1197","68","555","258","163","40","15","51","47","29.10.12"
"711018","194","Черкаська область","гімназія №31, рекреація, 2-й поверх
вул.Героїв Дніпра, 27, м.Черкаси, 18021","2464","979","2448","5","1481","4","1485","","0","1481","4","1485","21","1464","154","641","348","151","39","20","66","45","30.10.12"
"711019","194","Черкаська область","гімназія №31, рекреація, 1-й поверх
вул.Героїв Дніпра, 27, м.Черкаси, 18021","2416","1096","2386","12","1310","10","1320","","0","1310","10","1320","38","1282","92","492","396","135","48","14","65","40","29.10.12"
"711020","194","Черкаська область","школа №33, коридор, 1-й поверх
вул.Героїв Дніпра, 13, м.Черкаси, 18016","2424","1109","2393","6","1311","4","1315","","0","1311","4","1315","23","1292","108","569","327","153","35","11","62","27","30.10.12"
"711021","194","Черкаська область","школа №33, рекреація, 1-й поверх
вул.Героїв Дніпра, 13, м.Черкаси, 18016","2424","1017","2399","11","1400","7","1407","","0","1400","7","1407","27","1380","97","625","341","148","57","14","68","30","29.10.12"
"711022","194","Черкаська область","школа №33, рекреація, 2-й поверх
вул.Героїв Дніпра, 13, м.Черкаси, 18016","2488","1022","2462","11","1457","9","1466","","0","1455","9","1464","35","1429","112","640","373","140","41","14","59","50","29.10.12"
"711023","194","Черкаська область","школа №34, вестибюль, 1-й поверх
вул.Гагаріна, 91, м.Черкаси, 18021","2408","1023","2386","9","1377","8","1385","","0","1377","8","1385","13","1372","77","612","301","177","49","20","72","64","29.10.12"
"711024","194","Черкаська область","школа №34, вестибюль, 1-й поверх
вул.Гагаріна, 91, м.Черкаси, 18021","2464","1010","2442","10","1448","6","1454","","0","1448","6","1454","28","1426","95","656","343","139","59","8","74","52","29.10.12"
"711025","194","Черкаська область","школа №5, спортивна зала
вул.Різдвяна, 60, м.Черкаси, 18005","2280","1011","2281","6","1264","5","1269","","0","1264","5","1269","35","1234","67","560","311","141","54","13","56","32","29.10.12"
"711026","194","Черкаська область","школа №17, їдальня
вул.Хрещатик, 218, м.Черкаси, 18002","2408","1060","2408","8","1343","5","1348","","0","1343","5","1348","30","1318","95","633","253","157","47","24","55","54","30.10.12"
"711027","194","Черкаська область","Черкаський обласний госпіталь інвалідів Великої Вітчизняної війни, фойє, 1-й поверх
вул.Ільїна, 242, м.Черкаси, 18015","56","52","22","0","4","0","4","","0","4","0","4","0","4","0","1","0","0","1","0","2","0","28.10.12"
"711028","194","Черкаська область","Черкаський пологовий будинок ""Центр матері та дитини"", фойє, 1-й поверх
вул.Чехова, 101, м.Черкаси, 18030","56","5","54","0","51","0","51","","0","51","0","51","0","51","3","10","19","6","1","1","8","3","29.10.12"
"711029","194","Черкаська область","Черкаська виправна колонія №62, клуб установи
вул.Сурікова, 30, м.Черкаси, 18013","1528","99","1501","0","1429","0","1429","","0","1429","0","1429","105","1324","81","104","616","109","62","73","192","87","31.10.12"
"711039","194","Черкаська область","Черкаський професійний будівельний ліцей, актова зала
вул.Енгельса, 168, м.Черкаси, 18028","2144","1128","2119","7","1009","7","1016","","1","1009","7","1016","21","995","79","401","269","116","28","13","49","40","28.10.12"
"711040","194","Черкаська область","школа №10, спортивна зала
просп.Хіміків, 36, м.Черкаси, 18018","2384","1091","2361","29","1271","22","1293","","0","1271","22","1293","43","1250","132","541","272","141","34","15","72","43","29.10.12"
"711041","194","Черкаська область","школа №10, спортивна зала
просп.Хіміків, 36, м.Черкаси, 18018","2192","991","2187","24","1180","21","1201","","0","1180","21","1201","35","1166","107","520","247","134","46","17","56","39","29.10.12"
"711042","194","Черкаська область","Черкаський обласний центр еколого-натуралістичної творчості, фойє, 2-й поверх
вул.Смілянська, 132, м.Черкаси, 18029","1864","908","1865","6","953","3","956","","0","953","3","956","23","933","64","414","191","132","33","4","65","30","29.10.12"
"711044","194","Черкаська область","Черкаський кооперативний економіко-правовий коледж, спортивна зала
вул.Смілянська, 92, м.Черкаси, 18008","1728","880","1736","19","833","15","848","","0","833","15","848","21","827","81","263","217","123","25","19","61","38","29.10.12"
"711049","194","Черкаська область","вечірня школа, актова зала
вул.Вернигори, 19, м.Черкаси, 18008","2216","1070","2207","22","1126","20","1146","","0","1126","20","1146","32","1114","126","438","222","142","40","34","74","38","01.11.12"
"711080","194","Черкаська область","Дитяча юнацька школа олімпійського резерву, хол адміністративного приміщення
вул.Пастерівська, 102, м.Черкаси, 18003","1920","837","1909","15","1072","11","1083","","0","1072","11","1083","14","1069","110","480","221","109","46","18","56","29","29.10.12"
"711081","194","Черкаська область","приміщення міжгалузевого промислового підприємства залізничного транспорту, актова зала, 2-й поверх
пров.Залізничний, 16, м.Черкаси, 18000","1696","884","1691","19","798","14","812","","0","798","14","812","26","786","53","345","174","113","31","13","34","23","29.10.12"
"711082","194","Черкаська область","Дитяча юнацька школа олімпійського резерву, хол адміністративного приміщення
вул.Пастерівська, 102, м.Черкаси, 18003","2384","1146","2368","7","1231","7","1238","","0","1231","7","1238","41","1197","77","606","250","144","32","13","49","26","31.10.12"
"711083","194","Черкаська область","школа №24, мала спортивна зала
вул.Бидгощська, 1, м.Черкаси, 18003","2288","1275","2276","4","1010","3","1013","","0","1010","3","1013","28","985","50","383","268","143","40","19","40","42","29.10.12"
"711084","194","Черкаська область","спеціалізована школа №20, фойє, 1-й поверх
вул.Бидгощська, 3, м.Черкаси, 18003","2056","896","2033","9","1155","5","1160","","0","1155","5","1160","29","1131","83","512","273","140","31","17","41","34","29.10.12"
"711085","194","Черкаська область","школа №24, фойє, 1-й поверх
вул.Бидгощська, 1, м.Черкаси, 18003","1576","795","1573","20","763","18","781","","0","763","18","781","24","757","67","270","226","87","21","13","46","27","29.10.12"
"711086","194","Черкаська область","спеціалізована школа №20, фойє, 2-й поверх
вул.Бидгощська, 3, м.Черкаси, 18003","1136","546","1131","8","582","8","590","","0","582","8","590","19","571","52","192","159","64","13","15","56","20","29.10.12"
"711087","194","Черкаська область","школа №2, спортивна зала
вул.Рози Люксембург, 187, м.Черкаси, 18028","2408","1331","2405","3","1075","2","1077","","0","1075","2","1077","24","1053","69","418","262","155","31","15","56","47","29.10.12"
"711088","194","Черкаська область","школа №2, актова зала
вул.Рози Люксембург, 187, м.Черкаси, 18028","2352","1231","2346","20","1101","20","1121","","0","1101","20","1121","23","1098","104","462","288","115","33","13","51","32","29.10.12"
"711089","194","Черкаська область","школа №2, спортивна зала
вул.Рози Люксембург, 187, м.Черкаси, 18028","2144","958","2122","22","1167","19","1186","","0","1167","19","1186","36","1150","125","420","278","119","37","16","86","69","30.10.12"
"711090","194","Черкаська область","гуртожиток банківського інституту, фойє, 1-й поверх
вул.Чиковані, 17, м.Черкаси, 18028","1696","804","1724","7","886","6","892","","0","886","6","892","25","867","80","296","248","131","21","9","38","44","29.10.12"
"711091","194","Черкаська область","Черкаський обласний шкірно-венерологічний диспансер, ординаторська
вул.Можайського, 50, м.Черкаси, 18009","144","115","34","1","28","1","29","","0","28","1","29","0","29","2","6","9","5","0","0","5","2","28.10.12"
"711092","194","Черкаська область","КЗ ""Черкаський міський пологовий будинок ""Центр матері та дитини"", хол жіночої консультації
вул.30-річчя Перемоги, 16/1, м.Черкаси, 18029","56","1","65","47","15","40","55","","0","15","40","55","1","54","3","28","8","5","4","0","2","4","28.10.12"
"711093","194","Черкаська область","Черкаський обласний протитуберкульозний диспансер, актова зала
вул.Диспансерна, 1, с.Геронимівка, Черкаський р-н, Черкаська обл., 19601","152","75","77","28","49","28","77","","0","49","28","77","7","70","5","8","3","4","2","14","33","1","28.10.12"
"711094","194","Черкаська область","Черкаський обласний психоневрологічний диспансер, фойє
вул.Кавказька, 229, м.Черкаси, 18001","72","29","44","0","43","0","43","","0","43","0","43","2","41","3","17","6","3","4","0","7","1","28.10.12"
"711095","194","Черкаська область","Третя Черкаська міська лікарня швидкої медичної допомоги, конференц-зала
вул.Рози Люксембург, 210, м.Черкаси, 18028","304","196","125","80","43","65","108","","0","43","65","108","2","106","8","37","24","10","10","5","7","5","28.10.12"
"711096","194","Черкаська область","Черкаська міська інфекційна лікарня, фойє
вул.Рози Люксембург, 210, м.Черкаси, 18028","24","5","25","0","19","0","19","","0","19","0","19","0","19","2","5","4","3","1","1","0","3","28.10.12"
"711097","194","Черкаська область","Перша Черкаська міська лікарня, фізіотерапевтичне відділення
вул.Дахнівська, 32, м.Черкаси, 18009","208","131","93","45","35","42","77","","0","35","42","77","1","76","10","25","20","8","4","0","6","3","31.10.12"
"711098","194","Черкаська область","Черкаська обласна лікарня, 4-й корпус
вул.Менделєєва, 3, м.Черкаси, 18009","704","164","574","131","425","115","540","","21","425","115","540","21","519","31","112","86","37","24","25","186","18","30.10.12"
"711099","194","Черкаська область","Черкаський обласний госпіталь для інвалідів ВВВ, бібліотека
вул.Ворошилова, 1, м.Черкаси, 18035","104","1","140","15","91","12","103","","0","91","12","103","7","96","21","32","6","15","5","3","11","3","28.10.12"
"711100","194","Черкаська область","Черкаський обласний онкологічний диспансер, актова зала
вул.Менделєєва, 7, м.Черкаси, 18009","104","0","204","116","74","30","104","","0","74","30","104","4","100","6","15","6","4","1","1","65","2","28.10.12"
