"№ ВД","OBO","Назва регіону України","Місцезнаходження та адреса приміщення для голосування","1) К-сть одержаних бюлетенів","2) К-сть невикористаних бюлетенів","3) К-сть виборців, внесених до списку виборців","4) К-сть виборців, внесених до витягу зі списку виборців","5) К-сть виборців, які отримали бюлетені у приміщенні","6) К-сть виборців, які отримали за місцем перебування","7) Сумарна к-сть виборців, які отримали бюлетені","8) К-сть бюлетенів, що виявилися у кожній скринці","9) К-сть бюлетенів, що не підлягають врахуванню","10) К-сть виборців, які взяли участь у голос. у приміщенні для гол.","11) К-сть виборців, які взяли участь у голос. за місцем перебування","12) К-сть виборців, які взяли участь у голосуванні на виборчій дільниці","13) К-сть бюлетенів, визнаних недійсними","14) Сумарна к-сть голосів виборців ЗА","Алєксєєва
Ірина
Володимирівна","Блажевич
Олександр
Петрович","Блажевич
Сергій
Петрович","Бобов
Геннадій
Борисович","Величенко
Микола
Максимович","Кекух
Віталій
Володимирович","Лішавський
Володимир
Гаврилович","Ляшенко
Юрій
Васильович","Маштепа
Олександр
Петрович","Педченко
Сергій
Іванович","Плосконос
Олексій
Олександрович","Пономаренко
Інна
Віталіївна","Сінгаєвський
Олександр
Миколайович","Яременко
Алла
Миколаївна","Дата підписання протоколу"
"710001","196","Черкаська область","школа №2, спортзал
вул.Миру, 60, м.Городище, Городищенський р-н, Черкаська обл., 19500","1648","651","1630","36","973","24","997","","0","973","24","997","40","957","10","1","41","284","9","31","4","29","218","29","1","9","287","4","29.10.12"
"710002","196","Черкаська область","управління агропромислового розвитку, актовий зал
вул.Миру, 118, м.Городище, Городищенський р-н, Черкаська обл., 19500","1428","599","1426","19","814","15","829","","0","814","15","829","36","793","8","3","6","174","2","36","8","25","147","38","1","3","337","5","29.10.12"
"710003","196","Черкаська область","ПТУ №14, актовий зал
вул.Індустріальна, 5, м.Городище, Городищенський р-н, Черкаська обл., 19500","1472","633","1461","32","811","28","839","","0","811","28","839","53","786","12","6","23","204","11","27","3","34","104","30","2","5","323","2","29.10.12"
"710004","196","Черкаська область","школа №1, коридор
вул.Фізкультурна, 39, м.Городище, Городищенський р-н, Черкаська обл., 19500","1456","595","1451","32","829","32","861","","0","829","32","861","19","842","9","1","16","328","4","10","0","27","86","13","4","5","330","9","29.10.12"
"710005","196","Черкаська область","будинок культури №1, фойє
вул.Гулака-Артемовського, 90, м.Городище, Городищенський р-н, Черкаська обл., 19500","868","317","873","21","530","21","551","","0","530","21","551","13","538","4","0","0","272","2","8","1","11","44","13","0","2","181","0","29.10.12"
"710006","196","Черкаська область","офіс ПП ""Клімов"", зал засідань
вул.Миру, 65, м.Городище, Городищенський р-н, Черкаська обл., 19500","780","317","787","26","442","21","463","","0","442","21","463","18","445","6","3","6","131","6","15","1","12","78","11","0","4","167","5","28.10.12"
"710007","196","Черкаська область","аграрний коледж, коридор
вул.1 Травня, 40, м.Городище, Городищенський р-н, Черкаська обл., 19500","1628","734","1615","43","857","37","894","","0","857","37","894","40","854","14","7","11","224","9","31","0","36","198","28","3","1","286","6","29.10.12"
"710008","196","Черкаська область","школа №3, хол
вул.Желябова, 3, м.Городище, Городищенський р-н, Черкаська обл., 19500","1664","709","1648","71","905","50","955","","0","905","50","955","22","933","10","4","18","198","13","15","3","53","217","52","3","7","332","8","29.10.12"
"710009","196","Черкаська область","Будинок культури, глядацький зал
вул.Фрунзе, 2, м.Городище, Городищенський р-н, Черкаська обл., 19500","252","66","252","15","171","15","186","","0","171","15","186","5","181","2","1","23","58","3","0","0","7","29","14","0","0","43","1","28.10.12"
"710010","196","Черкаська область","Будинок культури, глядацький зал
вул.Шкільна, 43, м.Городище, Городищенський р-н, Черкаська обл., 19500","140","27","143","11","102","11","113","","0","102","11","113","4","109","0","0","1","48","2","2","1","9","30","3","1","2","8","2","29.10.12"
"710011","196","Черкаська область","Вільшанська ЗОШ I-II ступенів, спортзал
вул.Шевченка, 196, смт Вільшана, Городищенський р-н, Черкаська обл., 19523","1624","661","1611","52","913","50","963","","0","913","50","963","43","920","3","2","12","521","5","4","3","87","31","9","1","9","226","7","28.10.12"
"710012","196","Черкаська область","школа, каб.2
вул.Шевченка, 11, смт Вільшана, Городищенський р-н, Черкаська обл., 19523","912","372","903","33","509","31","540","","0","509","31","540","14","526","2","2","8","291","5","1","2","67","23","9","3","5","107","1","29.10.12"
"710013","196","Черкаська область","Будинок культури, фойє
вул.Привокзальна, 22, смт Цвіткове, Городищенський р-н, Черкаська обл., 19537","904","368","895","46","491","45","536","","0","491","45","536","30","506","12","3","8","267","10","0","4","53","27","16","2","5","90","9","29.10.12"
"710014","196","Черкаська область","НВК, каб.2
вул.Погрібного, 74, с.Будо-Орловецька, Городищенський р-н, Черкаська обл., 19537","308","91","303","39","184","33","217","","0","184","33","217","9","208","4","2","9","131","1","1","0","8","20","11","3","0","16","2","28.10.12"
"710015","196","Черкаська область","Будинок культури, фойє
вул.Леніна, 15, с.Валява, Городищенський р-н, Черкаська обл., 19520","1416","595","1404","42","785","36","821","","0","785","36","821","36","785","16","5","12","233","10","7","4","39","97","27","2","11","314","8","29.10.12"
"710016","196","Черкаська область","Будинок культури, фойє
вул.Іриніна, 39, с.Валява, Городищенський р-н, Черкаська обл., 19520","512","230","514","28","255","27","282","","0","255","27","282","10","272","7","2","0","113","1","4","0","8","15","13","3","0","103","3","29.10.12"
"710017","196","Черкаська область","школа, каб.2
вул.Леніна, 45, с.Вербівка, Городищенський р-н, Черкаська обл., 19531","1312","377","1323","96","842","93","935","","0","842","93","935","17","918","3","1","6","667","6","5","3","5","53","8","1","1","157","2","29.10.12"
"710018","196","Черкаська область","Будинок культури, фойє
вул.Перемоги, 12, с.Воронівка, Городищенський р-н, Черкаська обл., 19532","800","247","790","105","448","105","553","","0","448","105","553","14","539","4","5","4","337","5","4","0","30","19","14","1","2","110","4","28.10.12"
"710019","196","Черкаська область","філія ПрАТ ""Райз Максимко"", каб.2
вул.Петровського, 4, с.В’язівок, Городищенський р-н, Черкаська обл., 19534","1000","363","1000","130","509","128","637","","0","509","128","637","33","604","7","3","8","279","14","7","8","43","58","23","1","5","142","6","29.10.12"
"710020","196","Черкаська область","школа, каб.2
вул.Леніна, 45, с.В’язівок, Городищенський р-н, Черкаська обл., 19534","564","188","564","43","336","40","376","","0","336","40","376","13","363","6","2","2","189","4","4","2","20","31","5","1","2","91","4","28.10.12"
"710021","196","Черкаська область","Будинок культури №2, фойє
вул.Кірова, 129, с.В’язівок, Городищенський р-н, Черкаська обл., 19534","440","149","437","55","238","53","291","","0","238","53","291","7","284","2","0","1","179","3","1","0","10","14","8","1","2","60","3","28.10.12"
"710022","196","Черкаська область","Будинок культури, фойє
вул.Устима Жука, 73, с.Дирдин, Городищенський р-н, Черкаська обл., 19509","980","423","970","34","524","33","557","","0","524","33","557","23","534","4","4","6","160","3","5","1","42","46","19","1","4","233","6","29.10.12"
"710023","196","Черкаська область","Будинок культури, фойє
вул.Леніна, 22, с.Журавка, Городищенський р-н, Черкаська обл., 19521","468","91","463","49","333","44","377","","0","333","44","377","8","369","2","4","3","246","2","0","1","8","9","4","1","1","87","1","28.10.12"
"710024","196","Черкаська область","Будинок культури, фойє
вул.Шевченка, 32, с.Зелена Діброва, Городищенський р-н, Черкаська обл., 19526","432","114","432","19","300","18","318","","0","300","18","318","1","317","2","2","4","157","15","1","4","101","3","4","0","0","24","0","29.10.12"
"710025","196","Черкаська область","Будинок культури, фойє
вул.Леніна, 1, с.Калинівка, Городищенський р-н, Черкаська обл., 19517","492","112","488","53","327","53","380","","0","327","53","380","11","369","1","0","5","294","1","0","1","10","21","2","2","4","27","1","28.10.12"
"710026","196","Черкаська область","Ксаверівський НВК, каб.2
вул.Центральна, 57/1, с.Ксаверове, Городищенський р-н, Черкаська обл., 19516","316","109","309","16","193","14","207","","0","193","14","207","4","203","1","0","1","121","2","2","1","5","16","8","0","0","43","3","28.10.12"
"710027","196","Черкаська область","школа, каб.2
вул.Симиренка, 15, с.Мліїв, Городищенський р-н, Черкаська обл., 19512","868","376","864","28","466","26","492","","0","466","26","492","23","469","11","2","8","148","16","3","2","15","81","19","2","1","157","4","29.10.12"
"710028","196","Черкаська область","школа, каб.2
вул.Данила Кушніра, 71, с.Мліїв, Городищенський р-н, Черкаська обл., 19511","1156","552","1151","72","550","54","604","","0","550","54","604","19","585","13","0","9","226","8","10","2","35","55","35","3","7","180","2","29.10.12"
"710029","196","Черкаська область","гуртожиток, фойє
вул.Свердлова, 12, с.Мліїв, Городищенський р-н, Черкаська обл., 19511","1076","528","1065","50","498","50","548","","0","498","50","548","15","533","9","9","10","190","2","3","6","30","65","32","2","1","163","11","28.10.12"
"710030","196","Черкаська область","Будинок культури, фойє
вул.Мічуріна, 1, с.Орловець, Городищенський р-н, Черкаська обл., 19515","1440","627","1418","119","712","101","813","","0","712","101","813","26","787","12","2","8","399","7","7","2","14","51","45","2","8","227","3","29.10.12"
"710031","196","Черкаська область","будинок культури, фойє
вул.Жовтнева, 4, с.Петрики, Городищенський р-н, Черкаська обл., 19522","476","62","470","101","314","100","414","","0","314","100","414","5","409","1","2","1","314","2","1","1","14","10","4","0","0","57","2","29.10.12"
"710032","196","Черкаська область","навчально-виховний комплекс, каб.2
пл.70-річчя Жовтня, 30, с.Петропавлівка, Городищенський р-н, Черкаська обл., 19530","864","330","863","42","502","32","534","","0","502","32","534","11","523","10","0","2","205","3","9","0","21","113","5","5","0","146","4","29.10.12"
"710033","196","Черкаська область","Будинок культури, фойє
вул.Леніна, 10, с.Старосілля, Городищенський р-н, Черкаська обл., 19510","1560","586","1544","120","857","117","974","","0","857","117","974","36","938","13","2","8","427","11","15","6","42","209","26","4","7","161","7","29.10.12"
"710034","196","Черкаська область","Будинок культури, фойє
вул.Молодіжна, 6, с.Товста, Городищенський р-н, Черкаська обл., 19525","576","154","570","63","359","63","422","","0","359","63","422","9","413","0","3","1","291","6","0","0","29","11","4","0","5","63","0","29.10.12"
"710035","196","Черкаська область","Будинок культури, фойє
вул.Леніна, 2, с.Хлистунівка, Городищенський р-н, Черкаська обл., 19533","1840","826","1835","71","954","60","1014","","0","954","60","1014","56","958","22","2","22","320","22","18","9","44","132","23","6","8","310","20","29.10.12"
"710263","196","Черкаська область","будинок культури, обрядова зала, 1-й поверх
вул.Центральна, 3, с.Беркозівка, Канівський р-н, Черкаська обл., 19042","360","110","357","46","212","38","250","","0","212","38","250","10","240","1","3","7","157","1","1","0","3","22","2","0","2","41","0","28.10.12"
"710266","196","Черкаська область","школа, фойє, 1-й поверх
вул.Чупилки, 1, с.Горобіївка, Канівський р-н, Черкаська обл., 19050","332","107","324","74","157","68","225","","0","157","68","225","4","221","2","1","3","152","2","0","1","7","13","13","0","1","24","2","29.10.12"
"710274","196","Черкаська область","будинок культури, фойє, 1-й поверх
вул.Центральна, 15, с.Копіювата, Канівський р-н, Черкаська обл., 19040","228","64","228","23","141","23","164","","0","141","23","164","3","161","8","2","1","86","0","0","0","22","16","5","0","3","16","2","28.10.12"
"710280","196","Черкаська область","сільська рада, зал урочистих подій, 1-й поверх
вул.206 Дивізії, 1, с.Мартинівка, Канівський р-н, Черкаська обл., 19041","964","374","950","51","545","45","590","","0","545","45","590","18","572","2","5","9","240","8","2","3","16","63","13","0","6","205","0","29.10.12"
"710281","196","Черкаська область","сільський клуб, фойє, 1-й поверх
вул.Дружби, 1, с.Дарівка, Канівський р-н, Черкаська обл., 19041","144","31","151","13","101","12","113","","0","101","12","113","8","105","2","0","5","71","1","0","0","5","3","1","0","1","16","0","28.10.12"
"710282","196","Черкаська область","будинок культури, актова зала, 1-й поверх
вул.Центральна, 2, с.Межиріч, Канівський р-н, Черкаська обл., 19035","640","195","641","43","402","43","445","","0","402","43","445","10","435","4","2","3","232","5","0","1","9","33","43","0","1","101","1","28.10.12"
"710283","196","Черкаська область","школа, хол, 1-й поверх
вул.Жовтнева, 5, с.Лука, Канівський р-н, Черкаська обл., 19035","264","65","263","30","170","29","199","","0","170","29","199","6","193","1","0","2","133","2","1","1","5","11","8","1","2","26","0","28.10.12"
"710284","196","Черкаська область","сільський клуб, фойє, 1-й поверх
вул.Колгоспна, 24, с.Бабичі, Канівський р-н, Черкаська обл., 19035","96","15","95","11","71","10","81","","0","71","10","81","2","79","0","0","1","51","0","1","0","1","4","5","0","0","15","1","28.10.12"
"710285","196","Черкаська область","будинок культури, фойє, 1-й поверх
вул.Федоренка, 42, с.Мельники, Канівський р-н, Черкаська обл., 19043","508","184","500","46","283","41","324","","0","283","41","324","13","311","5","4","1","122","2","1","0","11","17","5","2","3","131","7","29.10.12"
"710287","196","Черкаська область","школа, коридор, 1-й поверх
вул.Центральна, 101, с.Павлівка, Канівський р-н, Черкаська обл., 19044","228","84","225","18","128","16","144","","0","128","16","144","3","141","1","0","1","58","3","0","1","8","27","2","1","2","37","0","28.10.12"
"710289","196","Черкаська область","адмінбудинок, актова зала, 1-й поверх
вул.Центральна, 90, с.Полствин, Канівський р-н, Черкаська обл., 19033","220","59","218","26","136","25","161","","0","136","25","161","9","152","0","1","1","102","0","1","2","3","8","6","0","1","25","2","29.10.12"
"710290","196","Черкаська область","школа, фойє, 1-й поверх
вул.Виноградна, 14, с.Малий Ржавець, Канівський р-н, Черкаська обл., 19033","172","55","172","15","102","15","117","","0","102","15","117","3","114","0","0","3","82","1","0","0","0","12","4","0","0","11","1","29.10.12"
"710291","196","Черкаська область","будинок культури, актова зала, 1-й поверх
вул.Молодіжна, 80, с.Попівка, Канівський р-н, Черкаська обл., 19050","124","15","119","21","88","21","109","","0","88","21","109","0","109","1","0","0","90","1","0","0","2","4","1","1","1","8","0","29.10.12"
"710298","196","Черкаська область","будинок культури, глядацький зал, 1-й поверх
вул.Шевченка, 23, с.Степанці, Канівський р-н, Черкаська обл., 19031","900","379","903","31","491","30","521","","0","491","30","521","16","505","6","2","4","153","4","4","1","5","57","8","2","9","240","10","29.10.12"
"710299","196","Черкаська область","адмінбудинок лісгоспу, актова зала, 1-й поверх
пров.Кірова, 4, с.Степанці, Канівський р-н, Черкаська обл., 19031","696","304","687","43","363","29","392","","0","363","29","392","7","385","0","1","7","142","6","2","2","20","15","11","1","2","166","10","29.10.12"
"710300","196","Черкаська область","будинок культури, глядацька зала, 1-й поверх
вул.Київська, 239, с-ще Степанецьке, Канівський р-н, Черкаська обл., 19031","292","119","290","12","161","12","173","","0","161","12","173","9","164","5","3","3","55","1","0","0","2","11","5","0","0","71","8","28.10.12"
"710301","196","Черкаська область","будинок культури, фойє, 1-й поверх
вул.Федоренка, 108, с.Таганча, Канівський р-н, Черкаська обл., 19052","516","199","513","26","293","24","317","","0","293","24","317","13","304","1","1","5","82","1","1","1","14","74","19","2","3","98","2","28.10.12"
"710302","196","Черкаська область","школа, актова зала, 1-й поверх
вул.Федоренка, 46, с.Таганча, Канівський р-н, Черкаська обл., 19052","352","143","346","22","187","22","209","","0","187","22","209","6","203","1","2","2","66","0","1","0","16","38","11","1","1","62","2","29.10.12"
"710303","196","Черкаська область","фельдшерський пункт, зала, 1-й поверх
вул.Гавриленка, 35, с.Поташня, Канівський р-н, Черкаська обл., 19052","160","36","157","12","112","12","124","","0","112","12","124","7","117","0","0","1","75","0","0","0","4","15","1","0","0","21","0","28.10.12"
"710310","196","Черкаська область","будинок культури, фойє
вул.Гагаріна, 78Д, с.Бродецьке, Катеринопільський р-н, Черкаська обл., 20521","364","87","359","44","235","42","277","","0","235","42","277","3","274","2","0","2","126","0","1","1","4","22","10","1","1","102","2","28.10.12"
"710311","196","Черкаська область","Вербовецький НВК, зала
вул.Кірова, 14Б, с.Вербовець, Катеринопільський р-н, Черкаська обл., 20516","484","152","478","35","299","33","332","","0","299","33","332","7","325","3","0","2","114","2","1","0","14","34","11","0","1","143","0","28.10.12"
"710312","196","Черкаська область","Вікненська школа, фойє
вул.Третяка, 4В, с.Вікнине, Катеринопільський р-н, Черкаська обл., 20510","548","144","544","53","354","50","404","","0","354","50","404","9","395","0","0","4","132","2","0","1","38","38","9","1","1","165","4","29.10.12"
"710313","196","Черкаська область","будинок культури, зала
вул.Мічуріна, 45, с.Грушківка, Катеринопільський р-н, Черкаська обл., 20510","188","41","186","17","130","17","147","","0","130","17","147","1","146","1","0","1","95","1","1","2","9","0","3","1","0","31","1","28.10.12"
"710314","196","Черкаська область","будинок культури, к.1
вул.Тичини, 10А, с.Гончариха, Катеринопільський р-н, Черкаська обл., 20530","308","103","305","31","176","29","205","","0","176","29","205","3","202","0","2","1","63","0","4","1","18","31","7","0","1","71","3","28.10.12"
"710315","196","Черкаська область","будинок культури, к.1
вул.Молодіжна, 17, с.Ромейково, Катеринопільський р-н, Черкаська обл., 20530","228","63","224","53","113","52","165","","0","113","52","165","1","164","1","1","5","85","2","0","1","7","7","1","1","0","50","3","28.10.12"
"710316","196","Черкаська область","Гуляйпільський навчально-виховний комплекс, фойє
вул.Комарова, 1А, с.Гуляйполе, Катеринопільський р-н, Черкаська обл., 20500","416","80","413","41","296","40","336","","0","296","40","336","12","324","1","2","2","199","1","1","1","7","35","8","0","3","62","2","29.10.12"
"710317","196","Черкаська область","будинок культури, зала
вул.Пушкіна, 4, с.Єлизаветка, Катеринопільський р-н, Черкаська обл., 20544","364","105","360","34","227","32","259","","0","227","32","259","10","249","1","0","2","54","1","1","0","12","21","14","1","1","140","1","28.10.12"
"710318","196","Черкаська область","Єрківська школа, фойє
вул.Свердлова, 1А, смт Єрки, Катеринопільський р-н, Черкаська обл., 20505","1556","721","1539","34","801","34","835","","0","801","34","835","35","800","9","6","18","184","15","2","3","33","42","20","5","7","362","94","29.10.12"
"710319","196","Черкаська область","будинок культури, зала
вул.Звенигородська, 25, смт Єрки, Катеринопільський р-н, Черкаська обл., 20505","1780","733","1760","53","994","53","1047","","0","994","53","1047","36","1011","10","5","16","247","12","6","1","29","95","30","7","2","406","145","29.10.12"
"710320","196","Черкаська область","бібліотека, зала
вул.Чапаєва, 39, с.Залізнячка, Катеринопільський р-н, Черкаська обл., 20505","648","200","643","43","408","40","448","","0","408","40","448","19","429","5","2","6","197","3","0","1","20","28","17","1","2","147","0","29.10.12"
"710321","196","Черкаська область","будинок культури, зала
вул.Чапаєва, 121Б, с.Кайтанівка, Катеринопільський р-н, Черкаська обл., 20515","468","140","465","26","304","24","328","","0","304","24","328","2","326","2","2","3","74","2","2","0","19","41","5","2","2","165","7","29.10.12"
"710322","196","Черкаська область","Катеринопільська школа №1, зала
вул.Леніна, 44, смт Катеринопіль, Катеринопільський р-н, Черкаська обл., 20500","1768","692","1750","46","1043","33","1076","","0","1043","33","1076","38","1038","7","2","14","266","9","4","3","37","198","51","6","8","409","24","29.10.12"
"710323","196","Черкаська область","будинок культури, мала зала
вул.Дружби, 9, смт Катеринопіль, Катеринопільський р-н, Черкаська обл., 20500","2024","754","2011","69","1232","38","1270","","0","1232","38","1270","45","1225","4","4","9","328","12","3","5","49","215","48","3","6","519","20","28.10.12"
"710324","196","Черкаська область","Катеринопільський ліцей, зала
вул.Леніна, 38, смт Катеринопіль, Катеринопільський р-н, Черкаська обл., 20500","1256","504","760","25","735","17","752","","0","735","17","752","20","731","4","1","5","168","6","2","3","30","155","33","2","8","292","22","29.10.12"
"710325","196","Черкаська область","Киселівський НВК, к.1
вул.Шкільна, 3, с.Киселівка, Катеринопільський р-н, Черкаська обл., 20513","332","91","331","19","226","15","241","","0","226","15","241","4","237","3","1","0","83","1","1","0","28","12","4","2","1","100","1","29.10.12"
"710326","196","Черкаська область","будинок культури, зала
вул.Петровського, 9А, с.Лисича Балка, Катеринопільський р-н, Черкаська обл., 20532","388","114","390","15","261","13","274","","0","261","13","274","9","265","2","0","2","76","0","1","1","16","33","1","0","2","129","2","28.10.12"
"710327","196","Черкаська область","будинок культури, зала
вул.Б.Хмельницького, 13, с.Мокра Калигірка, Катеринопільський р-н, Черкаська обл., 20540","1460","581","1453","161","781","98","879","","0","781","98","879","21","858","8","2","14","284","4","6","3","55","78","27","5","10","342","20","29.10.12"
"710328","196","Черкаська область","будинок культури, зала
вул.Леніна, 110А, с.Новоселиця, Катеринопільський р-н, Черкаська обл., 20506","704","207","703","75","426","71","497","","0","426","71","497","11","486","4","2","11","258","4","0","0","6","70","3","3","3","106","16","28.10.12"
"710329","196","Черкаська область","будинок культури, зала
вул.Піонерська, 16, с.Пальчик, Катеринопільський р-н, Черкаська обл., 20522","484","99","479","76","312","73","385","","0","312","73","385","22","363","2","1","3","175","1","1","0","13","40","14","1","2","109","1","28.10.12"
"710330","196","Черкаська область","будинок культури, фойє
вул.Погорецького, 8, с.Петраківка, Катеринопільський р-н, Черкаська обл., 20531","560","163","553","44","353","44","397","","0","353","44","397","7","390","3","1","3","134","3","2","0","32","64","13","7","2","118","8","28.10.12"
"710331","196","Черкаська область","сільська рада, актова зала
вул.О.Кобилянської,2/2, с.Потоки, Катеринопільський р-н, Черкаська обл.,20533","248","79","247","21","149","20","169","","0","149","20","169","7","162","1","0","2","54","3","0","3","16","19","6","1","0","55","2","28.10.12"
"710332","196","Черкаська область","будинок культури, зала
вул.Постишева, 75, с.Радчиха, Катеринопільський р-н, Черкаська обл., 20511","380","54","373","49","279","47","326","","0","279","47","326","5","321","1","0","0","208","2","1","0","16","16","9","1","0","66","1","28.10.12"
"710333","196","Черкаська область","будинок культури, зала
вул.Леніна, 66, с.Розсохуватка, Катеринопільський р-н, Черкаська обл., 20507","568","59","565","81","429","80","509","","0","429","80","509","7","502","5","1","1","243","3","1","2","31","26","14","1","0","171","3","28.10.12"
"710334","196","Черкаська область","будинок культури, зала
вул.Погорецького, 20/1, с.Стійкове, Катеринопільський р-н, Черкаська обл., 20531","152","33","151","13","107","12","119","","0","107","12","119","5","114","0","0","2","46","0","0","1","7","22","0","0","0","35","1","28.10.12"
"710335","196","Черкаська область","будинок культури, зала
вул.Леніна, 12, с.Ступичне, Катеринопільський р-н, Черкаська обл., 20514","424","105","423","38","281","38","319","","0","281","38","319","7","312","2","0","5","104","0","0","0","18","47","3","2","0","127","4","28.10.12"
"710336","196","Черкаська область","будинок культури, зала
вул.Жовтнева, 71, с.Суха Калигірка, Катеринопільський р-н, Черкаська обл., 20543","348","111","342","31","206","31","237","","0","206","31","237","7","230","6","1","6","91","2","1","1","4","26","3","2","0","85","2","28.10.12"
"710337","196","Черкаська область","будинок культури, зала
вул.Фрунзе, 41, с.Шостакове, Катеринопільський р-н, Черкаська обл., 20504","360","90","354","30","241","29","270","","0","241","29","270","3","267","3","0","3","71","1","2","0","17","44","4","3","1","117","1","28.10.12"
"710338","196","Черкаська область","будинок культури, зала
вул.Миру, 22, с.Ямпіль, Катеринопільський р-н, Черкаська обл., 20523","236","64","232","17","155","17","172","","4","155","17","172","2","170","2","0","3","92","1","0","2","5","9","9","0","0","46","1","28.10.12"
"710339","196","Черкаська область","Ярошівська школа, фойє
вул.Жовтнева, 1/1, с.Ярошівка, Катеринопільський р-н, Черкаська обл., 20545","1276","543","1261","91","655","78","733","","0","655","78","733","26","707","11","5","9","208","9","1","2","50","66","42","5","6","287","6","29.10.12"
"710340","196","Черкаська область","ВАТ ""ВБЗ ім.Б.Хмельницького"", їдальня, 2-й поверх
вул.Чапаєва, 83, м.Корсунь-Шевченківський, Корсунь-Шевченківський р-н, Черкаська обл., 19400","1180","538","1185","51","599","43","642","","0","599","43","642","20","622","19","1","11","204","1","1","8","6","68","23","0","11","265","4","29.10.12"
"710341","196","Черкаська область","Районний центр зайнятості населення, фойє, 1-й поверх
вул.Ювілейна, 17А, м.Корсунь-Шевченківський, Корсунь-Шевченківський р-н, Черкаська обл., 19400","1792","722","1784","58","1017","53","1070","","0","1017","53","1070","24","1046","24","2","5","282","10","1","15","16","163","36","1","10","478","3","29.10.12"
"710342","196","Черкаська область","школа мистецтв, фойє, 1-й поверх
вул.Червоноармійська, 11, м.Корсунь-Шевченківський, Корсунь-Шевченківський р-н, Черкаська обл., 19400","792","285","777","61","451","56","507","","0","451","56","507","11","496","14","0","1","179","4","0","8","5","77","19","0","3","184","2","29.10.12"
"710343","196","Черкаська область","Районний будинок культури, виставкова зала, 1-й поверх
вул.О.Захаренка, 1, м.Корсунь-Шевченкіський, Корсунь-Шевченківськийр-н, Черкаська обл., 19400","1720","666","1705","79","992","62","1054","","0","992","62","1054","19","1035","24","1","10","372","5","0","20","10","144","46","0","11","388","4","29.10.12"
"710344","196","Черкаська область","Украгровибухпром"", кабінет бухгалтерії, 2-й поверх
вул.Комарова, 3, м.Корсунь-Шевченківський, Корсунь-Шевченківський р-н, Черкаська обл., 19400","1364","527","1319","41","801","36","837","","0","801","36","837","19","818","22","2","6","238","1","1","15","7","103","14","0","5","400","4","29.10.12"
"710345","196","Черкаська область","школа №2, спортивна зала, 1-й поверх
вул.Кірова, 28, м.Корсунь-Шевченківський, Корсунь-Шевченківський р-н, Черкаська обл., 19400","2020","807","1986","49","1171","42","1213","","0","1171","42","1213","24","1189","33","4","10","364","6","4","9","12","184","62","0","17","474","10","28.10.12"
"710346","196","Черкаська область","Територіальний центр УПСЗН, їдальня
вул.Леніна, 98, м.Корсунь-Шевченківський, Корсунь-Шевченківський р-н, Черкаська обл., 19400","1984","929","1950","47","1023","32","1055","","0","1023","32","1055","24","1031","29","3","7","260","5","3","12","15","170","40","1","10","471","5","29.10.12"
"710347","196","Черкаська область","Кафе ВАТ ""Дана"", банкетна зала
вул.Леніна, 144, м.Корсунь-Шевченківський, Корсунь-Шевченківський р-н, Черкаська обл., 19400","2008","797","1995","69","1162","49","1211","","0","1162","49","1211","31","1177","40","2","7","645","16","1","20","12","183","35","2","16","194","4","29.10.12"
"710348","196","Черкаська область","школа №5, фойє, 1-й поверх
вул.Костомарова, 29, м.Корсунь-Шевченківський, Корсунь-Шевченківський р-н, Черкаська обл., 19400","1748","775","1731","77","903","70","973","","0","903","70","973","42","931","33","2","5","386","4","4","52","18","78","36","0","9","304","0","29.10.12"
"710349","196","Черкаська область","Клуб Корсунь-Шевченківської дистанції колії ПЧ-8, концертна зала
вул.Леніна, 383, м.Корсунь-Шевченківський, Корсунь-Шевченківський р-н, Черкаська обл., 19400","1356","545","1342","44","767","44","811","","0","767","44","811","30","781","13","0","5","292","7","2","49","18","107","30","1","17","237","3","29.10.12"
"710350","196","Черкаська область","Сільський будинок культури, концертна зала
вул.Перемоги, 148, с.Гарбузин, м.Корсунь-Шевченківський, Корсунь-Шевченківський р-н, Черкаська обл., 19400","1320","516","1306","36","771","33","804","","0","771","33","804","27","777","14","1","8","332","1","0","78","15","67","24","0","4","230","3","29.10.12"
"710351","196","Черкаська область","Сільський клуб, актова зала
вул.Толстого, 35, с.Саморідня, м.Корсунь-Шевченківський, Корсунь-Шевченківський р-н, Черкаська обл., 19400","288","41","287","36","211","36","247","","0","211","36","247","7","240","2","0","1","106","0","1","1","4","28","2","0","2","93","0","29.10.12"
"710352","196","Черкаська область","Професійно-технічне училище №39, спортивна зала
вул.Комсомольська, 3, смт Стеблів, Корсунь-Шевченківський р-н, Черкаська обл., 19451","1048","478","1036","60","512","58","570","","0","512","58","570","11","559","8","1","3","349","2","1","2","6","37","1","1","2","145","1","29.10.12"
"710353","196","Черкаська область","Будинок культури, фойє
вул.Партизанська, 8, смт Стеблів, Корсунь-Шевченківський р-н, Черкаська обл., 19451","1008","390","998","52","578","40","618","","0","578","40","618","14","604","5","1","2","332","2","2","1","1","51","12","0","1","193","1","29.10.12"
"710354","196","Черкаська область","Клуб Стеблівської бавовняної прядильно-ткацької фабрики, фойє
вул.І. Нечуя-Левицького, 74, смт Стеблів, Корсунь-Шевченківський р-н, Черкаська обл., 19451","588","235","582","13","343","10","353","","0","343","10","353","12","341","3","0","4","198","2","0","1","11","31","4","0","1","85","1","29.10.12"
"710355","196","Черкаська область","Клуб ТОВ ""Агрофірма""Корсунь"", актова зала
вул.Фурманова, 44, смт Стеблів, Корсунь-Шевченківський р-н, Черкаська обл., 19451","528","127","520","30","372","29","401","","0","372","29","401","6","395","1","1","0","242","2","2","4","9","46","6","1","1","78","2","29.10.12"
"710356","196","Черкаська область","Сільський будинок культури, фойє
вул.Польова, 37, с.Бровахи, Корсунь-Шевченківський р-н, Черкаська обл., 19420","372","44","367","69","263","65","328","","0","263","65","328","9","319","1","0","3","180","0","0","2","2","7","4","1","0","118","1","28.10.12"
"710357","196","Черкаська область","Сільський будинок культури, фойє
вул.Перемоги, 9, с.Виграїв, Корсунь-Шевченківський р-н, Черкаська обл., 19416","380","101","376","48","237","42","279","","0","237","42","279","5","274","1","2","4","161","1","1","0","6","15","8","0","12","63","0","28.10.12"
"710358","196","Черкаська область","Сільський клуб, глядацька зала
вул.Піщана, 2, с.Переможинці, Корсунь-Шевченківський р-н, Черкаська обл., 19440","384","104","378","45","238","42","280","","0","238","42","280","5","275","4","0","2","170","0","1","0","4","22","19","0","3","48","2","28.10.12"
"710359","196","Черкаська область","Сільський будинок культури, хол
вул.Леніна, 28, с.Дацьки, Корсунь-Шевченківський р-н, Черкаська обл., 19441","216","70","214","18","129","17","146","","0","129","17","146","4","142","2","0","2","63","2","0","0","4","20","22","0","1","25","1","29.10.12"
"710360","196","Черкаська область","Сільський клуб, хол
вул.Чіковані, 24, с.Яблунівка, Корсунь-Шевченківський р-н, Черкаська обл., 19442","408","140","402","27","242","26","268","","0","242","26","268","5","263","2","0","2","153","0","0","0","6","12","4","1","4","79","0","29.10.12"
"710361","196","Черкаська область","Сільський будинок культури, актова зала
вул.Лісова, 2, с.Деренковець, Корсунь-Шевченківський р-н, Черкаська обл., 19430","640","209","636","41","392","39","431","","0","392","39","431","10","421","7","1","2","160","5","2","2","5","65","12","1","4","153","2","29.10.12"
"710362","196","Черкаська область","Сільський клуб, фойє
вул.Радянська, 126, с.Деренковець, Корсунь-Шевченківський р-н, Черкаська обл., 19430","568","198","562","26","344","26","370","","0","344","26","370","13","357","5","6","3","150","5","0","1","12","40","7","2","5","119","2","28.10.12"
"710363","196","Черкаська область","Сільський будинок культури, фойє
вул.Леніна, 7А, с.Драбівка, Корсунь-Шевченківський р-н, Черкаська обл., 19426","1008","381","996","84","559","68","627","","0","559","68","627","23","604","13","3","9","297","4","3","10","27","59","19","1","5","151","3","28.10.12"
"710364","196","Черкаська область","Сільський будинок культури, фойє
вул.Леніна, 36, с.Завадівка, Корсунь-Шевченківський р-н, Черкаська обл., 19433","576","198","573","34","345","33","378","","0","345","33","378","11","367","5","1","5","182","3","2","3","15","41","9","1","5","91","4","28.10.12"
"710365","196","Черкаська область","Сільський будинок культури, фойє
вул.Богуславська, 1А, с.Заріччя, Корсунь-Шевченківський р-н, Черкаська обл., 19450","444","86","437","36","323","35","358","","0","323","35","358","3","355","0","0","0","277","0","0","2","17","14","0","0","0","45","0","29.10.12"
"710366","196","Черкаська область","Колишня сільська бібліотека, читацька зала
вул.Ковалівська, 2, с.Склименці, Корсунь-Шевченківський р-н, Черкаська обл., 19450","140","15","136","12","113","12","125","","0","113","12","125","4","121","1","0","1","93","0","0","1","4","7","4","0","0","10","0","28.10.12"
"710367","196","Черкаська область","Сільський клуб, фойє
вул.Росьова, 31Б, с.Миколаївка, Корсунь-Шевченківський р-н, Черкаська обл., 19450","148","17","147","32","99","32","131","","0","99","32","131","0","131","0","0","3","115","1","0","0","0","2","0","0","0","10","0","28.10.12"
"710368","196","Черкаська область","Сільський будинок культури, фойє
вул.Леніна, 1, с.Квітки, Корсунь-Шевченківський р-н, Черкаська обл., 19466","884","334","881","55","500","50","550","","0","500","50","550","17","533","11","0","4","319","2","1","1","10","95","19","0","1","68","2","29.10.12"
"710369","196","Черкаська область","Сільський будинок культури, фойє
вул.Пархоменка, 60А, с.Кичинці, Корсунь-Шевченківський р-н, Черкаська обл., 19414","260","60","259","25","179","21","200","","0","179","21","200","3","197","1","0","1","140","2","0","3","3","8","3","0","4","32","0","28.10.12"
"710370","196","Черкаська область","Сільський будинок культури, фойє
вул.Шкільна, 2, с.Кірове, Корсунь-Шевченківський р-н, Черкаська обл., 19421","424","52","430","61","311","61","372","","0","311","61","372","8","364","1","0","2","189","2","0","1","2","21","47","0","5","92","2","29.10.12"
"710371","196","Черкаська область","Навчально-виховний комплекс, їдальня
вул.Новікова, 10, с.Комарівка, Корсунь-Шевченківський р-н, Черкаська обл., 19455","264","35","262","25","208","21","229","","0","208","21","229","1","228","1","0","3","169","0","0","0","3","1","4","0","2","42","3","29.10.12"
"710372","196","Черкаська область","Сільський клуб, концертна зала
вул.Леніна, 18, с.Хильки, Корсунь-Шевченківський р-н, Черкаська обл., 19455","128","22","125","20","86","20","106","","0","86","20","106","3","103","0","0","0","91","0","0","0","1","1","2","0","0","8","0","28.10.12"
"710373","196","Черкаська область","Адмінприміщення сільської ради, актова зала, 1-й поверх
вул.Леніна, 45, с.Кошмак, Корсунь-Шевченківський р-н, Черкаська обл., 19432","316","98","311","46","176","42","218","","0","176","42","218","1","217","3","1","0","72","2","0","1","3","41","35","0","3","55","1","29.10.12"
"710374","196","Черкаська область","Колишній дитячий садочок, святкова зала
вул.Перемоги, 45, с.Глушки, Корсунь-Шевченківський р-н, Черкаська обл., 19432","112","22","109","14","76","14","90","","0","76","14","90","1","89","0","2","0","27","1","1","0","0","16","5","0","0","37","0","29.10.12"
"710375","196","Черкаська область","школа, актова зала
вул.Шкільна, 11, с.Моринці, Корсунь-Шевченківський р-н, Черкаська обл., 19413","180","20","182","14","149","11","160","","0","149","11","160","2","158","2","0","0","80","0","0","1","1","6","21","0","1","46","0","28.10.12"
"710376","196","Черкаська область","Приміщення СТОВ ""Нива"", зала засідань
вул.Шевченка, 21, с.Ситники, Корсунь-Шевченківський р-н, Черкаська обл., 19413","268","91","264","29","153","24","177","","0","153","24","177","0","177","5","1","2","96","0","2","1","8","15","7","0","0","39","1","29.10.12"
"710377","196","Черкаська область","Сільський будинок культури, обрядова зала
вул.Леніна, 168, с.Нетеребка, Корсунь-Шевченківський р-н, Черкаська обл., 19422","944","252","946","74","622","70","692","","12","622","70","692","17","675","8","0","7","387","4","0","7","6","85","7","0","2","158","4","28.10.12"
"710378","196","Черкаська область","Сільський клуб, фойє
вул.Леніна, 102, с.Набутів, Корсунь-Шевченківський р-н, Черкаська обл., 19425","636","224","649","70","356","56","412","","0","356","56","412","8","404","10","0","2","176","1","1","12","16","57","2","0","3","123","1","29.10.12"
"710379","196","Черкаська область","сільська рада, зала засідання
вул.Перемоги, 68, с.Петрушки, Корсунь-Шевченківський р-н, Черкаська обл., 19434","380","124","381","39","220","36","256","","0","220","36","256","3","253","6","2","0","176","2","1","0","3","9","19","0","1","34","0","29.10.12"
"710380","196","Черкаська область","Сільський будинок культури, танцювальна зала
вул.Комсомольська, 16А, с.Листвина, Корсунь-Шевченківський р-н, Черкаська обл., 19435","476","165","467","28","285","26","311","","0","285","26","311","8","303","4","1","1","103","1","1","2","3","30","45","0","2","110","0","28.10.12"
"710381","196","Черкаська область","Сільський будинок культури, глядацька зала
вул.Молодіжна, 5, с.Пішки, Корсунь-Шевченківський р-н, Черкаська обл., 19410","268","74","263","35","164","30","194","","0","164","30","194","8","186","1","1","1","83","2","0","4","10","5","9","0","2","68","0","29.10.12"
"710382","196","Черкаська область","Сільський клуб, фойє
вул.Лісова, 79, с.Нехворощ, Корсунь-Шевченківський р-н, Черкаська обл., 19410","108","28","109","20","63","17","80","","0","63","17","80","2","78","0","0","0","41","0","0","0","2","4","6","0","0","25","0","29.10.12"
"710383","196","Черкаська область","Сільський будинок культури, зала
вул.Леніна, 230, с.Сахнівка, Корсунь-Шевченківський р-н, Черкаська обл., 19424","1064","359","1049","106","611","94","705","","1","610","94","704","23","681","10","1","6","334","3","1","15","63","12","2","3","1","225","5","29.10.12"
"710384","196","Черкаська область","Сільський будинок культури, фойє
вул.Леніна, 19, с.Селище, Корсунь-Шевченківський р-н, Черкаська обл., 19443","1144","94","1125","105","946","104","1050","","0","946","104","1050","1","1049","0","1","2","956","0","1","0","2","11","10","1","1","64","0","28.10.12"
"710385","196","Черкаська область","Сільський клуб, фойє
вул.Шевченка, 53, с.Тараща, Корсунь-Шевченківський р-н, Черкаська обл., 19444","224","28","220","44","152","44","196","","0","152","44","196","0","196","1","0","0","163","1","0","1","0","10","1","1","0","18","0","28.10.12"
"710386","196","Черкаська область","Сільський будинок культури, фойє
вул.Шевченка, 36, с.Гута-Селицька, Корсунь-Шевченківський р-н, Черкаська обл., 19443","108","12","106","17","79","17","96","","0","79","17","96","2","94","1","0","0","83","0","0","0","0","1","4","0","0","4","1","28.10.12"
"710387","196","Черкаська область","Сільський будинок культури, фойє
вул.Марченка, 2, с.Сидорівка, Корсунь-Шевченківський р-н, Черкаська обл., 19452","544","154","534","46","348","42","390","","0","348","42","390","5","385","3","2","0","231","0","1","1","4","3","2","2","2","132","2","28.10.12"
"710388","196","Черкаська область","Сільський клуб, актова зала
вул.Ювілейна, 5, с.Скрипчинці, Корсунь-Шевченківський р-н, Черкаська обл., 19452","176","25","172","24","127","24","151","","0","127","24","151","0","151","0","0","0","122","1","0","0","4","1","3","0","1","19","0","28.10.12"
"710389","196","Черкаська область","Сільський будинку культури, зала
вул.Садова, 7, с.Сотники, Корсунь-Шевченківський р-н, Черкаська обл., 19415","304","63","303","30","213","28","241","","0","213","28","241","5","236","3","2","0","180","0","0","2","4","7","5","0","1","32","0","28.10.12"
"710390","196","Черкаська область","Сільського будинок культури, танцювальна зала
вул.Шевченка, 50А, с.Сухини, Корсунь-Шевченківський р-н, Черкаська обл., 19447","568","152","560","43","373","43","416","","0","373","43","416","9","407","0","0","4","243","3","0","1","27","7","32","0","1","86","3","28.10.12"
"710391","196","Черкаська область","Сільський будинок культури, фойє
вул.Шевченка, 46, с.Черепин, Корсунь-Шевченківський р-н, Черкаська обл., 19431","284","55","282","28","201","28","229","","0","201","28","229","9","220","5","1","7","118","0","0","7","1","22","6","0","5","42","6","28.10.12"
"710392","196","Черкаська область","Сільський клуб, фойє
вул.Грушевського, 11, с.Вільхівчик, Корсунь-Шевченківський р-н, Черкаська обл., 19431","168","48","170","20","100","20","120","","0","100","20","120","2","118","3","0","3","79","1","0","3","0","14","2","0","0","13","0","28.10.12"
"710393","196","Черкаська область","Сільський клуб, актова зала
вул.Центральна, 5, с.Карашина, Корсунь-Шевченківський р-н, Черкаська обл., 19430","480","211","466","24","248","21","269","","0","248","21","269","5","264","3","0","1","92","2","0","0","9","55","12","0","2","87","1","29.10.12"
"710394","196","Черкаська область","Сільський будинок культури, зала урочистих подій
вул.Леніна, 109, с.Шендерівка, Корсунь-Шевченківський р-н, Черкаська обл., 19453","632","142","629","58","436","54","490","","0","436","54","490","5","485","0","0","9","361","4","0","0","0","5","1","0","0","105","0","28.10.12"
"710395","196","Черкаська область","Відділення зв’язку, операційна зала
вул.Дзержинського, 13, с.Нова Буда, Корсунь-Шевченківський р-н, Черкаська обл., 19453","88","26","85","11","52","10","62","","0","52","10","62","0","62","0","0","0","58","0","0","0","0","0","0","0","0","4","0","28.10.12"
"710396","196","Черкаська область","Корсунь-Шевченківська центральна районна лікарня, актова зала, підвал
вул.Леніна, 120, м.Корсунь-Шевченківський, Корсунь-Шевченківський р-н, Черкаська обл., 19400","224","176","62","14","37","11","48","","0","37","11","48","0","48","1","0","0","19","0","0","0","0","4","3","1","1","18","1","28.10.12"
"710403","196","Черкаська область","адмінбудинок, зал
вул.Миру, 56А, с.Будище, Лисянський р-н, Черкаська обл., 19323","408","93","404","36","279","36","315","","0","279","36","315","3","312","4","0","5","210","0","1","0","7","12","7","3","1","60","2","28.10.12"
"710404","196","Черкаська область","сільський клуб, фойє
вул.Садова, 6А, с.Орли, Лисянський р-н, Черкаська обл., 19323","208","50","207","13","145","13","158","","0","145","13","158","2","156","1","0","3","55","4","0","0","5","0","9","0","1","76","2","28.10.12"
"710411","196","Черкаська область","будинок культури, зал
вул.Леніна, 50А, с.Журжинці, Лисянський р-н, Черкаська обл., 19321","608","193","605","38","381","34","415","","0","381","34","415","16","399","4","1","4","247","1","1","2","16","5","4","0","0","114","0","28.10.12"
"710412","196","Черкаська область","сільський клуб, зал
вул.Чкалова, 12, с.Петрівська Гута, Лисянський р-н, Черкаська обл., 19321","120","27","118","8","85","8","93","","0","85","8","93","2","91","0","0","2","53","1","0","0","5","2","6","1","2","19","0","28.10.12"
"710420","196","Черкаська область","школа, фойє
вул.Шкільна, 8, с.Почапинці, Лисянський р-н, Черкаська обл., 19322","928","334","920","84","515","79","594","","0","515","79","594","14","580","5","1","3","314","4","5","2","15","45","12","3","1","169","1","28.10.12"
"710421","196","Черкаська область","сільський клуб, зал
вул.Центральна, 8, с.Верещаки, Лисянський р-н, Черкаська обл., 19322","180","55","175","18","110","15","125","","0","110","15","125","6","119","1","0","3","56","2","0","1","4","0","4","1","0","47","0","28.10.12"
"710433","196","Черкаська область","будинок культури, зал
вул.Березина, 60, с.Шестеринці, Лисянський р-н, Черкаська обл., 19324","292","72","292","11","211","9","220","","0","211","9","220","2","218","1","0","2","167","1","2","0","6","0","4","0","1","33","1","28.10.12"
"710563","196","Черкаська область","сільський будинок культури, фойє
вул.Садова, 9, с.Білашки, Тальнівський р-н, Черкаська обл., 20433","552","142","549","9","401","9","410","","0","401","9","410","16","394","6","1","3","161","3","2","2","8","13","25","1","1","167","1","28.10.12"
"710564","196","Черкаська область","сільський клуб, фойє
вул.Самойлова, 2Б, с-ще Левада, Тальнівський р-н, Черкаська обл., 20433","196","71","197","1","124","1","125","","0","124","1","125","3","122","0","0","0","63","2","1","1","1","8","8","0","1","36","1","28.10.12"
"710565","196","Черкаська область","сільський будинок культури, глядацька зала
вул.Віті Проценка, 40А, с.Веселий Кут, Тальнівський р-н, Черкаська обл., 20414","428","132","422","1","296","0","296","","0","296","0","296","15","281","7","1","4","105","8","1","1","12","46","10","5","2","77","2","28.10.12"
"710567","196","Черкаська область","загальноосвітня школа, актова зала
вул.Леніна, 23А, с.Глибочок, Тальнівський р-н, Черкаська обл., 20440","520","199","515","8","314","7","321","","0","314","7","321","7","314","7","5","8","74","9","0","5","16","20","7","0","5","156","2","29.10.12"
"710569","196","Черкаська область","сільський клуб, глядацька зала
вул.Леніна, 56, с.Заліське, Тальнівський р-н, Черкаська обл., 20420","500","127","497","19","354","19","373","","0","354","19","373","4","369","4","0","3","255","2","2","0","12","11","8","0","2","67","3","28.10.12"
"710570","196","Черкаська область","сільська рада, фойє
вул.Дубковецького, 36, с-ще Здобуток Жовтня, Тальнівський р-н, Черкаська обл., 20409","528","186","523","2","340","2","342","","0","340","2","342","13","329","3","2","7","154","5","1","4","18","20","12","3","2","91","7","28.10.12"
"710571","196","Черкаська область","сільський будинок культури, фойє
вул.Шевченка, 4, с.Зеленьків, Тальнівський р-н, Черкаська обл., 20443","812","278","802","26","509","25","534","","0","509","25","534","23","511","9","2","13","165","8","4","4","19","23","11","0","9","237","7","29.10.12"
"710572","196","Черкаська область","сільський будинок культури, глядацька зала
вул.Леніна, 63, с.Кобринове, Тальнівський р-н, Черкаська обл., 20421","556","186","549","23","347","23","370","","0","347","23","370","8","362","2","2","5","188","3","0","2","17","18","8","4","3","110","0","28.10.12"
"710573","196","Черкаська область","сільська рада, зала засідань
вул.Жовтнева, 8, с.Кобринова Гребля, Тальнівський р-н, Черкаська обл., 20422","364","79","361","5","280","5","285","","0","280","5","285","13","272","0","2","15","122","5","2","0","11","20","3","0","1","87","4","28.10.12"
"710574","196","Черкаська область","сільський клуб, фойє
вул.Радянська, 73, с.Антонівка, Тальнівський р-н, Черкаська обл., 20422","232","55","228","2","175","2","177","","0","175","2","177","6","171","0","0","0","109","0","0","0","11","15","1","0","2","32","1","29.10.12"
"710575","196","Черкаська область","сільський будинок культури, фойє
вул.Леніна, будинок культури, с.Колодисте, Тальнівський р-н, Черкаська обл., 20450","544","170","541","4","370","4","374","","0","370","4","374","16","358","3","1","2","110","3","2","0","17","23","15","1","3","177","1","29.10.12"
"710576","196","Черкаська область","сільський будинок культури, фойє
вул.Миру, 1, с.Корсунка, Тальнівський р-н, Черкаська обл., 20441","320","110","317","8","202","8","210","","0","202","8","210","7","203","2","3","3","89","2","2","0","3","23","9","0","1","65","1","29.10.12"
"710577","196","Черкаська область","сільський клуб, глядацька зала
вул.Жовтнева, 39, с.Довгеньке, Тальнівський р-н, Черкаська обл., 20441","124","33","121","6","85","6","91","","0","85","6","91","1","90","1","0","1","24","1","0","1","5","14","4","0","0","39","0","28.10.12"
"710578","196","Черкаська область","навчально-виховний комплекс, спортивна зала
вул.Мазепи, 23А, с.Криві Коліна, Тальнівський р-н, Черкаська обл., 20451","536","161","531","18","358","17","375","","0","358","17","375","6","369","3","0","3","260","3","0","1","14","9","5","0","2","68","1","28.10.12"
"710579","196","Черкаська область","сільський клуб, глядацька зала
вул.Максима Залізняка, 16Б, с.Чеснопіль, Тальнівський р-н, Черкаська обл., 20451","88","14","92","6","68","6","74","","0","68","6","74","1","73","0","0","2","45","0","1","0","4","1","1","0","0","19","0","28.10.12"
"710582","196","Черкаська область","сільський будинок культури, фойє
вул.Куклича, 90, с.Лісове, Тальнівський р-н, Черкаська обл., 20410","744","273","733","16","456","15","471","","0","456","15","471","23","448","7","4","13","245","9","0","2","26","32","5","1","3","96","5","28.10.12"
"710583","196","Черкаська область","загальноосвітня школа, спортивна зала
вул.Кошового, 26, с.Піщана, Тальнівський р-н, Черкаська обл., 20453","504","211","500","6","287","6","293","","0","287","6","293","13","280","4","0","1","72","3","0","3","26","10","2","3","2","151","3","28.10.12"
"710584","196","Черкаська область","сільський будинок культури, глядацька зала
вул.Леніна, 19, с.Майданецьке, Тальнівський р-н, Черкаська обл., 20442","1592","739","1581","7","847","6","853","","0","847","6","853","23","830","20","2","11","216","22","5","8","39","60","15","4","18","389","21","28.10.12"
"710585","196","Черкаська область","сільський клуб, фойє
вул.Майданецька, 1, с-ще Новомайданецьке, Тальнівський р-н, Черкаська обл., 20442","196","76","194","0","120","0","120","","0","120","0","120","3","117","2","1","2","36","2","1","1","7","21","1","1","1","39","2","28.10.12"
"710587","196","Черкаська область","будинок культури, глядацька зала
вул.Шкільна, будинок культури, с.Онопріївка, Тальнівський р-н, Черкаська обл., 20412","576","192","569","8","376","8","384","","0","376","8","384","15","369","4","1","6","154","3","0","0","21","11","6","0","0","162","1","28.10.12"
"710588","196","Черкаська область","сільський клуб, глядацька зала
вул.Радянська, 21А, с.Павлівка Друга, Тальнівський р-н, Черкаська обл., 20412","96","32","92","0","64","0","64","","0","64","0","64","3","61","0","0","2","29","0","0","0","3","0","3","0","0","23","1","28.10.12"
"710589","196","Черкаська область","сільський будинок культури, фойє
вул.Довжука, 105, с.Павлівка Перша, Тальнівський р-н, Черкаська обл., 20454","504","164","496","3","337","3","340","","0","337","3","340","5","335","1","0","6","200","5","2","2","10","20","6","2","2","75","4","28.10.12"
"710590","196","Черкаська область","сільський будинок культури, фойє
вул.8 Березня, 2, с.Папужинці, Тальнівський р-н, Черкаська обл., 20413","432","107","429","0","325","0","325","","0","325","0","325","10","315","2","3","6","109","2","0","0","17","22","9","1","3","136","5","28.10.12"
"710593","196","Черкаська область","загальноосвітня школа, фойє
вул.Коцюбинського, 22, с.Соколівочка, Тальнівський р-н, Черкаська обл., 20423","392","78","392","13","301","13","314","","0","301","13","314","12","302","3","1","4","193","2","1","0","11","21","0","0","2","61","3","28.10.12"
"710594","196","Черкаська область","сільський клуб, фойє
вул.Леніна, 27А, с-ще Степне, Тальнівський р-н, Черкаська обл., 20423","88","23","86","0","65","0","65","","0","65","0","65","2","63","0","0","0","36","1","0","0","5","8","1","0","0","11","1","28.10.12"
"710595","196","Черкаська область","сільський клуб, фойє
вул.Гагарніа, 1Б, с.Червоне, Тальнівський р-н, Черкаська обл., 20423","180","45","177","8","127","8","135","","0","127","8","135","3","132","0","0","1","81","0","0","0","1","4","5","0","0","40","0","28.10.12"
"710596","196","Черкаська область","Тальянківський коледж УНУС, фойє
вул.Комсомольська, 80, с.Тальянки, Тальнівський р-н, Черкаська обл., 20434","984","394","984","9","581","9","590","","0","581","9","590","25","565","10","3","6","193","9","2","4","14","29","22","1","10","253","9","29.10.12"
"710597","196","Черкаська область","сільська рада, зала засідань
вул.Космонавтів, 9, с.Шаулиха, Тальнівський р-н, Черкаська обл., 20411","304","91","301","3","210","3","213","","0","210","3","213","3","210","2","1","3","139","1","0","2","9","9","5","1","0","37","1","28.10.12"
"710820","196","Черкаська область","районний будинок культури, фойє
вул.Леніна, 8, м.Шпола, Шполянський р-н, Черкаська обл., 20600","2364","1005","2338","56","1311","48","1359","","0","1311","48","1359","49","1310","18","7","26","288","16","16","8","239","88","32","30","8","523","11","29.10.12"
"710821","196","Черкаська область","кінотеатр ""Космос"", фойє
вул.Леніна, 2, м.Шпола, Шполянський р-н, Черкаська обл., 20600","2224","1003","2205","68","1173","48","1221","","1","1171","48","1219","63","1156","15","2","12","302","18","7","1","207","81","37","53","11","401","9","28.10.12"
"710822","196","Черкаська область","музична школа, фойє
вул.Леніна, 18, м.Шпола, Шполянський р-н, Черкаська обл., 20600","2388","1288","2333","57","1060","40","1100","","0","1060","40","1100","47","1052","17","1","9","244","13","3","8","151","57","27","26","8","474","14","29.10.12"
"710823","196","Черкаська область","школа-ліцей №2, фойє
вул.Піонерська, 95, м.Шпола, Шполянський р-н, Черкаська обл., 20600","2228","1069","2200","33","1129","30","1159","","0","1129","30","1159","38","1121","12","8","17","242","23","3","3","207","88","28","44","7","423","16","29.10.12"
"710824","196","Черкаська область","міжшкільний виробничий комбінат, фойє
вул.Леніна, 45, м.Шпола, Шполянський р-н, Черкаська обл., 20600","1948","922","1925","41","998","28","1026","","0","998","28","1026","28","998","10","2","22","218","16","11","5","169","79","25","29","5","397","10","29.10.12"
"710825","196","Черкаська область","будинок культури ім.Горького, фойє
вул.Шевченка, 99, м.Шпола, Шполянський р-н, Черкаська обл., 20600","1660","759","1639","69","858","43","901","","0","858","43","901","34","867","9","2","15","227","16","7","1","190","37","20","23","3","314","3","29.10.12"
"710826","196","Черкаська область","контора СПОП ""Відродження"", актова зала
вул.Володарського, 101, м.Шпола, Шполянський р-н, Черкаська обл., 20600","1048","453","1043","40","568","27","595","","0","568","27","595","21","574","4","2","4","116","8","3","1","139","17","7","10","4","249","10","29.10.12"
"710827","196","Черкаська область","міська школа №5, фойє
вул.Слобідська, 120, м.Шпола, Шполянський р-н, Черкаська обл., 20600","1916","922","1899","67","938","56","994","","0","938","56","994","41","953","14","5","11","315","13","7","5","135","51","35","24","5","324","9","29.10.12"
"710828","196","Черкаська область","клуб райлікарні, конференцзал
вул.Комінтерна, 10, м.Шпола, Шполянський р-н, Черкаська обл., 20600","200","39","213","4","157","4","161","","0","157","4","161","7","154","1","2","4","46","0","1","2","23","3","2","2","3","64","1","28.10.12"
"710829","196","Черкаська область","будинок культури, танцювальна зала
вул.Шкільна, 23, с.Антонівка, Шполянський р-н, Черкаська обл., 20653","504","206","496","41","262","36","298","","0","262","36","298","10","288","10","3","3","113","1","0","2","82","12","4","1","2","55","0","28.10.12"
"710830","196","Черкаська область","сільська школа, фойє
вул.Кірова, 1, с.Бурти, Шполянський р-н, Черкаська обл., 20610","556","141","555","67","354","61","415","","0","354","61","415","10","405","4","3","8","143","3","1","2","26","142","20","1","0","51","1","29.10.12"
"710831","196","Черкаська область","будинок культури, фойє
вул.Пролетарська, 137, с.Васильків, Шполянський р-н, Черкаська обл., 20624","1192","458","1191","138","607","127","734","","0","607","127","734","17","717","5","4","3","394","17","1","3","94","27","5","7","4","149","4","28.10.12"
"710832","196","Черкаська область","приміщення приватного кафе, танцювальна зала
вул.Васильківська, 59А, с.Васильків, Шполянський р-н, Черкаська обл., 20624","412","144","410","50","223","45","268","","0","223","45","268","11","257","2","1","4","141","0","0","1","32","8","5","2","0","59","2","28.10.12"
"710833","196","Черкаська область","будинок культури, глядацька зала
пров.Шевченка, 3, с.Веселий Кут, Шполянський р-н, Черкаська обл., 20655","156","47","154","22","90","19","109","","0","90","19","109","3","106","2","0","0","77","1","0","0","7","0","2","0","0","16","1","28.10.12"
"710834","196","Черкаська область","будинок культури, танцювальна зала
вул.Шкільна, 15А, с.Водяне, Шполянський р-н, Черкаська обл., 20641","656","202","653","70","385","69","454","","0","385","69","454","12","442","5","5","7","226","1","2","5","23","21","6","4","0","136","1","28.10.12"
"710835","196","Черкаська область","будинок культури, фойє
вул.Першотравнева, 133, с.Журавка, Шполянський р-н, Черкаська обл., 20637","928","317","927","82","529","82","611","","0","529","82","611","19","592","8","2","9","422","4","3","2","44","6","13","5","4","69","1","29.10.12"
"710836","196","Черкаська область","будинок культури, глядацька зала
вул.Хрещатик, 50, с.Іскрене, Шполянський р-н, Черкаська обл., 20623","712","213","705","68","438","61","499","","0","438","61","499","11","488","3","0","8","242","1","1","2","164","3","19","1","2","40","2","29.10.12"
"710837","196","Черкаська область","будинок культури, глядацька зала
вул.Антонівська, 93, с.Кавунівка, Шполянський р-н, Черкаська обл., 20642","172","49","169","24","104","19","123","","0","104","19","123","11","112","3","1","2","53","0","0","1","13","1","1","1","2","33","1","28.10.12"
"710838","196","Черкаська область","будинок культури, глядацька зала
вул.Новошкільна, 18, с.Капустине, Шполянський р-н, Черкаська обл., 20622","444","88","356","51","305","51","356","","0","305","51","356","2","354","0","3","2","230","1","2","1","31","5","6","2","0","71","0","29.10.12"
"710839","196","Черкаська область","будинок культури, мала зала
вул.Центральна, 29, с.Кримки, Шполянський р-н, Черкаська обл., 20640","668","287","664","50","339","42","381","","0","339","42","381","17","364","6","8","6","156","2","1","0","40","33","7","2","3","98","2","29.10.12"
"710840","196","Черкаська область","сільська рада, зала засідань
вул.Леніна, 131, с.Лебедин, Шполянський р-н, Черкаська обл., 20634","1100","529","1085","112","465","106","571","","0","465","106","571","24","547","3","4","3","190","1","2","5","57","10","7","10","7","243","5","28.10.12"
"710841","196","Черкаська область","будинок культури, фойє
вул.Віктора Кравченка, 48, с.Лебедин, Шполянський р-н, Черкаська обл., 20634","1296","598","1287","94","605","93","698","","0","605","93","698","21","677","10","1","10","308","6","1","1","82","12","4","2","8","227","5","28.10.12"
"710842","196","Черкаська область","сільський клуб, глядацька зала
вул.Ватутіна, 71, с.Лебедин, Шполянський р-н, Черкаська обл., 20634","896","338","894","101","460","98","558","","0","460","98","558","21","537","6","2","7","206","9","2","2","82","11","28","9","3","166","4","29.10.12"
"710843","196","Черкаська область","будинок культури, фойє
вул.Івана Гончара, 1К, с.Лип’янка, Шполянський р-н, Черкаська обл., 20650","892","308","881","116","470","114","584","","0","470","114","584","27","557","6","3","5","319","7","5","3","85","12","9","3","3","94","3","29.10.12"
"710844","196","Черкаська область","школа, спортивна зала
вул.Шкільна, 3, с.Лозуватка, Шполянський р-н, Черкаська обл., 20621","1016","383","1008","80","568","65","633","","0","568","65","633","23","610","8","4","4","169","2","0","3","67","53","14","5","2","275","4","29.10.12"
"710845","196","Черкаська область","будинок культури, фойє
вул.Леніна, 32, с.Мар’янівка, Шполянський р-н, Черкаська обл., 20633","968","445","960","72","467","56","523","","0","467","56","523","25","498","10","2","4","212","9","4","4","65","22","7","9","6","140","4","29.10.12"
"710846","196","Черкаська область","сільський клуб, глядацька зала
вул.Степова, 11, с.Маслове, Шполянський р-н, Черкаська обл., 20652","180","40","180","19","122","18","140","","0","122","18","140","9","131","2","1","0","82","0","0","1","13","2","3","0","1","26","0","29.10.12"
"710847","196","Черкаська область","школа №1, фойє
вул.Станіславська, 40, с.Матусів, Шполянський р-н, Черкаська обл., 20630","784","262","777","90","441","81","522","","0","441","81","522","17","505","5","3","4","172","4","2","1","68","16","5","0","5","220","0","29.10.12"
"710848","196","Черкаська область","контора фермерського господарства ""Деметра"", зала засідань
вул.Чернишевського, 22, с.Матусів, Шполянський р-н, Черкаська обл., 20630","844","329","835","65","456","59","515","","0","456","59","515","14","501","7","2","5","148","9","1","4","91","19","2","5","6","197","5","28.10.12"
"710849","196","Черкаська область","школа №2, фойє
вул.Хмельницького, 243, с.Матусів, Шполянський р-н, Черкаська обл., 20630","984","498","967","79","423","63","486","","0","423","63","486","29","457","6","3","6","146","3","2","0","55","43","11","9","2","164","7","28.10.12"
"710850","196","Черкаська область","будинок культури, фойє
вул.Центральна, 78, с.Надточаївка, Шполянський р-н, Черкаська обл., 20612","420","90","419","52","280","50","330","","0","280","50","330","10","320","0","0","1","153","0","0","1","42","19","5","3","1","92","3","28.10.12"
"710851","196","Черкаська область","будинок культури, глядацька зала
вул.Центральна, 79, с.Нечаєве, Шполянський р-н, Черкаська обл., 20651","332","93","329","14","225","14","239","","0","225","14","239","8","231","2","0","7","96","1","1","0","38","1","0","2","1","82","0","28.10.12"
"710852","196","Черкаська область","сільська рада, актова зала
вул.Шевченка, 226, с.Сердегівка, Шполянський р-н, Черкаська обл., 20614","192","55","194","16","122","15","137","","0","122","15","137","1","136","0","0","0","56","2","1","0","11","11","0","1","0","54","0","28.10.12"
"710853","196","Черкаська область","будинок культури, актова зала
вул.Радянська, 53, с.Сигнаївка, Шполянський р-н, Черкаська обл., 20615","1424","639","1408","88","709","76","785","","0","709","76","785","29","756","12","3","8","287","7","2","3","92","40","18","8","1","274","1","28.10.12"
"710854","196","Черкаська область","школа, спортивна кімната
вул.Кушнова, 55А, с.Скотареве, Шполянський р-н, Черкаська обл., 20625","524","153","522","53","323","48","371","","0","323","48","371","10","361","0","1","2","91","1","1","1","83","7","3","1","0","170","0","28.10.12"
"710855","196","Черкаська область","будинок культури, глядацька зала
вул.Центральна, 21, с.Соболівка, Шполянський р-н, Черкаська обл., 20644","400","93","397","50","257","50","307","","0","257","50","307","4","303","7","2","1","97","1","0","1","96","1","3","0","0","93","1","29.10.12"
"710856","196","Черкаська область","школа, кабінет біології
вул.Центральна, 10, с.Станіславчик, Шполянський р-н, Черкаська обл., 20611","432","156","429","56","225","51","276","","0","225","51","276","10","266","0","0","7","64","2","0","0","31","7","5","1","1","145","3","28.10.12"
"710857","196","Черкаська область","контора ЗАТ ім.Шевченка, актова зала
вул.Комсомольська, 2, с.Терешки, Шполянський р-н, Черкаська обл., 20613","644","229","633","51","366","49","415","","11","355","49","404","4","400","6","3","4","223","4","3","0","37","11","7","5","5","91","1","29.10.12"
"710858","196","Черкаська область","будинок культури, фойє
вул.Центральна, будинок культури, с.Товмач, Шполянський р-н, Черкаська обл., 20643","624","259","616","58","319","46","365","","0","319","46","365","10","355","5","1","6","57","3","2","1","25","36","4","0","3","211","1","28.10.12"
"710859","196","Черкаська область","будинок культури, фойє
вул.Т.Г.Шевченка, 29В, с.Топильна, Шполянський р-н, Черкаська обл., 20620","608","248","607","43","320","40","360","","0","320","40","360","19","341","2","2","1","183","5","0","5","44","12","11","2","1","71","2","28.10.12"
"710860","196","Черкаська область","будинок культури, актова зала
вул.Томенка М.Д., 50, с.Ярославка, Шполянський р-н, Черкаська обл., 20654","320","104","315","26","191","25","216","","0","191","25","216","9","207","0","2","4","116","0","1","1","29","1","1","2","5","43","2","28.10.12"
"710861","196","Черкаська область","Райлікарня, кабінет лікувальної фізкультури
вул.Комінтерна, 10, м.Шпола, Шполянський р-н, Черкаська обл., 20600","232","182","54","12","39","11","50","","0","39","11","50","0","50","0","0","1","32","0","1","0","5","1","0","1","0","9","0","28.10.12"
