"№ ВД","OBO","Назва регіону України","Місцезнаходження та адреса приміщення для голосування","1) К-сть одержаних бюлетенів","2) К-сть невикористаних бюлетенів","3) К-сть виборців, внесених до списку виборців","4) К-сть виборців, внесених до витягу зі списку виборців","5) К-сть виборців, які отримали бюлетені у приміщенні","6) К-сть виборців, які отримали за місцем перебування","7) Сумарна к-сть виборців, які отримали бюлетені","8) К-сть бюлетенів, що виявилися у кожній скринці","9) К-сть бюлетенів, що не підлягають врахуванню","10) К-сть виборців, які взяли участь у голос. у приміщенні для гол.","11) К-сть виборців, які взяли участь у голос. за місцем перебування","12) К-сть виборців, які взяли участь у голосуванні на виборчій дільниці","13) К-сть бюлетенів, визнаних недійсними","14) Сумарна к-сть голосів виборців ЗА","Василина
Роман
Петрович","Давиденко
Олексій
Григорович","Запорожець
Володимир
Олексійович","Колесник
Андрій
Валерійович","Курудз
Богдан
Михайлович","Логін
Петро
Зіновійович","Макуха
Роман
Васильович","Нікітченко
Ольга
Петрівна","Палютін
Пилип
Юрійович","Решетняк
Вадим
Володимирович","Рудик
Сергій
Ярославович","Савченко
Ігор
Васильович","Семинога
Анатолій
Іванович","Таран
Сергій
Миколайович","Тимошенко
Віктор
Анатолійович","Харламов
Олександр
Володимирович","Цоньо
Віктор
Михайлович","Чегровой
Максим
Павлович","Чекаленко
Ігор
Миколайович","Дата підписання протоколу"
"710230","198","Черкаська область","АТП 17142, актова зала
вул.Заводська, 4, м.Кам’янка, Кам’янський р-н, Черкаська обл., 20800","776","318","776","28","431","27","458","","0","431","27","458","17","441","4","9","16","13","0","0","1","8","0","119","166","1","14","1","81","8","0","0","0","29.10.12"
"710231","198","Черкаська область","Сортодослідна станція, актова зала
вул.Червоноармійська, 31, м.Кам’янка, Кам’янський р-н, Черкаська обл., 20800","1556","600","1560","40","916","40","956","","0","916","40","956","20","936","11","12","22","25","0","1","3","3","2","205","350","5","36","15","228","15","1","0","2","29.10.12"
"710232","198","Черкаська область","школа №2, фойє
вул.Леніна, 55, м.Кам’янка, Кам’янський р-н, Черкаська обл., 20800","1572","589","1554","22","965","18","983","","0","965","18","983","20","963","33","10","31","19","2","0","2","11","1","166","367","2","50","7","252","7","0","1","2","29.10.12"
"710233","198","Черкаська область","Будинок культури, фойє
вул.Сердюка, 1, м.Кам’янка, Кам’янський р-н, Черкаська обл., 20800","1276","538","1256","55","700","38","738","","0","700","38","738","8","730","9","9","12","17","1","0","2","11","0","106","251","1","10","6","290","4","0","1","0","29.10.12"
"710234","198","Черкаська область","школа №1, фойє
вул.Леніна, 18А, м.Кам’янка, Кам’янський р-н, Черкаська обл., 20800","1216","394","1212","19","805","17","822","","0","805","17","822","13","809","17","8","29","32","0","1","1","17","1","216","255","1","41","2","180","7","1","0","0","29.10.12"
"710235","198","Черкаська область","""Райавтодор"", фойє
вул.Чехова, 6, м.Кам’янка, Кам’янський р-н, Черкаська обл., 20800","1124","428","1123","29","670","26","696","","0","670","26","696","14","682","15","9","20","18","1","1","0","35","1","118","241","1","24","6","180","10","1","1","0","29.10.12"
"710236","198","Черкаська область","районна бібліотека, фойє
вул.Людмили Борисової, 4, м.Кам’янка, Кам’янський р-н, Черкаська обл., 20800","836","337","815","6","494","5","499","","0","494","5","499","6","493","12","3","15","21","0","0","0","15","0","94","196","5","34","3","81","10","0","0","4","29.10.12"
"710237","198","Черкаська область","Будинок культури, фойє
вул.Декабристів, 9, м.Кам’янка, Кам’янський р-н, Черкаська обл., 20800","1356","509","1355","41","808","39","847","","0","808","39","847","15","832","20","17","29","19","0","0","2","20","3","161","250","7","24","6","256","13","3","1","1","29.10.12"
"710238","198","Черкаська область","школа №3, їдальня
вул.Декабристів, 68, м.Кам’янка, Кам’янський р-н, Черкаська обл., 20800","1392","462","1389","64","866","64","930","","0","866","64","930","22","908","15","6","27","25","0","1","0","10","0","237","371","0","17","8","165","17","0","0","9","29.10.12"
"710239","198","Черкаська область","Будинок культури, фойє
вул.Перемоги, 22, с.Баландине, Кам’янський р-н, Черкаська обл., 20843","648","205","639","59","397","46","443","","0","397","46","443","9","434","2","6","7","7","1","4","0","17","1","77","100","1","13","2","195","1","0","0","0","29.10.12"
"710240","198","Черкаська область","школа, фойє
вул.Центральна, 26, с.Вербівка, Кам’янський р-н, Черкаська обл., 20841","480","144","470","63","276","60","336","","0","276","60","336","5","331","5","12","7","8","0","0","2","5","1","139","76","4","15","2","49","5","0","1","0","29.10.12"
"710241","198","Черкаська область","школа, фойє
вул.Леніна, 95, с.Грушківка, Кам’янський р-н, Черкаська обл., 20810","784","267","772","79","444","73","517","","0","444","73","517","4","513","4","13","5","4","2","0","0","2","0","85","43","1","31","6","315","1","0","0","1","29.10.12"
"710242","198","Черкаська область","школа, фойє
вул.Шкільна, 10, с.Жаботин, Кам’янський р-н, Черкаська обл., 20822","828","244","837","57","529","55","584","","0","529","55","584","10","574","8","14","11","3","0","0","2","6","2","210","121","1","24","5","161","3","2","1","0","29.10.12"
"710243","198","Черкаська область","сільський клуб, концертний зал
вул.Шевченка, 6, с.Флярківка, Кам’янський р-н, Черкаська обл., 20822","332","68","322","17","249","15","264","","0","249","15","264","2","262","2","8","6","1","0","2","1","0","2","58","41","2","3","12","121","2","0","0","1","28.10.12"
"710244","198","Черкаська область","школа, кімната №2
вул.Жовтнева, 12А, с.Катеринівка, Кам’янський р-н, Черкаська обл., 20831","324","90","319","31","207","27","234","","0","207","27","234","6","228","0","5","3","4","0","0","1","3","0","18","15","1","20","0","156","1","0","1","0","29.10.12"
"710245","198","Черкаська область","Будинок культури, фойє
вул.Кірова, 6, с.Косарі, Кам’янський р-н, Черкаська обл., 20813","464","171","461","40","254","39","293","","0","254","39","293","9","284","2","7","3","6","0","1","0","4","0","52","108","1","11","4","82","2","0","0","1","29.10.12"
"710246","198","Черкаська область","школа, фойє
вул.Перемоги, 3, с.Косарі, Кам’янський р-н, Черкаська обл., 20813","1208","409","1187","164","661","138","799","","0","661","138","799","22","777","14","26","9","10","2","1","0","18","1","135","237","1","38","7","255","19","3","1","0","29.10.12"
"710247","198","Черкаська область","сільський клуб, фойє
вул.Щорса, 71, с.Коханівка, Кам’янський р-н, Черкаська обл., 20833","140","35","137","17","91","14","105","","0","91","14","105","2","103","1","0","12","1","1","0","0","2","0","47","13","0","5","1","20","0","0","0","0","29.10.12"
"710248","198","Черкаська область","дитячий садок, кімната №1
вул.Жовтнева, 33, с.Лебедівка, Кам’янський р-н, Черкаська обл., 20840","428","127","424","34","269","32","301","","0","269","32","301","3","298","7","16","8","7","3","0","1","15","1","51","70","2","12","2","96","5","2","0","0","28.10.12"
"710249","198","Черкаська область","школа, фойє
вул.Зозулевича, 38, с.Лубенці, Кам’янський р-н, Черкаська обл., 20820","184","63","175","23","99","22","121","","0","99","22","121","2","119","0","3","1","2","0","1","1","1","0","18","20","2","6","0","61","1","0","1","1","29.10.12"
"710250","198","Черкаська область","Будинок культури, фойє
вул.Лигіна, 54, с.Куликівка, Кам’янський р-н, Черкаська обл., 20821","148","37","146","20","91","20","111","","0","91","20","111","1","110","0","3","4","3","0","1","0","0","0","26","4","0","0","2","65","0","0","0","2","29.10.12"
"710251","198","Черкаська область","школа, фойє
вул.Комсомольська, 12, с.Лузанівка, Кам’янський р-н, Черкаська обл., 20830","484","168","479","47","270","46","316","","0","270","46","316","8","308","4","14","5","7","0","3","2","7","2","99","24","0","24","5","111","0","0","1","0","29.10.12"
"710252","198","Черкаська область","Будинок культури, фойє
вул.Леніна, 27, с.Михайлівка, Кам’янський р-н, Черкаська обл., 20825","1540","679","1515","62","802","59","861","","0","802","59","861","24","837","37","17","16","25","5","0","2","20","3","214","271","11","38","11","158","3","1","3","2","30.10.12"
"710253","198","Черкаська область","школа, фойє
вул.Леніна, 1, с.Радиванівка, Кам’янський р-н, Черкаська обл., 20832","280","69","283","27","185","26","211","","0","185","26","211","1","210","0","1","1","0","0","0","0","0","0","22","16","0","120","0","48","0","0","0","2","29.10.12"
"710254","198","Черкаська область","ФАП, кімната №2
вул.Жовтнева, 32, с.Олянине, Кам’янський р-н, Черкаська обл., 20832","68","20","67","7","41","7","48","","0","41","7","48","1","47","0","4","1","0","0","0","0","0","0","2","4","1","18","1","16","0","0","0","0","29.10.12"
"710255","198","Черкаська область","Будинок культури, фойє
вул.Червоноармійська, 8, с.Райгород, Кам’янський р-н, Черкаська обл., 20824","896","262","889","129","511","123","634","","0","511","123","634","11","623","10","32","20","6","2","0","2","7","3","129","61","5","40","7","293","5","1","0","0","29.10.12"
"710256","198","Черкаська область","фельдшерський пункт, кабінет фельдшера
вул.Хліборобів, 1, с.Ярове, Кам’янський р-н, Черкаська обл., 20824","108","31","108","11","67","10","77","","0","67","10","77","2","75","1","9","0","0","0","0","0","0","1","12","8","2","2","1","39","0","0","0","0","29.10.12"
"710257","198","Черкаська область","школа, фойє
вул.Кам’янська, 17, с.Ребедайлівка, Кам’янський р-н, Черкаська обл., 20811","828","287","816","49","499","42","541","","0","499","42","541","13","528","6","20","12","17","1","0","0","12","0","146","87","2","34","5","182","4","0","0","0","29.10.12"
"710258","198","Черкаська область","школа, спортивна зала
вул.Воронкова, 23, с.Ревівка, Кам’янський р-н, Черкаська обл., 20812","416","116","405","43","257","43","300","","0","257","43","300","6","294","0","7","14","3","0","0","0","3","0","63","41","2","14","1","146","0","0","0","0","29.10.12"
"710259","198","Черкаська область","сільський клуб, фойє
вул.Жовтнева, 17, с.Пляківка, Кам’янський р-н, Черкаська обл., 20812","584","256","576","51","293","35","328","","0","293","35","328","5","323","5","13","7","9","1","3","1","8","0","81","59","0","8","2","124","2","0","0","0","30.10.12"
"710260","198","Черкаська область","Будинок культури, фойє
вул.Леніна, 54, с.Телепине, Кам’янський р-н, Черкаська обл., 20842","1152","466","1140","75","619","67","686","","0","619","67","686","21","665","13","14","13","11","2","2","1","7","4","160","142","5","72","3","206","3","2","2","3","29.10.12"
"710261","198","Черкаська область","Будинок культури, фойє
вул.Леніна, 13, с.Тимошівка, Кам’янський р-н, Черкаська обл., 20815","604","171","596","40","397","36","433","","0","397","36","433","6","427","2","0","10","13","0","1","0","2","0","81","69","2","25","22","195","2","1","0","2","29.10.12"
"710262","198","Черкаська область","Будинок культури, фойє
вул.Казаряна, 1, с.Юрчиха, Кам’янський р-н, Черкаська обл., 20814","868","322","862","71","475","71","546","","0","475","71","546","12","534","6","16","17","13","0","0","0","9","0","92","109","6","24","6","232","3","0","0","1","29.10.12"
"710510","198","Черкаська область","школа №1, вестибюль
вул.Незалежності, 5, с.Балаклея, Смілянський р-н, Черкаська обл., 20721","1560","683","1543","60","823","54","877","","0","823","54","877","16","861","20","56","4","39","1","1","2","14","1","141","105","14","61","11","388","0","1","2","0","29.10.12"
"710511","198","Черкаська область","школа №2, вестибюль, 2-й корпус
вул.Коцюбинського, 9, с.Балаклея, Смілянський р-н, Черкаська обл., 20721","1468","613","1456","51","812","43","855","","0","812","43","855","19","836","19","83","6","44","1","3","2","6","4","150","94","1","61","15","343","0","1","2","1","29.10.12"
"710512","198","Черкаська область","школа №3, вестибюль, 1-й корпус
вул.Гайдара, 19, с.Балаклея, Смілянський р-н, Черкаська обл., 20721","628","219","628","42","374","35","409","","0","374","35","409","15","394","5","26","2","9","0","0","0","3","0","39","33","1","11","10","249","2","2","1","1","30.10.12"
"710513","198","Черкаська область","школа, спортивна зала
вул.Леніна, 36, с.Теклине, Смілянський р-н, Черкаська обл., 20723","448","130","450","47","273","45","318","","0","273","45","318","8","310","2","36","16","19","0","0","1","1","0","62","17","3","43","6","103","0","0","0","1","29.10.12"
"710514","198","Черкаська область","будинок культури, мала зала
вул.Химичів, 1В, с.Березняки, Смілянський р-н, Черкаська обл., 20746","1856","829","1828","102","952","75","1027","","0","952","75","1027","32","995","31","66","11","45","4","3","2","26","7","306","158","6","58","20","244","1","4","1","2","29.10.12"
"710515","198","Черкаська область","школа, спортивна зала
вул.Данільченка, 1А, с.Велика Яблунівка, Смілянський р-н, Черкаська обл., 20745","1608","699","1577","119","794","115","909","","0","794","115","909","13","896","11","75","7","1","33","0","4","28","3","147","149","6","30","23","367","5","4","2","1","29.10.12"
"710516","198","Черкаська область","школа, спортивна зала
вул.Котляра, 4, с.Голов’ятине, Смілянський р-н, Черкаська обл., 20740","380","84","376","35","262","34","296","","0","262","34","296","13","283","3","12","2","7","0","0","0","12","1","49","37","1","32","1","122","1","0","0","3","29.10.12"
"710517","198","Черкаська область","фельдшерсько-акушерський пункт, к.1
пров.Набережний, 4, с.Гуляйгородок, Смілянський р-н, Черкаська обл., 20740","76","16","73","9","52","8","60","","0","52","8","60","0","60","0","0","4","0","0","0","1","2","0","21","5","0","6","0","20","0","1","0","0","28.10.12"
"710518","198","Черкаська область","сільський клуб, глядацька зала
вул.Шевченка, 111, с.Малий Бузуків, Смілянський р-н, Черкаська обл., 20740","212","50","215","14","149","13","162","","0","149","13","162","7","155","0","6","2","11","0","0","0","2","0","28","16","0","21","1","63","0","0","1","4","30.10.12"
"710519","198","Черкаська область","сільський клуб, глядацька зала
вул.Леніна, 10, с.Залевки, Смілянський р-н, Черкаська обл., 20742","476","168","474","42","271","37","308","","0","271","37","308","11","297","3","11","9","10","0","0","1","1","1","67","43","1","12","4","132","1","1","0","0","29.10.12"
"710520","198","Черкаська область","школа, вестибюль
вул.Першотравнева, 2, с.Ковалиха, Смілянський р-н, Черкаська обл., 20734","552","179","546","55","323","50","373","","0","323","50","373","4","369","4","16","2","11","0","0","2","8","1","80","38","2","46","2","156","0","0","1","0","30.10.12"
"710521","198","Черкаська область","школа, вестибюль
вул.Миру, 1, с.Костянтинівка, Смілянський р-н, Черкаська обл., 20724","2208","853","2173","87","1284","71","1355","","0","1284","71","1355","26","1329","9","78","7","54","1","0","2","19","3","260","160","7","138","26","560","2","3","0","0","29.10.12"
"710522","198","Черкаська область","сільський клуб, глядацька зала
вул.Леніна, 206, с.Будки, Смілянський р-н, Черкаська обл., 20724","1108","339","1088","62","708","61","769","","0","708","61","769","13","756","3","26","2","21","0","0","1","10","2","75","96","4","53","13","449","1","0","0","0","29.10.12"
"710523","198","Черкаська область","будинок культури, глядацька зала
вул.Карпенка Карого, 2, с.Плоске, Смілянський р-н, Черкаська обл., 20710","1292","480","1274","58","759","53","812","","0","759","53","812","11","801","10","57","6","36","1","2","1","19","3","164","138","10","81","7","260","0","4","1","1","29.10.12"
"710524","198","Черкаська область","будинок культури, фойє
вул.Леніна, 2, с.Куцівка, Смілянський р-н, Черкаська обл., 20750","556","219","549","50","294","43","337","","0","294","43","337","12","325","2","44","5","9","1","0","1","7","4","38","76","3","56","10","65","2","1","1","0","29.10.12"
"710525","198","Черкаська область","будинок культури, фойє
вул.Леніна, 18, с.Макіївка, Смілянський р-н, Черкаська обл., 20754","972","307","964","115","565","100","665","","0","565","100","665","11","654","6","9","5","6","1","0","2","5","3","40","13","0","496","1","63","1","1","1","1","28.10.12"
"710526","198","Черкаська область","сільський клуб, глядацька зала
вул.Красна, 53, с.Буда-Макіївка, Смілянський р-н, Черкаська обл., 20755","216","47","212","30","143","26","169","","0","143","26","169","7","162","0","4","1","4","0","1","0","1","1","7","3","0","118","0","22","0","0","0","0","29.10.12"
"710527","198","Черкаська область","школа, вестибюль
вул.Центральна, 4, с.Мельниківка, Смілянський р-н, Черкаська обл., 20728","484","156","486","49","280","48","328","","0","280","48","328","9","319","2","12","3","4","0","3","1","2","0","74","26","3","11","30","146","2","0","0","0","28.10.12"
"710528","198","Черкаська область","сільський клуб, фойє
вул.Леніна, 9, с.Мала Смілянка, Смілянський р-н, Черкаська обл., 20730","704","206","695","54","452","46","498","","0","452","46","498","9","489","2","22","4","12","1","0","0","11","4","41","37","2","17","3","332","1","0","0","0","29.10.12"
"710529","198","Черкаська область","школа, 2-й корпус
вул.Шкільна, 11, с.Миколаївка, Смілянський р-н, Черкаська обл., 20732","472","155","466","45","280","37","317","","0","280","37","317","4","313","2","10","4","12","0","0","0","9","2","54","27","3","14","3","173","0","0","0","0","30.10.12"
"710530","198","Черкаська область","будинок культури, фойє
вул.Докучаєва, 17, с-ще Холоднянське, Смілянський р-н, Черкаська обл., 20731","916","281","902","22","613","22","635","","0","613","22","635","13","622","4","41","8","28","2","0","3","25","1","127","165","2","18","24","167","1","0","2","4","29.10.12"
"710531","198","Черкаська область","школа, вестибюль
вул.Леніна, 130, с.Мале Старосілля, Смілянський р-н, Черкаська обл., 20720","612","178","603","80","365","69","434","","0","365","69","434","21","413","4","5","4","9","3","1","3","1","0","65","36","13","30","0","232","3","2","1","1","29.10.12"
"710532","198","Черкаська область","школа, вестибюль
вул.Першотравнева, 3, с.Носачів, Смілянський р-н, Черкаська обл., 20727","728","273","720","59","404","51","455","","0","404","51","455","10","445","1","17","2","18","1","2","0","9","3","128","45","3","40","13","160","2","1","0","0","29.10.12"
"710533","198","Черкаська область","дитячий садок ""Ромашка"", вестибюль
вул.Леніна, 279, с.Носачів, Смілянський р-н, Черкаська обл., 20727","376","110","370","48","223","43","266","","0","223","43","266","5","261","1","8","2","6","0","0","0","1","0","49","35","1","22","5","130","1","0","0","0","29.10.12"
"710534","198","Черкаська область","фельдшерсько-акушерський пункт, к.1
вул.Олега Кошового, 28, с.Ленінське, Смілянський р-н, Черкаська обл., 20727","208","57","207","13","139","12","151","","0","139","12","151","5","146","1","2","3","2","1","0","1","0","0","14","21","1","9","1","89","0","1","0","0","28.10.12"
"710535","198","Черкаська область","будинок культури, глядацька зала
вул.Першотравнева, 5, с.Пастирське, Смілянський р-н, Черкаська обл., 20756","708","231","700","83","400","77","477","","0","400","77","477","10","467","1","95","1","15","1","0","0","4","1","29","14","0","137","2","166","0","1","0","0","29.10.12"
"710536","198","Черкаська область","будинок культури, фойє
вул.Жовтнева, 58, с.Плескачівка, Смілянський р-н, Черкаська обл., 20743","460","178","455","28","259","23","282","","0","259","23","282","9","273","2","19","11","9","0","1","2","12","1","74","20","2","44","1","74","1","0","0","0","29.10.12"
"710537","198","Черкаська область","сільський клуб, фойє
вул.Леніна, 69, с.Шевченка, Смілянський р-н, Черкаська обл., 20744","204","48","206","19","139","17","156","","0","139","17","156","3","153","1","5","4","8","0","0","0","8","0","20","20","0","21","3","59","2","2","0","0","28.10.12"
"710538","198","Черкаська область","сільська рада, зал засідань
вул.Леніна, 84, с.Попівка, Смілянський р-н, Черкаська обл., 20735","768","242","758","102","427","99","526","","0","427","99","526","6","520","1","8","1","5","2","0","0","5","1","119","56","1","30","32","254","2","1","1","1","29.10.12"
"710539","198","Черкаська область","селищний клуб, фойє
вул.Мічуріна, 25, с-ще Червоне, Смілянський р-н, Черкаська обл., 20735","76","16","77","1","59","1","60","","0","59","1","60","0","60","0","2","0","1","1","0","0","1","0","16","3","0","3","1","32","0","0","0","0","28.10.12"
"710540","198","Черкаська область","школа, актова зала
вул.Комсомольська, 111, с.Ротмістрівка, Смілянський р-н, Черкаська обл., 20726","1692","576","1679","173","949","167","1116","","0","949","167","1116","15","1101","27","20","21","34","2","2","1","21","5","247","170","11","92","17","422","5","1","2","1","29.10.12"
"710541","198","Черкаська область","будинок культури, фойє
вул.Гагаріна, 1, с.Самгородок, Смілянський р-н, Черкаська обл., 20752","400","101","401","24","282","17","299","","0","282","17","299","7","292","0","5","6","1","1","0","0","3","0","19","6","1","204","0","43","1","1","1","0","28.10.12"
"710542","198","Черкаська область","школа, спортивна зала
пров.Шкільний, 1, с.Санжариха, Смілянський р-н, Черкаська обл., 20736","452","129","449","58","268","55","323","","0","268","55","323","4","319","0","7","3","2","0","0","1","1","0","66","17","0","73","2","146","0","1","0","0","28.10.12"
"710543","198","Черкаська область","будинок культури, глядацька зала
вул.Дмитра Лопатка, 35, с.Сердюківка, Смілянський р-н, Черкаська обл., 20753","552","155","547","49","351","46","397","","0","351","46","397","5","392","1","18","4","7","0","1","0","10","1","85","17","0","17","14","216","0","0","0","1","29.10.12"
"710544","198","Черкаська область","будинок культури, мала зала
вул.Леніна, 25, с.Сунки, Смілянський р-н, Черкаська обл., 20741","996","298","974","93","619","79","698","","0","619","79","698","9","689","2","17","5","9","0","0","1","7","2","97","62","3","43","3","434","2","2","0","0","29.10.12"
"710545","198","Черкаська область","сільська рада, каб.2
вул.Кірова, 1, с.Ташлик, Смілянський р-н, Черкаська обл., 20751","700","247","699","75","386","67","453","","0","386","67","453","9","444","2","6","2","6","0","0","0","7","1","32","22","1","304","2","59","0","0","0","0","29.10.12"
"710546","198","Черкаська область","будинок культури, мала актова зала
вул.Карла Маркса, 14, с.Ташлик, Смілянський р-н, Черкаська обл., 20751","620","194","612","71","361","65","426","","0","361","65","426","9","417","2","7","5","6","0","0","0","9","1","23","21","2","276","3","61","1","0","0","0","29.10.12"
"710547","198","Черкаська область","сільська рада, актова зала
вул.Леніна, 35, с.Тернівка, Смілянський р-н, Черкаська обл., 20733","776","267","765","60","452","57","509","","0","452","57","509","10","499","4","30","1","13","2","0","0","5","2","136","47","4","26","3","225","0","0","0","1","30.10.12"
"710690","198","Черкаська область","ДП ""Черкаситорф"", столова
вул.Леніна, 2, смт Ірдинь, Черкаський р-н, Черкаська обл., 19630","724","211","722","32","482","31","513","","0","482","31","513","8","505","7","9","2","25","0","1","3","8","6","86","140","0","27","3","187","1","0","0","0","29.10.12"
"710692","198","Черкаська область","фойє
вул.Гагаріна, 216, с.Білозір’я, Черкаський р-н, Черкаська обл., 19635","1404","579","1413","8","817","8","825","","0","817","8","825","17","808","18","3","10","32","0","0","1","18","6","96","118","12","46","5","430","3","1","0","9","30.10.12"
"710693","198","Черкаська область","""Приват-Агро"", актовий зал
вул.Леніна, 112, с.Білозір’я, Черкаський р-н, Черкаська обл., 19635","1876","925","1862","27","925","26","951","","0","925","26","951","35","916","20","18","8","69","3","1","0","17","6","155","233","21","71","9","259","8","1","2","15","29.10.12"
"710694","198","Черкаська область","школа, актовий зал
вул.Л.Українки, 3, с.Білозір’я, Черкаський р-н, Черкаська обл., 19635","1924","1004","1874","24","898","22","920","","0","898","22","920","29","891","38","15","8","50","4","2","3","25","4","143","190","13","53","10","300","5","2","1","25","29.10.12"
"710695","198","Черкаська область","школа №1, спортивний зал
вул.Леніна, 333, с.Білозір’я, Черкаський р-н, Черкаська обл., 19635","1616","838","1611","22","759","19","778","","0","758","19","777","26","751","17","21","7","44","0","1","4","13","4","123","172","13","32","5","279","4","0","2","10","30.10.12"
"710698","198","Черкаська область","школа, фойє
вул.Леніна, 93, с.Вергуни, Черкаський р-н, Черкаська обл., 19641","1904","827","1897","32","1045","32","1077","","0","1045","32","1077","38","1039","37","19","15","81","4","3","4","16","9","111","322","13","94","5","293","2","2","1","8","30.10.12"
"710699","198","Черкаська область","школа, актовий зал
вул.Шевченка, 25, с.Нечаївка, Черкаський р-н, Черкаська обл., 19641","712","275","716","16","422","15","437","","0","422","15","437","14","423","14","4","6","38","2","8","3","16","4","38","87","3","67","1","113","8","3","1","7","29.10.12"
"710702","198","Черкаська область","будинок культури, фойє
вул.Б.Хмельницького, 12, с.Дубіївка, Черкаський р-н, Черкаська обл., 19631","1548","586","1536","34","933","29","962","","0","933","29","962","36","926","26","12","12","83","12","5","7","33","4","100","104","12","72","7","395","3","2","2","35","29.10.12"
"710703","198","Черкаська область","адмінбудинок, актовий зал
вул.1Травня, 1, с.Дубіївка, Черкаський р-н, Черкаська обл., 19631","1524","694","1502","47","788","42","830","","0","788","42","830","28","802","34","20","8","69","4","4","6","35","7","91","95","13","67","4","303","7","7","4","24","29.10.12"
"710704","198","Черкаська область","будинок культури, танцювальний зал
вул.Леніна, 100А, с.Думанці, Черкаський р-н, Черкаська обл., 19645","552","181","538","33","340","31","371","","0","340","31","371","15","356","20","2","8","9","2","1","1","2","1","48","38","0","24","3","194","1","2","0","0","29.10.12"
"710705","198","Черкаська область","сільський клуб, актовий зал
вул.Кірова, 46А, с.Чубівка, Черкаський р-н, Черкаська обл., 19645","176","46","184","13","118","12","130","","0","118","12","130","1","129","14","2","5","9","0","1","0","2","0","8","13","2","15","0","56","1","1","0","0","29.10.12"
"710707","198","Черкаська область","школа, фойє
вул.Жовтнева, 50, с.Леськи, Черкаський р-н, Черкаська обл., 19640","1384","427","1386","46","920","37","957","","0","920","37","957","21","936","49","14","4","51","0","1","8","17","1","50","193","2","63","5","463","5","1","3","6","29.10.12"
"710708","198","Черкаська область","будинок культури, фойє
вул.Жовтнева, 54, с.Леськи, Черкаський р-н, Черкаська обл., 19640","2092","778","2062","30","1294","20","1314","","0","1294","20","1314","36","1278","89","18","10","69","4","1","5","26","4","105","236","18","99","9","562","11","2","0","10","29.10.12"
"710714","198","Черкаська область","школа, актовий зал
вул.Шевченка, 26/1, с.Сагунівка, Черкаський р-н, Черкаська обл., 19644","1276","536","1267","26","719","21","740","","0","719","21","740","18","722","54","5","7","32","2","2","1","7","4","15","171","8","52","14","335","4","2","2","5","29.10.12"
"710715","198","Черкаська область","будинок культури, зал засідань
вул.Леніна, 77/3, с.Сагунівка, Черкаський р-н, Черкаська обл., 19644","1280","579","1269","24","684","17","701","","0","684","17","701","17","684","58","2","4","41","2","1","2","6","1","17","154","5","57","11","320","2","0","0","1","29.10.12"
"710720","198","Черкаська область","будинок культури, актовий зал
вул.Леніна, 79, с.Степанки, Черкаський р-н, Черкаська обл., 19632","2124","892","2115","30","1203","29","1232","","0","1203","29","1232","45","1187","16","18","15","81","5","1","7","29","4","144","400","24","85","6","294","8","2","3","45","29.10.12"
"710721","198","Черкаська область","фельшерсько-акушерський пункт, фойє
вул.Петровського, 18, с.Бузуків, Черкаський р-н, Черкаська обл., 19632","512","197","502","15","300","15","315","","0","300","15","315","8","307","3","3","2","12","3","3","3","4","1","15","88","2","15","2","144","0","0","0","7","29.10.12"
"710726","198","Черкаська область","будинок культури, актовий зал
вул.Шевченка, 69А, с.Хацьки, Черкаський р-н, Черкаська обл., 19634","1568","648","1545","15","908","12","920","","0","908","12","920","22","898","10","4","10","36","0","6","2","10","4","186","204","6","52","4","199","0","0","1","164","29.10.12"
"710727","198","Черкаська область","сільська рада, зал засідань
вул.Леніна, 80, с.Хацьки, Черкаський р-н, Черкаська обл., 19634","924","326","918","23","576","22","598","","0","576","22","598","13","585","4","9","2","25","1","6","1","15","2","119","111","4","29","0","156","2","1","0","98","29.10.12"
"710728","198","Черкаська область","будинок культури, фойє
вул.Шевченка, 57А, с.Худяки, Черкаський р-н, Черкаська обл., 19643","2136","652","2125","64","1433","51","1484","","0","1433","51","1484","26","1458","233","16","5","36","3","2","2","18","2","113","362","10","44","111","487","5","0","1","8","30.10.12"
"710729","198","Черкаська область","будинок культури, обрядовий зал
пров.Центральний, 7, с.Хутори, Черкаський р-н, Черкаська обл., 19603","1920","830","1924","11","1081","9","1090","","0","1081","9","1090","49","1041","55","11","15","111","7","8","10","25","15","73","351","21","183","10","108","6","3","0","29","29.10.12"
"710730","198","Черкаська область","школа №1, спортивний зал
вул.Леніна, 52, с.Червона Слобода, Черкаський р-н, Черкаська обл., 19604","2288","1043","2273","16","1230","15","1245","","0","1230","15","1245","41","1204","88","16","13","122","5","2","7","24","10","77","428","26","59","13","277","9","2","5","21","29.10.12"
"710731","198","Черкаська область","ТЦ ""Барвінок"", спортивний зал
вул.Жовтнева, 44, с.Червона Слобода, Черкаський р-н, Черкаська обл., 19604","1972","915","1946","9","1049","8","1057","","0","1049","8","1057","47","1010","57","18","12","104","8","8","11","20","11","69","207","32","79","3","337","9","3","2","20","29.10.12"
"710732","198","Черкаська область","будинок культури, обрядовий зал
вул.Жовтнева, 129, с.Червона Слобода, Черкаський р-н, Черкаська обл., 19604","2484","1131","2465","12","1343","10","1353","","0","1343","10","1353","64","1289","122","19","8","125","6","3","19","32","12","81","392","34","86","19","297","7","15","9","3","29.10.12"
"710733","198","Черкаська область","""Імпрес"", зал засідань
вул.Жовтнева, 5А, с.Червона Слобода, Черкаський р-н, Черкаська обл., 19604","1348","612","1329","10","729","7","736","","0","729","7","736","32","704","47","5","5","79","8","1","5","29","13","44","248","23","42","1","136","5","4","5","4","29.10.12"
"710734","198","Черкаська область","будинок культури, актовий зал
вул.Гагаріна, 30, с.Чорнявка, Черкаський р-н, Черкаська обл., 19646","752","197","733","36","522","33","555","","0","522","33","555","9","546","18","6","4","3","14","2","1","10","2","44","47","3","48","1","340","0","1","1","1","29.10.12"
"710737","198","Черкаська область","актова зала
вул.Пирогова, 3, с.Червона Слобода, Черкаський р-н, Черкаська обл., 19604","244","196","51","13","35","13","48","","0","35","13","48","1","47","1","0","0","4","0","1","2","2","0","9","9","4","0","0","14","0","0","0","1","29.10.12"
"710902","198","Черкаська область","школа №6, вестибюль
вул.Литвинова, 12, м.Сміла, Черкаська обл., 20709","1516","552","1498","68","900","64","964","","0","900","64","964","17","947","5","71","35","41","0","0","1","20","2","260","237","8","30","15","213","1","4","2","2","29.10.12"
"710903","198","Черкаська область","автошкола ТСО, актова зала
вул.Стаханова, 11, м.Сміла, Черкаська обл., 20709","1408","560","1385","44","807","41","848","","0","807","41","848","28","820","10","43","23","50","2","0","1","25","4","210","240","28","48","5","121","2","3","4","1","29.10.12"
"710904","198","Черкаська область","школа №5, спортивний зал
вул.Петровського, 16, м.Сміла, Черкаська обл., 20700","1932","821","1901","32","1080","31","1111","","0","1080","31","1111","25","1086","5","77","15","89","0","0","3","43","3","343","273","10","62","1","143","4","5","4","6","29.10.12"
"710905","198","Черкаська область","школа №5, фойє
вул.Петровського, 16, м.Сміла, Черкаська обл., 20700","2168","907","2128","34","1239","22","1261","","0","1239","22","1261","26","1235","7","106","15","70","1","2","2","56","3","388","283","13","61","4","209","3","8","1","3","29.10.12"
"710906","198","Черкаська область","гімназія, світлиця української мови
вул.Свердлова, 125, м.Сміла, Черкаська обл., 20700","1632","682","1635","78","894","56","950","","0","894","56","950","20","930","7","91","10","61","0","1","3","63","1","298","186","9","72","13","106","2","2","0","5","29.10.12"
"710907","198","Черкаська область","міський будинок культури, фойє
вул.Свердлова, 110, м.Сміла, Черкаська обл., 20700","2124","779","2098","42","1312","33","1345","","0","1312","33","1345","34","1311","14","81","9","74","2","2","3","91","6","422","303","15","39","13","221","8","2","3","3","29.10.12"
"710908","198","Черкаська область","школа-колегіум №3, їдальня
вул.Свердлова, 73, м.Сміла, Черкаська обл., 20700","1088","407","1089","20","662","19","681","","0","662","19","681","11","670","0","34","12","47","2","0","3","21","2","191","157","13","24","11","146","2","2","3","0","28.10.12"
"710909","198","Черкаська область","школа №2, коридор
вул.Олександра Невського, 9, м.Сміла, Черкаська обл., 20700","924","407","923","25","495","22","517","","0","495","22","517","12","505","6","38","7","26","0","0","1","19","1","133","136","1","34","5","89","3","2","0","4","29.10.12"
"710910","198","Черкаська область","школа №2, коридор
вул.Олександра Невського, 9, м.Сміла, Черкаська обл., 20700","1532","677","1514","79","786","69","855","","0","786","69","855","19","836","3","75","9","50","1","0","0","41","5","197","193","21","47","11","156","3","18","2","4","29.10.12"
"710911","198","Черкаська область","школа №1, актовий зал
вул.Леніна, 66, м.Сміла, Черкаська обл., 20702","1692","649","1657","53","999","44","1043","","0","999","44","1043","18","1025","10","80","12","67","1","2","1","54","3","296","256","23","76","5","125","3","3","2","6","29.10.12"
"710912","198","Черкаська область","початкова школа №4, спортзал
вул.Леніна, 90А, м.Сміа, Черкаська обл., 20702","1888","943","1856","23","923","22","945","","0","923","22","945","30","915","9","56","19","75","4","1","1","30","2","251","220","25","86","11","115","3","3","2","2","29.10.12"
"710913","198","Черкаська область","початкова школа №1, спортзал
вул.5-го Грудня, м.Сміла, Черкаська обл., 20702","1636","710","1599","9","918","8","926","","0","918","8","926","14","912","13","77","6","55","1","0","1","33","4","240","220","7","57","3","185","3","4","1","2","28.10.12"
"710914","198","Черкаська область","школа №4, коридор
вул.Блюхера, 20, м.Сміла, Черкаська обл., 20702","2172","1097","2113","26","1054","21","1075","","0","1054","21","1075","22","1053","12","77","16","67","1","2","2","39","4","321","220","9","72","7","193","4","1","1","5","29.10.12"
"710915","198","Черкаська область","гуртожиток СТХТ, кімната самопідготовки
вул.Свердлова, 125, м.Сміла, Черкаська обл., 20700","1324","587","1323","18","722","15","737","","0","722","15","737","19","718","7","50","9","51","0","0","1","25","2","185","150","6","48","4","172","4","1","3","0","29.10.12"
"710916","198","Черкаська область","АТП-17128, червоний куточок, 2-й поверх
вул.Віри Гордіенко, 108, м.Сміла, Черкаська обл., 20705","1204","639","1191","16","554","11","565","","0","554","11","565","13","552","4","42","4","37","1","0","1","21","0","169","117","8","37","2","104","1","1","1","2","29.10.12"
"710917","198","Черкаська область","клуб ім.Франка, фойє
вул.Івана Франка, 18, м.Сміла, Черкаська обл., 20704","1192","478","1174","39","690","24","714","","0","690","24","714","15","699","3","57","14","33","0","3","0","13","2","220","152","2","64","9","121","2","1","1","2","29.10.12"
"710918","198","Черкаська область","ЦППРК, вестибюль
вул.Мазура, 24, м.Сміла, Черкаська обл., 20708","2088","1069","2064","3","1017","2","1019","","0","1017","2","1019","20","999","6","98","10","64","4","0","1","62","6","262","171","12","67","19","213","1","2","0","1","29.10.12"
"710919","198","Черкаська область","школа №11, фойє, 2-й поверх
вул.Рєпіна, 47, м.Сміла, Черкаська обл., 20705","2008","876","1992","6","1127","5","1132","","0","1127","5","1132","24","1108","7","119","18","66","1","1","1","52","2","315","297","15","65","9","133","2","0","5","0","29.10.12"
"710920","198","Черкаська область","школа №11, фойє, 2-й поверх
вул.Рєпіна, 47, м.Сміла, Черкаська обл., 20705","2204","996","2148","5","1203","5","1208","","0","1203","5","1208","26","1181","9","159","11","98","1","1","1","49","5","326","280","17","69","17","128","2","3","1","4","29.10.12"
"710921","198","Черкаська область","БК ім.Т.Шевченка, рожева зала, 2-й поверх
вул.Кременчуцька, 4, м.Сміла, Черкаська обл., 20705","1624","803","1603","46","781","40","821","","0","781","40","821","32","789","7","102","6","43","6","0","0","23","5","181","115","2","68","9","215","2","1","1","3","29.10.12"
"710922","198","Черкаська область","БК ім.Т.Шевченка, фойє
вул.Кременчуцька, 4, м.Сміла, Черкаська обл., 20705","1208","465","1190","57","689","54","743","","0","689","54","743","16","727","3","111","6","56","0","0","0","29","4","123","136","8","37","9","201","3","1","0","0","29.10.12"
"710923","198","Черкаська область","школа №10, вестибюль
вул.Лобачевського, 2А, м.Сміла, Черкаська обл., 20705","1664","648","1654","18","998","18","1016","","0","998","18","1016","25","991","5","142","9","57","0","0","0","34","3","255","145","8","75","15","232","1","2","2","6","29.10.12"
"710924","198","Черкаська область","школа №10, вестибюль
вул.Лобачевського, 2А, м.Сміла, Черкаська обл., 20705","1036","434","1025","24","580","22","602","","0","580","22","602","10","592","3","70","1","24","0","1","1","19","4","161","114","11","25","8","148","1","1","0","0","29.10.12"
"710925","198","Черкаська область","школа №12, коридор
вул.Краснопресненська, 33, м.Сміла, Черкаська обл., 20706","1900","857","1870","43","1007","36","1043","","0","1007","36","1043","17","1026","13","171","6","55","1","1","2","38","0","295","187","11","46","11","169","1","1","11","7","29.10.12"
"710926","198","Черкаська область","школа №12, коридор
вул.Краснопресненська, 33, м.Сміла, Черкаська обл., 20706","1716","771","1709","9","939","6","945","","0","939","6","945","29","916","24","157","6","58","2","1","1","22","4","233","165","7","40","6","178","4","4","3","1","29.10.12"
"710927","198","Черкаська область","БДЮТ ""Родинний дім"", хореографічний зал
вул.40-річчя Перемоги, 18, м.Сміла, Черкаська обл., 20706","1960","939","1941","2","1020","1","1021","","0","1020","1","1021","19","1002","14","127","6","105","2","0","3","21","2","291","199","8","91","15","99","5","1","10","3","29.10.12"
"710928","198","Черкаська область","школа №7, вестибюль
вул.Богдана Хмельницького, 51А, м.Сміла, Черкаська обл., 20706","2284","1103","2251","9","1175","6","1181","","0","1175","6","1181","35","1146","14","121","8","81","1","1","1","17","3","317","214","14","87","32","221","4","6","2","2","29.10.12"
"710929","198","Черкаська область","школа №7, вестибюль
вул.Богдана Хмельницького, 51А, м.Сміла, Черкаська обл., 20706","2256","1165","2236","1","1090","1","1091","","0","1090","1","1091","25","1066","17","120","9","76","1","1","3","21","5","296","197","10","104","23","172","2","3","2","4","29.10.12"
"710930","198","Черкаська область","палац культури СЕМЗ, хол
пров.Амурський, 1, м.Сміла, Черкаська обл., 20705","1380","681","1366","66","640","59","699","","0","640","59","699","18","681","11","142","2","30","1","1","0","29","2","189","118","8","32","16","94","2","0","0","4","29.10.12"
"710931","198","Черкаська область","школа №13, спортзал
вул.Громова, 71, м.Сміла, Черкаська обл., 20707","1720","755","1711","28","940","25","965","","0","940","25","965","21","944","10","128","7","39","0","1","3","18","2","214","152","6","44","21","290","1","2","3","3","29.10.12"
"710932","198","Черкаська область","школа №15, їдальня
вул.Кармелюка, 38, м.Сміла, Черкаська обл., 20703","1416","612","1416","28","777","27","804","","0","777","27","804","23","781","9","126","4","31","0","1","0","16","4","236","98","7","77","21","141","5","1","1","3","29.10.12"
"710933","198","Черкаська область","клуб М. Яблунівки, фойє
вул.Дімітрова, 64, м.Сміла, Черкаська обл., 20703","1544","677","1519","46","826","41","867","","0","824","41","865","27","838","5","123","2","33","0","0","0","26","2","184","111","5","68","14","256","4","0","3","2","29.10.12"
"710934","198","Черкаська область","будинок кварткому №21, актовий зал
вул.Заслонова, 10, м.Сміла, Черкаська обл., 20707","804","242","796","37","528","34","562","","0","528","34","562","12","550","5","118","8","22","0","0","0","8","2","145","68","1","30","8","132","1","1","0","1","29.10.12"
"710935","198","Черкаська область","обласна психіатрична лікарня, фойє конференц залу
вул.Павлова, 46, м.Сміла, Черкаська обл., 20708","504","177","705","96","250","77","327","","0","250","77","327","54","273","20","11","16","30","4","8","8","11","4","39","17","10","7","11","51","7","9","4","6","29.10.12"
"710936","198","Черкаська область","міська лікарня, хол
вул.60-річчя СРСР, 82, м.Сміла, Черкаська обл., 20709","308","278","38","6","27","3","30","","0","27","3","30","1","29","0","4","1","0","0","0","0","1","0","14","2","1","2","0","4","0","0","0","0","29.10.12"
"710937","198","Черкаська область","районна лікарня, фойє
вул.Семашка, 2, м.Сміла, Черкаська обл., 20700","152","128","28","9","18","6","24","","0","18","6","24","0","24","0","2","0","0","0","0","0","1","0","12","2","0","1","0","5","0","0","0","1","28.10.12"
"710938","198","Черкаська область","залізнична лікарня, хол перед лабораторією
вул.Жовтнева, 1, м.Сміла, Черкаська обл., 20705","124","94","30","11","19","11","30","","0","19","11","30","1","29","0","3","0","3","0","0","0","1","0","10","1","1","1","0","8","0","0","0","1","28.10.12"
"710939","198","Черкаська область","медсанчастина №14, вестибюль поліклініки
вул.Рєпіна, 26А, м.Сміла, Черкаська обл., 20705","172","120","72","16","39","13","52","","0","39","13","52","0","52","1","5","1","3","0","0","0","1","0","20","7","1","2","1","9","0","0","0","1","29.10.12"
