"№ ВД","OBO","Назва регіону України","Місцезнаходження та адреса приміщення для голосування","1) К-сть одержаних бюлетенів","2) К-сть невикористаних бюлетенів","3) К-сть виборців, внесених до списку виборців","4) К-сть виборців, внесених до витягу зі списку виборців","5) К-сть виборців, які отримали бюлетені у приміщенні","6) К-сть виборців, які отримали за місцем перебування","7) Сумарна к-сть виборців, які отримали бюлетені","8) К-сть бюлетенів, що виявилися у кожній скринці","9) К-сть бюлетенів, що не підлягають врахуванню","10) К-сть виборців, які взяли участь у голос. у приміщенні для гол.","11) К-сть виборців, які взяли участь у голос. за місцем перебування","12) К-сть виборців, які взяли участь у голосуванні на виборчій дільниці","13) К-сть бюлетенів, визнаних недійсними","14) Сумарна к-сть голосів виборців ЗА","Бабенко
Руслан
Володимирович","Бондаренко
Анатолій
Васильович","Гвоздь
Віктор
Михайлович","Гречаний
Борис
Павлович","Доманський
Ігор
Ростиславович","Єлізаров
Павло
Олександрович","Нечипоренко
Анатолій
Олексійович","Ничипоренко
Валентин
Миколайович","Рибченко
Олександр
Володимирович","Ружин
Зоя
Володимирівна","Терещук
Сергій
Миколайович","Фурман
Василь
Миколайович","Якібчук
Мирослав
Ілліч","Дата підписання протоколу"
"710084","199","Черкаська область","районний будинок культури, фойє
вул.Леніна, 49, м.Жашків, Жашківський р-н, Черкаська обл., 19200","2388","894","2368","11","1483","11","1494","","0","1483","11","1494","33","1461","19","395","17","22","6","60","24","459","13","4","145","234","63","29.10.12"
"710085","199","Черкаська область","школа №3, фойє, 1-й поверх
вул.Леніна, 102, м.Жашків, Жашківський р-н, Черкаська обл., 19200","2154","971","2147","9","1174","9","1183","","0","1174","9","1183","27","1156","22","296","15","12","5","45","33","327","18","4","138","184","57","29.10.12"
"710086","199","Черкаська область","КП ""Райагробуд"", актовий зал, 1-й поверх
вул.Перемоги, 4, м.Жашків, Жашківський р-н, Черкаська обл., 19200","2388","932","2377","35","1433","23","1456","","0","1433","23","1456","23","1433","18","441","13","32","2","79","16","379","15","1","165","218","54","29.10.12"
"710087","199","Черкаська область","школа №5, спортзал
вул.Пархоменка, 41, м.Жашків, Жашківський р-н, Черкаська обл., 19200","2460","970","2445","7","1483","7","1490","","0","1483","7","1490","25","1465","15","499","19","28","1","52","16","373","17","1","166","198","80","29.10.12"
"710088","199","Черкаська область","міський будинок культури, фойє
вул.Заводська, 4, м.Жашків, Жашківський р-н, Черкаська обл., 19200","1182","419","1173","34","730","33","763","","0","730","33","763","19","744","4","201","8","10","0","66","19","201","6","4","73","94","58","29.10.12"
"710089","199","Черкаська область","школа №4, спортзал
вул.Червоноармійська, 58, м.Жашків, Жашківський р-н, Черкаська обл., 19200","1710","802","1694","9","901","7","908","","0","901","7","908","18","890","5","330","12","15","2","29","29","217","9","4","101","95","42","29.10.12"
"710090","199","Черкаська область","будинок культури, фойє
вул.Леніна, 6, с.Баштечки, Жашківський р-н, Черкаська обл., 19222","654","192","643","56","411","51","462","","0","411","51","462","8","454","3","94","4","37","1","17","10","186","4","1","22","64","11","28.10.12"
"710091","199","Черкаська область","сільська рада, актова зала
вул.Центральна, 37А, с.Безпечна, Жашківський р-н, Черкаська обл., 19251","318","80","305","21","220","18","238","","0","220","18","238","4","234","2","65","2","1","0","5","8","61","0","1","76","8","5","28.10.12"
"710092","199","Черкаська область","будинок культури, фойє
вул.Леніна, 111, с.Бузівка, Жашківський р-н, Черкаська обл., 19243","1524","523","1507","56","953","48","1001","","0","953","48","1001","25","976","20","376","4","7","13","33","8","288","9","2","59","115","42","29.10.12"
"710093","199","Черкаська область","сільська рада, фойє
вул.Лесі Українки, 1, с.Вільшанка, Жашківський р-н, Черкаська обл., 19203","246","59","241","21","166","21","187","","0","166","21","187","4","183","0","14","0","0","1","8","0","98","0","1","48","10","3","28.10.12"
"710094","199","Черкаська область","будинок культури, фойє
вул.Леніна, 68, с.Вороне, Жашківський р-н, Черкаська обл., 19234","816","290","821","111","435","91","526","","0","435","91","526","12","514","6","121","22","14","5","31","19","129","9","3","74","66","15","29.10.12"
"710095","199","Черкаська область","сільська рада, актова зала
вул.Курчатова, 12, с.Житники, Жашківський р-н, Черкаська обл., 19240","600","163","599","46","391","46","437","","0","391","46","437","6","431","5","77","16","3","9","25","15","161","7","2","64","36","11","28.10.12"
"710096","199","Черкаська область","сільська рада, бібліотека
пров.Центральний, 1А, с.Зелений Ріг, Жашківський р-н, Черкаська обл., 19235","414","96","408","53","269","49","318","","0","269","49","318","3","315","5","96","1","4","1","14","11","95","5","1","24","42","16","28.10.12"
"710097","199","Черкаська область","будинок культури, фойє
вул.Т.Г.Шевченка, 22, с.Конела, Жашківський р-н, Черкаська обл., 19251","474","101","472","53","325","48","373","","0","325","48","373","5","368","6","86","9","7","4","19","9","119","0","2","39","38","30","29.10.12"
"710098","199","Черкаська область","будинок культури, фойє
вул.Центральна, 8, с.Конельська Попівка, Жашківський р-н, Черкаська обл., 19254","570","111","564","64","396","63","459","","0","396","63","459","7","452","3","154","12","10","0","6","14","145","4","0","45","42","17","28.10.12"
"710099","199","Черкаська область","будинок культури, фойє
вул.Шкільна, 3, с.Конельські Хутори, Жашківський р-н, Черкаська обл., 19252","426","92","421","30","310","24","334","","0","310","24","334","9","325","3","24","6","2","1","6","11","202","0","1","53","8","8","28.10.12"
"710100","199","Черкаська область","сільський клуб, фойє
вул.Садова, 21, с.Медувата, Жашківський р-н, Черкаська обл., 19252","120","39","115","6","76","5","81","","0","76","5","81","3","78","0","8","2","1","0","0","2","56","1","0","0","4","4","29.10.12"
"710101","199","Черкаська область","сільський клуб, актова зала
вул.В.Парубка, 59, с.Королівка, Жашківський р-н, Черкаська обл., 19201","150","26","148","17","107","17","124","","0","107","17","124","2","122","1","8","0","10","0","1","0","67","0","0","6","6","23","03.11.12"
"710102","199","Черкаська область","школа, актовий зал
вул.Олександра Левади, 4, с.Кривчунка, Жашківський р-н, Черкаська обл., 19215","486","163","481","44","293","30","323","","0","293","30","323","7","316","6","41","3","10","0","8","12","89","2","1","87","41","16","28.10.12"
"710103","199","Черкаська область","будинок культури, актова зала
вул.Слави, 19, с.Леміщиха, Жашківський р-н, Черкаська обл., 19213","678","189","670","41","451","38","489","","1","450","38","488","3","485","2","96","7","15","0","21","13","208","4","2","48","59","10","29.10.12"
"710104","199","Черкаська область","будинок культури, актова зала
вул.Ломоносова, 4, с.Литвинівка, Жашківський р-н, Черкаська обл., 19209","594","175","588","44","376","43","419","","0","376","43","419","4","415","1","117","4","6","1","14","9","128","1","5","56","44","29","28.10.12"
"710105","199","Черкаська область","сільський клуб, фойє
вул.Леніна, 36, с.Марійка, Жашківський р-н, Черкаська обл., 19232","174","21","172","14","139","14","153","","0","139","14","153","4","149","1","30","0","0","2","14","6","55","0","0","16","21","4","28.10.12"
"710106","199","Черкаська область","будинок культури, фойє
вул.Молодіжна, 10, с.Нагірна, Жашківський р-н, Черкаська обл., 19223","858","281","849","62","523","54","577","","0","523","54","577","15","562","6","115","6","21","2","21","11","209","1","2","47","93","28","28.10.12"
"710107","199","Черкаська область","будинок культури, фойє
вул.Незалежності, 2, с.Нова Гребля, Жашківський р-н, Черкаська обл., 19226","492","120","482","43","331","41","372","","0","331","41","372","8","364","4","57","8","15","1","27","11","117","7","1","67","28","21","28.10.12"
"710108","199","Черкаська область","будинок культури, актова зала
вул.Леніна, 3, с.Олександрівка, Жашківський р-н, Черкаська обл., 19212","582","185","578","28","373","24","397","","0","373","24","397","13","384","2","55","3","5","1","13","10","102","3","2","124","46","18","28.10.12"
"710109","199","Черкаська область","школа, фойє
вул.Шкільна, 1, с.Острожани, Жашківський р-н, Черкаська обл., 19250","690","228","683","54","409","53","462","","0","409","53","462","10","452","3","161","8","17","1","27","12","122","5","0","48","29","19","29.10.12"
"710110","199","Черкаська область","школа, фойє
вул.Миру, 2, с.Охматів, Жашківський р-н, Черкаська обл., 19233","588","135","581","90","371","82","453","","0","371","82","453","6","447","6","153","6","6","5","6","8","140","1","2","39","52","23","29.10.12"
"710111","199","Черкаська область","будинок культури, актова зала
вул.Різдвяна, 16, с.Павлівка, Жашківський р-н, Черкаська обл., 19221","570","132","558","97","353","85","438","","0","353","85","438","10","428","7","132","16","12","5","29","5","93","0","1","57","39","32","28.10.12"
"710112","199","Черкаська область","будинок культури, фойє
вул.Леніна, 72, с.Пугачівка, Жашківський р-н, Черкаська обл., 19241","804","291","798","49","469","44","513","","0","469","44","513","10","503","0","74","1","4","2","15","17","191","4","2","57","71","65","29.10.12"
"710113","199","Черкаська область","сільська рада, фойє
вул.Перемоги, 4, с.Сабадаш, Жашківський р-н, Черкаська обл., 19231","402","85","396","53","264","53","317","","0","264","53","317","5","312","8","92","1","8","5","18","5","99","2","1","26","23","24","29.10.12"
"710114","199","Черкаська область","школа, фойє
вул.Леніна, 72, с.Скибин, Жашківський р-н, Черкаська обл., 19210","1584","590","1569","62","932","62","994","","0","932","62","994","27","967","9","278","1","8","2","23","27","391","6","2","73","87","60","29.10.12"
"710115","199","Черкаська область","будинок культури, фойє
вул.Вишнева, 14, с.Соколівка, Жашківський р-н, Черкаська обл., 19253","966","316","951","38","612","38","650","","0","612","38","650","12","638","10","168","7","8","2","32","26","205","6","1","84","68","21","29.10.12"
"710116","199","Черкаська область","будинок культури, фойє
вул.Леніна, 1, с.Сорокотяга, Жашківський р-н, Черкаська обл., 19230","744","254","729","87","410","80","490","","0","410","80","490","13","477","10","96","3","24","0","17","16","172","1","5","66","49","18","29.10.12"
"710117","199","Черкаська область","сільська рада, актова зала
вул.Колгоспна, 1, с.Тетерівка, Жашківський р-н, Черкаська обл., 19214","972","310","957","105","560","102","662","","0","560","102","662","10","652","4","261","12","10","1","17","17","133","4","1","74","58","60","29.10.12"
"710118","199","Черкаська область","школа, фойє
вул.Шевченка, 36, с.Тинівка, Жашківський р-н, Черкаська обл., 19220","960","372","949","83","512","76","588","","0","512","76","588","17","571","8","147","17","10","6","22","18","158","2","4","94","64","21","29.10.12"
"710119","199","Черкаська область","сільська рада, актова зала
вул.Набережна, 2, с.Тихий Хутір, Жашківський р-н, Черкаська обл., 19211","438","97","439","53","290","51","341","","0","290","51","341","11","330","3","78","5","7","1","20","4","98","3","0","72","30","9","29.10.12"
"710120","199","Черкаська область","будинок культури, фойє
вул.Леніна, 35, с.Хижня, Жашківський р-н, Черкаська обл., 19236","618","229","607","41","348","41","389","","0","348","41","389","25","364","1","59","6","21","0","26","6","96","2","2","80","61","4","28.10.12"
"710121","199","Черкаська область","будинок культури, фойє
вул.Шевченка, 36, с.Червоний Кут, Жашківський р-н, Черкаська обл., 19225","1032","412","1031","64","561","59","620","","0","561","59","620","11","609","11","162","8","21","3","58","17","91","4","0","84","49","101","29.10.12"
"710122","199","Черкаська область","школа, фойє
вул.Молодіжна, 10А, с.Шуляки, Жашківський р-н, Черкаська обл., 19242","390","121","389","30","240","29","269","","0","240","29","269","7","262","3","54","3","3","0","8","12","86","0","1","57","23","12","29.10.12"
"710123","199","Черкаська область","Жашківська центральна районна лікарня, стаціонарне відділення, кабінет фізіотерапії, 1-й поверх
вул.Щорса, 19, м.Жашків, Жашківський р-н, Черкаська обл., 19200","198","148","74","19","35","15","50","","0","35","15","50","3","47","0","8","1","4","0","6","3","13","0","1","3","7","1","29.10.12"
"710124","199","Черкаська область","школа №5, спортивна зала
вул.Енгельса, 51, м.Звенигородка, Звенигородський р-н, Черкаська обл., 20200","2040","970","2026","10","1060","10","1070","","0","1060","10","1070","25","1045","22","306","24","18","2","20","15","186","11","1","164","197","79","29.10.12"
"710125","199","Черкаська область","адміністративний будинок ДЕД, кімната техніки безпеки
вул.Гулькіна, 42, м.Звенигородка, Звенигородський р-н, Черкаська обл., 20200","1320","590","1320","11","722","8","730","","0","722","8","730","8","722","14","201","23","9","1","4","18","184","9","1","104","134","20","29.10.12"
"710126","199","Черкаська область","школа ім.Т.Г.Шевченка, фойє
просп.Шевченка, 121А, м.Звенигородка, Звенигородський р-н, Черкаська обл., 20200","1032","472","1029","10","553","7","560","","0","553","7","560","7","553","9","168","14","9","0","11","7","118","7","0","74","111","25","29.10.12"
"710127","199","Черкаська область","школа №3, фойє
просп.Шевченка, 94, м.Звенигородка, Звенигородський р-н, Черкаська обл., 20200","1446","612","1443","8","830","4","834","","0","830","4","834","7","827","19","272","6","13","0","11","20","207","16","5","92","140","26","29.10.12"
"710128","199","Черкаська область","районний будинок культури, фойє
просп.Шевченка, 43, м.Звенигородка, Звенигородський р-н, Черкаська обл., 20200","2268","1024","2244","26","1225","19","1244","","0","1225","19","1244","37","1207","28","368","23","35","3","20","17","241","16","3","134","243","76","29.10.12"
"710129","199","Черкаська область","школа №4, фойє
вул.Піонерська, 23, м.Звенигородка, Звенигородський р-н, Черкаська обл., 20200","2004","823","2001","25","1161","20","1181","","0","1161","20","1181","28","1153","19","388","30","21","1","12","17","216","11","0","129","263","46","29.10.12"
"710130","199","Черкаська область","будинок для престарілих, кімната профспілки
вул.Вячеслава Чорновола, 126, м.Звенигородка, Звенигородський р-н, Черкаська обл., 20200","2250","870","2226","149","1234","146","1380","","0","1234","146","1380","35","1345","28","389","33","22","2","18","36","387","17","8","120","240","45","29.10.12"
"710131","199","Черкаська область","СПТУ №16, фойє
вул.Кірова, 38, м.Звенигородка, Звенигородський р-н, Черкаська обл., 20200","1560","685","1549","13","864","11","875","","0","864","11","875","13","862","26","278","6","6","1","17","1","208","18","3","60","214","24","29.10.12"
"710132","199","Черкаська область","будинок школяра, актова зала
просп.Шевченка, 10, м.Звенигородка, Звенигородський р-н, Черкаська обл., 20200","1794","780","1776","17","1003","11","1014","","0","1003","11","1014","18","996","16","296","20","13","1","15","6","197","8","110","3","213","98","28.10.12"
"710133","199","Черкаська область","ДПА-сервіс, виробниче приміщення
вул.Червона, 67Б, м.Звенигородка, Звенигородський р-н, Черкаська обл., 20200","288","84","296","17","187","17","204","","0","187","17","204","4","200","12","45","3","0","1","4","2","68","0","0","15","29","21","28.10.12"
"710134","199","Черкаська область","школа, спортивна зала
вул.Шевченка, 4А, с.Багачівка, Звенигородський р-н, Черкаська обл., 20241","546","169","540","16","364","13","377","","0","364","13","377","6","371","5","135","5","2","0","5","6","81","0","0","42","47","43","29.10.12"
"710135","199","Черкаська область","сільський клуб, фойє
вул.Ярослава Мудрого, 9, с.Михайлівка, Звенигородський р-н, Черкаська обл., 20242","144","41","139","4","99","4","103","","0","99","4","103","6","97","6","22","1","2","0","2","0","21","1","1","17","4","20","28.10.12"
"710136","199","Черкаська область","сільський клуб, фойє
вул.Шевченка, 18, с.Павлівка, Звенигородський р-н, Черкаська обл., 20242","66","14","60","6","46","6","52","","0","46","6","52","0","52","1","12","1","0","1","0","1","11","0","0","8","4","13","28.10.12"
"710137","199","Черкаська область","школа, спортивна зала
вул.Саннікова, 49А, с.Боровикове, Звенигородський р-н, Черкаська обл., 20215","222","50","213","7","166","6","172","","0","166","6","172","1","171","0","18","2","1","0","2","2","69","2","0","38","15","22","28.10.12"
"710138","199","Черкаська область","сільський клуб, фойє
вул.Демченка, 26, с-ще Юркове, Звенигородський р-н, Черкаська обл., 20215","216","46","213","29","142","28","170","","0","142","28","170","3","167","0","54","1","6","0","3","4","77","1","1","9","2","9","28.10.12"
"710139","199","Черкаська область","будинок культури, фойє
вул.Шевченка, 7, с.Будище, Звенигородський р-н, Черкаська обл., 20213","540","116","533","100","327","97","424","","0","327","97","424","10","414","6","81","5","15","1","7","15","165","5","2","69","31","12","29.10.12"
"710140","199","Черкаська область","адміністративний будинок, обрядова зала
вул.Комсомольська, 1А, с.Вільховець, Звенигородський р-н, Черкаська обл., 20260","936","294","921","66","580","62","642","","0","580","62","642","5","637","6","68","5","7","1","8","16","326","4","6","70","82","38","28.10.12"
"710141","199","Черкаська область","середня школа, фойє
вул.Заводська, 1, с.Вільховець, Звенигородський р-н, Черкаська обл., 20260","390","144","383","43","205","41","246","","0","205","41","246","6","240","2","34","2","0","2","3","9","104","0","0","27","47","10","28.10.12"
"710142","199","Черкаська область","клуб цукрозаводу, бібліотека
вул.Заводська, 8, с.Вільховець, Звенигородський р-н, Черкаська обл., 20260","810","314","800","67","435","61","496","","0","435","61","496","10","486","8","90","1","6","1","9","9","228","5","2","64","43","20","28.10.12"
"710143","199","Черкаська область","школа, спортивна зала
вул.Богдана Хмельницького, 84, с.Водяники, Звенигородський р-н, Черкаська обл., 20232","516","113","517","51","354","49","403","","0","354","49","403","8","395","8","49","3","4","1","7","13","200","1","2","26","31","50","28.10.12"
"710144","199","Черкаська область","школа, спортивна зала
вул.Шкільна, 10, с.Гудзівка, Звенигородський р-н, Черкаська обл., 20225","594","177","588","37","380","37","417","","0","380","37","417","5","412","5","104","5","5","2","6","17","124","1","0","37","29","77","07.11.12"
"710145","199","Черкаська область","адміністративний будинок, зала засідань
вул.Центральна, 72, с.Гусакове, Звенигородський р-н, Черкаська обл., 20263","414","121","413","34","259","34","293","","0","259","34","293","4","289","2","59","4","4","5","8","15","113","4","0","30","26","19","29.10.12"
"710146","199","Черкаська область","будинок культури, фойє
просп.Соборності, 9, с.Княжа, Звенигородський р-н, Черкаська обл., 20243","1152","388","1145","103","674","90","764","","0","674","90","764","16","748","11","204","13","12","3","8","13","256","24","5","99","73","27","29.10.12"
"710147","199","Черкаська область","школа, ігрова кімната
вул.Свободи, 7, с.Кобиляки, Звенигородський р-н, Черкаська обл., 20234","354","101","348","28","226","27","253","","0","226","27","253","8","245","2","55","5","6","1","5","7","110","1","0","21","16","16","28.10.12"
"710148","199","Черкаська область","будинок культури, фойє
вул.Леніна, 39, с.Козацьке, Звенигородський р-н, Черкаська обл., 20240","1170","389","1155","76","711","70","781","","0","711","70","781","10","771","12","135","7","4","2","13","1","423","2","10","78","56","28","29.10.12"
"710149","199","Черкаська область","школа, фойє
вул.Миру, 25, с.Мизинівка, Звенигородський р-н, Черкаська обл., 20224","222","66","215","5","151","5","156","","0","151","5","156","3","153","1","29","1","3","0","3","4","78","0","2","12","13","7","03.11.12"
"710150","199","Черкаська область","контора, їдальня
вул.Центральна, 40, с.Стара Буда, Звенигородський р-н, Черкаська обл., 20224","150","44","149","2","104","2","106","","0","104","2","106","2","104","0","16","0","0","0","13","2","43","0","1","5","19","5","28.10.12"
"710151","199","Черкаська область","сільська бібліотека, каб.2
вул.Шевченка, 44, с.Моринці, Звенигородський р-н, Черкаська обл., 20210","660","201","653","47","417","42","459","","0","417","42","459","3","456","7","213","7","5","2","5","17","111","1","1","28","42","17","29.10.12"
"710152","199","Черкаська область","школа, спортивна зала
пров.Шкільний, 21, с.Моринці, Звенигородський р-н, Черкаська обл., 20210","810","296","804","54","460","54","514","","0","460","54","514","11","503","24","132","3","19","1","9","8","197","0","4","17","53","36","28.10.12"
"710153","199","Черкаська область","сільський клуб, фойє
вул.Центральна, 15, с.Гнилець, Звенигородський р-н, Черкаська обл., 20211","90","17","90","13","60","13","73","","0","60","13","73","4","69","1","23","0","4","0","2","2","12","0","0","1","7","17","28.10.12"
"710154","199","Черкаська область","будинок культури, фойє
вул.Шевченка, 57, с.Неморож, Звенигородський р-н, Черкаська обл., 20222","564","199","558","41","327","38","365","","0","327","38","365","9","356","5","74","3","1","4","14","12","109","8","1","47","53","25","28.10.12"
"710155","199","Черкаська область","ФАП, каб.2
вул.8 Березня, 8, с.Мурзинці, Звенигородський р-н, Черкаська обл., 20223","186","72","177","12","105","9","114","","0","105","9","114","2","112","0","21","1","1","1","5","7","42","5","1","7","16","5","28.10.12"
"710156","199","Черкаська область","школа, актова зала
вул.Мічуріна, 76, с.Озірна, Звенигородський р-н, Черкаська обл., 20226","942","283","934","63","598","61","659","","0","598","61","659","16","643","7","221","8","4","4","13","12","245","5","0","46","60","18","29.10.12"
"710157","199","Черкаська область","школа, фойє
вул.Леніна, 19, с.Пединівка, Звенигородський р-н, Черкаська обл., 20212","486","131","478","42","315","40","355","","0","315","40","355","5","350","22","86","7","13","0","6","8","145","1","6","19","26","11","29.10.12"
"710158","199","Черкаська область","будинок культури, зала засідань
вул.Горошка, 59, с.Попівка, Звенигородський р-н, Черкаська обл., 20236","366","142","356","16","209","15","224","","0","209","15","224","5","219","5","27","4","5","4","4","7","90","2","1","46","14","10","29.10.12"
"710159","199","Черкаська область","будинок культури, фойє
вул.Леніна, 17, с.Рижанівка, Звенигородський р-н, Черкаська обл., 20233","618","180","609","37","405","33","438","","0","405","33","438","5","433","3","73","1","5","0","6","11","206","1","1","65","43","18","29.10.12"
"710160","199","Черкаська область","будинок культури, фойє
вул.Театральна, 7, с.Ризине, Звенигородський р-н, Черкаська обл., 20235","732","236","729","46","452","44","496","","0","452","44","496","3","493","4","179","7","3","4","12","11","101","0","0","74","66","32","30.10.12"
"710161","199","Черкаська область","будинок культури, фойє
вул.Чайковського, 74, с.Стебне, Звенигородський р-н, Черкаська обл., 20208","1056","361","1060","50","650","45","695","","0","650","45","695","19","676","12","150","10","35","5","9","21","218","2","3","75","112","24","29.10.12"
"710162","199","Черкаська область","будинок культури, фойє
вул.К.Маркса, 2Б, с.Стецівка, Звенигородський р-н, Черкаська обл., 20216","1446","542","1437","71","843","61","904","","0","843","61","904","18","886","14","227","10","25","1","10","20","329","0","1","111","93","45","29.10.12"
"710163","199","Черкаська область","будинок культури, фойє
вул.Ювілейна, 34, с.Тарасівка, Звенигородський р-н, Черкаська обл., 20216","690","238","682","58","394","58","452","","0","394","58","452","5","447","12","93","5","9","3","10","13","189","1","1","52","34","25","29.10.12"
"710164","199","Черкаська область","сільський клуб, фойє
вул.Трояна, 2, с.Хлипнівка, Звенигородський р-н, Черкаська обл., 20220","420","126","426","20","277","17","294","","0","277","17","294","1","293","3","44","9","3","0","6","9","136","3","0","40","21","19","28.10.12"
"710165","199","Черкаська область","будинок культури, фойє
вул.Шевченка, 63, с.Майданівка, Звенигородський р-н, Черкаська обл., 20221","180","43","176","22","115","22","137","","0","115","22","137","1","136","4","6","5","2","0","10","2","44","0","0","17","22","24","28.10.12"
"710166","199","Черкаська область","школа, фойє
вул.Лугова, 26, с.Чемериське, Звенигородський р-н, Черкаська обл., 20263","180","48","181","11","123","9","132","","0","123","9","132","0","132","0","19","1","0","0","0","6","51","0","2","33","8","12","28.10.12"
"710167","199","Черкаська область","школа, фойє
вул.Леніна, 34, с.Чижівка, Звенигородський р-н, Черкаська обл., 20230","714","252","708","46","421","41","462","","0","421","41","462","12","450","8","83","2","10","3","5","16","175","6","5","75","42","20","28.10.12"
"710168","199","Черкаська область","школа, фойє
вул.Шостацького, 33, с.Чичиркозівка, Звенигородський р-н, Черкаська обл., 20244","540","193","527","59","294","53","347","","0","294","53","347","10","337","5","69","1","9","1","6","9","128","3","0","58","26","22","28.10.12"
"710169","199","Черкаська область","будинок культури, танцювальна зала
вул.Шевченка, 53, с.Шевченкове, Звенигородський р-н, Черкаська обл., 20214","1146","366","1136","31","750","30","780","","0","750","30","780","20","760","25","151","12","17","5","9","18","224","9","25","160","77","28","28.10.12"
"710170","199","Черкаська область","коледж, актова зала
вул.Шевченка, 74, с.Шевченкове, Звенигородський р-н, Черкаська обл., 20214","636","220","631","25","393","23","416","","0","393","23","416","8","408","12","70","5","6","6","3","9","129","2","24","80","57","5","31.10.12"
"710171","199","Черкаська область","школа, фойє
вул.Жовтнева, 152, с.Юрківка, Звенигородський р-н, Черкаська обл., 20245","1254","533","1249","59","671","50","721","","0","671","50","721","8","713","9","170","8","7","7","16","21","290","7","0","68","83","27","29.10.12"
"710172","199","Черкаська область","будинок культури, актова зала
вул.Шолохова, 5, с.Юрківка, Звенигородський р-н, Черкаська обл., 20245","1170","495","1157","43","635","40","675","","0","635","40","675","11","664","10","171","6","6","2","7","23","293","2","1","66","58","19","28.10.12"
"710173","199","Черкаська область","центральна районна лікарня, фойє
вул.Піонерська, 79, м.Звенигородка, Звенигородський р-н, Черкаська обл., 20200","192","86","113","39","72","34","106","","0","72","34","106","4","102","1","15","9","1","0","3","9","33","1","0","17","6","7","28.10.12"
"710397","199","Черкаська область","районний будинок культури, фойє
вул.Леніна, 1, смт Лисянка, Лисянський р-н, Черкаська обл., 19300","2262","954","2242","23","1285","23","1308","","0","1285","23","1308","12","1296","15","487","13","18","7","30","22","259","6","5","97","204","133","29.10.12"
"710398","199","Черкаська область","школа №1, фойє
вул.Леніна, 13, смт Лисянка, Лисянський р-н, Черкаська обл., 19300","2292","906","2272","34","1362","24","1386","","0","1362","24","1386","18","1368","18","485","16","25","5","42","11","340","11","1","87","207","120","29.10.12"
"710399","199","Черкаська область","школа №2, спортивна зала
вул.Котовського, 10, смт Лисянка, Лисянський р-н, Черкаська обл., 19300","2268","950","2236","36","1284","34","1318","","0","1284","34","1318","18","1300","16","414","16","31","2","35","13","328","10","3","147","186","99","29.10.12"
"710400","199","Черкаська область","будинок культури, зал
вул.Ястребцова, 49, с.Босівка, Лисянський р-н, Черкаська обл., 19341","594","158","583","66","374","62","436","","0","374","62","436","6","430","3","101","7","10","7","21","9","117","4","0","79","42","30","29.10.12"
"710401","199","Черкаська область","сільський клуб, фойє
вул.Шкільна, 27, с.Товсті Роги, Лисянський р-н, Черкаська обл., 19341","90","18","86","10","63","9","72","","0","63","9","72","0","72","0","13","1","8","0","5","3","26","1","0","8","0","7","28.10.12"
"710402","199","Черкаська область","будинок культури, танцювальний зал
вул.50-річчя Перемоги, 61, с.Боярка, Лисянський р-н, Черкаська обл., 19311","504","146","502","56","304","54","358","","0","304","54","358","5","353","3","52","5","8","1","6","10","123","0","0","101","13","31","28.10.12"
"710405","199","Черкаська область","будинок культури, зал
вул.Жовтнева, 9, с.Бужанка, Лисянський р-н, Черкаська обл., 19333","1254","440","1240","90","746","68","814","","0","746","68","814","18","796","8","145","3","32","2","70","25","289","4","1","45","125","47","29.10.12"
"710406","199","Черкаська область","школа, фойє
вул.Леніна, 44, с.Виноград, Лисянський р-н, Черкаська обл., 19340","828","237","812","55","537","54","591","","0","537","54","591","9","582","7","78","3","42","5","81","17","157","7","0","79","66","40","29.10.12"
"710407","199","Черкаська область","школа, їдальня
пров.Весняний, 9, с.Вотилівка, Лисянський р-н, Черкаська обл., 19314","534","180","527","39","315","39","354","","0","315","39","354","8","346","3","33","0","16","5","8","10","193","2","0","32","26","18","29.10.12"
"710408","199","Черкаська область","сільська рада, зал
вул.Ювілейна, 30, с.Дашуківка, Лисянський р-н, Черкаська обл., 19330","306","57","316","31","219","30","249","","0","219","30","249","2","247","3","44","1","14","1","7","6","93","1","0","46","22","9","29.10.12"
"710409","199","Черкаська область","сільський клуб, зал
вул.Центральна, 3, с.Дібрівка, Лисянський р-н, Черкаська обл., 19326","162","35","158","18","111","16","127","","0","111","16","127","2","125","2","13","2","2","0","7","7","66","0","1","16","3","6","30.10.12"
"710410","199","Черкаська область","сільський клуб, зал
вул.Черняховського, 1, с.Жаб’янка, Лисянський р-н, Черкаська обл., 19334","342","77","339","34","231","34","265","","0","231","34","265","7","258","4","39","4","27","1","14","6","100","1","0","15","12","35","30.10.12"
"710413","199","Черкаська область","школа, спортивна зала
вул.Шкільна, 1, с.Кам’яний Брід, Лисянський р-н, Черкаська обл., 19331","648","152","639","47","450","46","496","","0","450","46","496","5","491","8","72","2","5","2","37","12","202","1","1","86","45","18","29.10.12"
"710414","199","Черкаська область","будинок культури, фойє
вул.Шкільна, 1, с-ще Мар’янівка, Лисянський р-н, Черкаська обл., 19344","294","124","291","8","164","6","170","","0","164","6","170","9","161","3","28","1","0","0","5","2","66","2","0","10","33","11","28.10.12"
"710415","199","Черкаська область","сільський клуб, фойє
вул.Ватутіна, 60, с.Розкошівка, Лисянський р-н, Черкаська обл., 19344","276","78","273","17","181","17","198","","0","181","17","198","6","192","5","41","1","5","0","10","7","44","3","0","20","28","28","30.10.12"
"710416","199","Черкаська область","школа, актова зала
вул.ім.Шевченка, 92, с.Петрівка-Попівка, Лисянський р-н, Черкаська обл., 19313","156","18","166","9","129","9","138","","0","129","9","138","3","135","0","15","0","4","0","6","4","73","0","1","24","5","3","28.10.12"
"710417","199","Черкаська область","сільський клуб, зал
вул.Медвинська, 1А, с.Писарівка, Лисянський р-н, Черкаська обл., 19310","150","36","149","4","110","4","114","","0","110","4","114","3","111","0","53","0","1","0","5","2","22","1","0","10","8","9","28.10.12"
"710418","199","Черкаська область","будинок культури, фойє
вул.Слави, 34, с.Погибляк, Лисянський р-н, Черкаська обл., 19315","276","53","276","25","202","21","223","","0","202","21","223","5","218","7","18","0","10","2","10","8","102","0","1","13","24","23","28.10.12"
"710419","199","Черкаська область","сільський клуб, фойє
вул.Лісова, 15, с-ще Дубина, Лисянський р-н, Черкаська обл., 19315","42","12","36","6","24","6","30","","0","24","6","30","1","29","1","11","0","3","0","0","0","7","0","0","0","3","4","28.10.12"
"710422","199","Черкаська область","сільський клуб, зал
вул.Леніна, 7, с.Ріпки, Лисянський р-н, Черкаська обл., 19332","384","106","380","29","255","23","278","","0","255","23","278","4","274","3","92","1","9","0","6","7","68","1","0","51","15","21","28.10.12"
"710423","199","Черкаська область","сільський клуб, фойє
вул.Леніна, 13, с.Рубаний Міст, Лисянський р-н, Черкаська обл., 19343","258","52","264","29","178","28","206","","0","178","28","206","5","201","0","14","1","2","0","3","8","103","9","0","35","14","12","28.10.12"
"710424","199","Черкаська область","будинок культури, зал
вул.Слави, 48, с.Семенівка, Лисянський р-н, Черкаська обл., 19315","240","48","239","24","168","24","192","","0","168","24","192","2","190","1","32","0","0","1","13","8","90","0","0","31","11","3","29.10.12"
"710425","199","Черкаська область","школа, фойє
вул.Леніна, 46А, с.Смільчинці, Лисянський р-н, Черкаська обл., 19310","444","138","431","25","284","22","306","","0","284","22","306","5","301","5","78","2","11","3","5","5","133","0","1","33","10","15","29.10.12"
"710426","199","Черкаська область","сільський клуб, зал
вул.Пролетарська, 47А, с.Ганжалівка, Лисянський р-н, Черкаська обл., 19325","138","35","136","19","85","18","103","","0","85","18","103","4","99","0","35","0","0","0","0","1","42","0","0","17","1","3","31.10.12"
"710427","199","Черкаська область","сільський клуб, зал
вул.Євстігнєєва, 25, с.Тихонівка, Лисянський р-н, Черкаська обл., 19335","204","43","198","9","152","9","161","","0","152","9","161","6","155","0","10","3","2","2","12","3","90","0","0","19","12","2","03.11.12"
"710428","199","Черкаська область","будинок культури, зал
вул.Мереняшева, 80А, с.Федюківка, Лисянський р-н, Черкаська обл., 19312","408","110","405","46","256","42","298","","0","256","42","298","6","292","4","71","3","5","2","7","0","91","0","0","44","24","41","28.10.12"
"710429","199","Черкаська область","школа, спортивна зала
вул.Леніна, 7А, с.Хижинці, Лисянський р-н, Черкаська обл., 19320","504","179","507","40","289","36","325","","0","289","36","325","6","319","7","82","14","3","3","5","9","137","1","2","28","26","2","28.10.12"
"710430","199","Черкаська область","сільський клуб, зал
вул.Кооперативна, 49, с.Чеснівка, Лисянський р-н, Черкаська обл., 19320","96","24","91","10","64","8","72","","0","64","8","72","3","69","0","15","2","1","0","7","1","25","0","0","8","7","3","30.10.12"
"710431","199","Черкаська область","будинок культури, зал
вул.Леніна, 57, с.Чаплинка, Лисянський р-н, Черкаська обл., 19310","468","99","464","53","317","52","369","","0","317","52","369","6","363","1","61","6","7","0","16","15","161","0","0","62","19","15","28.10.12"
"710432","199","Черкаська область","сільський клуб, фойє
вул.50-річчя Перемоги, 35, с.Шушківка, Лисянський р-н, Черкаська обл., 19310","60","3","61","7","50","7","57","","0","50","7","57","1","56","2","10","0","0","0","3","4","20","0","0","13","3","1","28.10.12"
"710434","199","Черкаська область","будинок культури, зал
вул.Свердлова, 1Г, с.Шубині Стави, Лисянський р-н, Черкаська обл., 19342","510","122","501","39","349","39","388","","0","349","39","388","3","385","6","69","2","4","0","12","6","168","6","0","52","16","44","29.10.12"
"710435","199","Черкаська область","школа, спортивна зала
вул.Шевченка, 9, с.Яблунівка, Лисянський р-н, Черкаська обл., 19335","414","103","413","25","286","25","311","","0","286","25","311","4","307","3","50","2","6","6","66","4","108","0","0","28","18","16","29.10.12"
"710436","199","Черкаська область","будинок культури, фойє
вул.Гагаріна, 1, смт Буки, Маньківський р-н, Черкаська обл., 20114","1512","621","1498","124","811","80","891","","0","811","80","891","21","870","4","263","26","51","1","59","15","215","4","2","105","109","16","30.10.12"
"710437","199","Черкаська область","будинок культури, фойє
вул.Шевченка, 22, смт Маньківка, Маньківський р-н, Черкаська обл., 20100","2106","820","2086","13","1275","11","1286","","0","1275","11","1286","16","1270","7","395","25","53","3","212","20","194","13","2","165","126","55","29.10.12"
"710438","199","Черкаська область","школа мистецтв, фойє
вул.Щорса, 20, смт Маньківка, Маньківський р-н, Черкаська обл., 20100","1668","704","1660","14","953","11","964","","0","953","11","964","15","949","13","326","16","30","5","137","22","131","1","2","117","97","52","29.10.12"
"710439","199","Черкаська область","школа-гімназія, фойє
вул.Леніна, 56, смт Маньківка, Маньківський р-н, Черкаська обл., 20100","2040","856","2024","27","1162","22","1184","","0","1162","22","1184","14","1170","6","386","23","50","1","201","13","158","7","3","130","118","74","29.10.12"
"710440","199","Черкаська область","районна лікарня, актовий зал
вул.Павлова, 16, смт Маньківка, Маньківський р-н, Черкаська обл., 20100","918","309","924","30","586","23","609","","0","586","23","609","5","604","4","209","8","25","3","97","13","75","6","1","76","63","24","29.10.12"
"710441","199","Черкаська область","будинок культури, фойє
вул.Жовтнева, 27, смт Маньківка, Маньківський р-н, Черкаська обл., 20100","348","110","354","36","202","36","238","","0","202","36","238","8","230","3","89","4","10","0","17","6","54","1","0","28","7","11","29.10.12"
"710442","199","Черкаська область","будинок культури, танцювальний зал
вул.Шевченка, 39, с.Багва, Маньківський р-н, Черкаська обл., 20112","450","131","446","24","295","24","319","","0","295","24","319","4","315","3","48","3","11","1","31","6","94","0","1","65","20","32","29.10.12"
"710443","199","Черкаська область","сільська рада, каб.2
вул.Леніна, 61, с.Березівка, Маньківський р-н, Черкаська обл., 20116","384","120","385","50","217","47","264","","0","217","47","264","3","261","1","59","14","10","0","41","7","31","1","1","65","11","20","29.10.12"
"710444","199","Черкаська область","будинок культури, фойє
вул.Леніна, 2А, с.Вікторівка, Маньківський р-н, Черкаська обл., 20144","888","228","886","69","598","62","660","","0","598","62","660","15","645","9","156","12","28","3","73","8","104","1","1","82","48","120","28.10.12"
"710445","199","Черкаська область","будинок культури, каб.1
вул.Центральна, 6, с.Дзензелівка, Маньківський р-н, Черкаська обл., 20141","1254","412","1246","76","768","74","842","","0","768","74","842","19","823","5","274","10","31","5","66","26","262","1","0","62","43","38","29.10.12"
"710446","199","Черкаська область","будинок культури, фойє
вул.Червоноармійська, 51, с.Добра, Маньківський р-н, Черкаська обл., 20142","660","177","655","50","433","50","483","","0","433","50","483","15","468","4","123","10","29","4","39","17","127","1","0","75","21","18","29.10.12"
"710447","199","Черкаська область","будинок культури цукрового заводу, фойє
вул.Заводська, 2, с.Іваньки, Маньківський р-н, Черкаська обл., 20132","1086","436","1071","17","634","16","650","","0","634","16","650","18","632","7","147","9","21","1","230","9","112","1","1","43","22","29","29.10.12"
"710448","199","Черкаська область","школа, фойє
вул.Леніна, 6, с.Іваньки, Маньківський р-н, Черкаська обл., 20132","1092","385","1076","33","675","32","707","","0","675","32","707","14","693","8","113","14","49","4","223","11","106","4","3","58","55","45","29.10.12"
"710449","199","Черкаська область","адмінприміщення, каб.2
вул.Леніна, 19, с.Тимошівка, Маньківський р-н, Черкаська обл., 20131","174","40","166","9","125","9","134","","0","125","9","134","0","134","1","18","3","16","0","20","1","13","0","0","2","12","48","28.10.12"
"710450","199","Черкаська область","будинок культури, фойє
вул.Шевченка, 31, с.Кислин, Маньківський р-н, Черкаська обл., 20110","348","111","344","36","204","33","237","","0","204","33","237","2","235","3","49","5","8","2","19","6","80","0","0","24","31","8","29.10.12"
"710451","199","Черкаська область","будинок культури, фойє
вул.Генерала Андрія Дрофи, 49, с.Кищенці, Маньківський р-н, Черкаська обл., 20121","666","157","677","62","452","57","509","","0","452","57","509","20","489","4","153","15","17","2","47","11","113","1","2","55","35","34","29.10.12"
"710452","199","Черкаська область","будинок культури, актовий зал
вул.Леніна, 2А, с.Крачківка, Маньківський р-н, Черкаська обл., 20123","534","150","528","46","338","46","384","","0","338","46","384","6","378","2","162","5","19","0","53","8","63","2","0","26","19","19","29.10.12"
"710453","199","Черкаська область","будинок культури, фойє
вул.Леніна, 21, с.Кривець, Маньківський р-н, Черкаська обл., 20115","516","197","510","7","313","6","319","","0","313","6","319","6","313","7","83","6","7","0","37","5","76","0","0","50","24","18","28.10.12"
"710454","199","Черкаська область","будинок культури, фойє
вул.Перемоги, 1, с.Кути, Маньківський р-н, Черкаська обл., 20113","318","71","318","34","215","32","247","","0","215","32","247","2","245","1","36","5","12","1","18","5","89","0","1","45","14","18","28.10.12"
"710455","199","Черкаська область","будинок культури, фойє
вул.Леніна, 1А, с.Молодецьке, Маньківський р-н, Черкаська обл., 20146","1272","412","1266","44","823","37","860","","0","823","37","860","21","839","14","192","25","36","5","65","18","163","2","2","149","139","29","28.10.12"
"710456","199","Черкаська область","будинок культури, фойє
вул.Леніна, 6, с.Нестерівка, Маньківський р-н, Черкаська обл., 20140","618","222","612","60","337","59","396","","0","337","59","396","10","386","5","96","13","26","2","22","16","127","2","1","38","28","10","28.10.12"
"710457","199","Черкаська область","ОТ ""Дивокрай"", фойє
вул.Шевченка, 90, с.Паланочка, Маньківський р-н, Черкаська обл., 20133","300","85","301","12","206","9","215","","0","206","9","215","4","211","2","30","7","67","1","12","3","35","3","0","24","16","11","28.10.12"
"710458","199","Черкаська область","сільська рада, актовий зал
вул.Урицького, 7А, с.Подібна, Маньківський р-н, Черкаська обл., 20143","684","195","675","58","438","51","489","","0","438","51","489","3","486","11","111","6","10","2","49","16","169","1","1","49","27","34","29.10.12"
"710459","199","Черкаська область","будинок культури, актовий зал
вул.Шевченка, 1, с.Попівка, Маньківський р-н, Черкаська обл., 20120","528","187","523","36","308","33","341","","0","308","33","341","8","333","1","61","14","15","2","78","5","60","0","1","52","27","17","29.10.12"
"710460","199","Черкаська область","школа, фойє
вул.Зінчук, 75, с.Поташ, Маньківський р-н, Черкаська обл., 20109","1014","382","999","48","595","37","632","","0","595","37","632","10","622","12","150","12","28","4","63","13","130","4","1","78","56","71","29.10.12"
"710461","199","Черкаська область","будинок культури, танцювальний зал
вул.Кірова, 48А, с.Роги, Маньківський р-н, Черкаська обл., 20145","738","198","744","34","506","34","540","","0","506","34","540","7","533","7","109","5","27","1","56","10","157","0","1","97","21","42","28.10.12"
"710462","199","Черкаська область","будинок культури, фойє
вул.Шевченка, 51, с.Русалівка, Маньківський р-н, Черкаська обл., 20111","438","130","436","47","264","44","308","","0","264","44","308","6","302","2","80","8","19","0","72","6","33","0","2","21","50","9","31.10.12"
"710463","199","Черкаська область","будинок культури, фойє
вул.Леніна, 5, с.Харківка, Маньківський р-н, Черкаська обл., 20130","324","77","324","26","223","24","247","","0","223","24","247","4","243","3","51","4","2","0","33","6","84","1","0","39","10","10","28.10.12"
"710464","199","Черкаська область","сільський клуб, актовий зал
вул.Ватутіна, 54А, с.Мала Маньківка, Маньківський р-н, Черкаська обл., 20131","126","18","130","5","103","5","108","","0","103","5","108","1","107","1","10","0","7","0","18","1","40","0","0","15","3","12","28.10.12"
"710465","199","Черкаська область","адміністративний будинок, актовий зал
вул.Шевченка, 83, с.Чорна Кам’янка, Маньківський р-н, Черкаська обл., 20122","630","193","626","55","391","46","437","","0","391","46","437","8","429","8","123","11","50","5","63","4","75","2","0","64","11","13","30.10.12"
"710466","199","Черкаська область","сільський клуб, фойє
вул.Леніна, 23, с.Юрпіль, Маньківський р-н, Черкаська обл., 20122","78","22","72","14","44","12","56","","0","44","12","56","1","55","0","5","0","1","0","9","1","17","1","0","8","9","4","28.10.12"
"710548","199","Черкаська область","дитячий садочок ""Берізка"", музична зала, 2-й поверх
вул.1-го Травня, 59, м.Тальне, Тальнівський р-н, Черкаська обл., 20400","684","301","675","7","376","7","383","","0","376","7","383","7","376","4","111","7","10","1","9","8","76","0","0","79","51","20","29.10.12"
"710549","199","Черкаська область","дитячий садочок ""Світлячок"", музична зала, 2-й поверх
вул.Вільних Козаків, 83А, м.Тальне, Тальнівський р-н, Черкаська обл., 20400","522","229","510","11","284","9","293","","0","284","9","293","9","284","0","94","2","8","0","9","6","48","4","1","50","42","20","31.10.12"
"710550","199","Черкаська область","загальноосвітня школа №2, фойє, 1-й поверх
вул.Майданецька, 1, м.Тальне, Тальнівський р-н, Черкаська обл., 20400","1260","445","1236","11","807","8","815","","0","807","8","815","16","799","9","223","10","29","4","31","21","104","20","1","171","155","21","29.10.12"
"710551","199","Черкаська область","дитячий садочок ""Ромашка"", музична зала, 1-й поверх
вул.Майданецька, 15, м.Тальне, Тальнівський р-н, Черкаська обл., 20400","1278","493","1273","9","777","8","785","","0","777","8","785","12","773","4","265","20","9","0","48","1","139","13","3","129","123","19","29.10.12"
"710552","199","Черкаська область","Тальнівський будівельно-економічний коледж УДАУ, ауд.101, 1-й поверх
вул.Радянська, 93, м.Тальне, Тальнівський р-н, Черкаська обл., 20400","858","306","853","4","548","4","552","","0","548","4","552","11","541","5","167","3","16","2","25","11","97","5","2","93","101","14","31.10.12"
"710553","199","Черкаська область","дитячий садочок ""Струмочок"", музична зала, 1-й поверх
вул.Самойлова, 2, м.Тальне, Тальнівський р-н, Черкаська обл., 20400","744","266","741","47","451","27","478","","0","451","27","478","8","470","2","156","9","16","2","34","4","109","5","0","63","61","9","29.10.12"
"710554","199","Черкаська область","ветеринарна лікарня, фойє, 1-й поверх
вул.Котовського, 58, м.Тальне, Тальнівський р-н, Черкаська обл., 20400","882","342","864","11","530","10","540","","0","530","10","540","7","533","5","132","10","17","3","36","11","149","4","1","74","78","13","28.10.12"
"710555","199","Черкаська область","школа-інтернат, фойє, 1-й поверх
вул.Соборна, 144, м.Тальне, Тальнівський р-н, Черкаська обл., 20400","840","318","832","3","519","3","522","","0","519","3","522","12","510","5","131","4","35","1","37","9","113","5","2","86","69","13","29.10.12"
"710556","199","Черкаська область","районний будинок дітей та юнацтва, групова кімната, 1-й поверх
вул.Соборна, 120, м.Тальне, Тальнівський р-н, Черкаська обл., 20400","696","234","704","5","457","5","462","","0","457","5","462","8","454","4","114","13","14","0","28","7","136","4","0","59","67","8","29.10.12"
"710557","199","Черкаська область","загальноосвітня школа №1, фойє, 1-й поверх
вул.Попова-Гертлейна, 15, м.Тальне, Тальнівський р-н, Черкаська обл., 20400","600","226","603","5","371","3","374","","0","371","3","374","7","367","7","112","6","19","0","17","6","43","4","0","80","63","10","30.10.12"
"710558","199","Черкаська область","дит. садочок "" Золотий ключик"", музична зала, 2-й поверх
пров.Зелений, 3, м.Тальне, Тальнівський р-н, Черкаська обл., 20400","468","136","478","4","329","3","332","","0","329","3","332","2","330","1","105","3","11","1","7","2","80","2","2","41","72","3","29.10.12"
"710559","199","Черкаська область","клуб ПСП ім. Чкалова, актова зала
вул.Незалежності, 1Б, м.Тальне, Тальнівський р-н, Черкаська обл., 20400","1332","498","1317","7","828","6","834","","0","828","6","834","21","813","15","264","7","16","6","34","14","175","14","0","134","105","29","31.10.12"
"710560","199","Черкаська область","ТОВ ""Інтерагросс"", актова зала
вул.Вокзальна, 107, м.Тальне, Тальнівський р-н, Черкаська обл., 20400","720","299","712","4","418","3","421","","0","418","3","421","8","413","1","113","1","16","1","37","10","57","3","2","80","67","25","29.10.12"
"710561","199","Черкаська область","дитячий садочок ""Сонечко"", музична зала, 1-й поверх
вул.Толстого, 5А, м.Тальне, Тальнівський р-н, Черкаська обл., 20400","534","211","536","2","321","2","323","","0","321","2","323","4","319","4","84","6","8","0","15","9","83","6","0","60","37","7","28.10.12"
"710562","199","Черкаська область","загальноосвітня школа №3, фойє, 1-й поверх
пров.Робітничий, 1, м.Тальне, Тальнівський р-н, Черкаська обл., 20400","1290","500","1270","12","780","10","790","","0","780","10","790","11","779","12","223","16","26","8","31","16","126","35","2","150","110","24","31.10.12"
"710568","199","Черкаська область","навчально-виховний комплекс, актова зала
вул.Радянська, 125, с.Гордашівка, Тальнівський р-н, Черкаська обл., 20431","768","265","758","5","499","4","503","","0","499","4","503","11","492","4","197","14","9","1","19","5","43","10","0","75","92","23","29.10.12"
"710580","199","Черкаська область","сільська рада, зала засідань
вул.Шкільна, 50, с.Лащова, Тальнівський р-н, Черкаська обл., 20415","384","112","384","10","262","10","272","","0","262","10","272","2","270","2","61","3","5","1","6","4","91","5","3","54","31","4","28.10.12"
"710586","199","Черкаська область","загальноосвітня школа, приміщення їдальні
вул.Жовтнева, 7, с.Мошурів, Тальнівський р-н, Черкаська обл., 20432","1512","611","1501","27","874","27","901","","0","874","27","901","17","884","13","351","12","12","0","30","19","129","24","1","135","114","44","29.10.12"
"710591","199","Черкаська область","сільська рада, зала засідань
вул.Шевченка, 114Б, с.Поташ, Тальнівський р-н, Черкаська обл., 20430","504","137","501","9","359","8","367","","0","359","8","367","5","362","7","72","8","10","0","43","7","56","3","2","91","39","24","28.10.12"
"710592","199","Черкаська область","навчально-виховний комплекс, фойє
вул.Леніна, 14Г, с.Романівка, Тальнівський р-н, Черкаська обл., 20416","678","248","674","9","422","8","430","","0","422","8","430","5","425","0","77","13","85","1","44","8","59","4","0","92","25","17","28.10.12"
"710862","199","Черкаська область","лабораторія КПТМ, фойє
вул.Ювілейна, 12, м.Ватутіне, Черкаська обл., 20250","1254","622","1234","8","625","7","632","","0","625","7","632","4","628","6","126","14","21","2","20","18","202","1","1","71","79","67","29.10.12"
"710863","199","Черкаська область","територіальний центр УПСЗН, кімната відпочинку
пр-т Ватутіна, 32, м.Ватутіне, Черкаська обл., 20250","1236","521","1210","12","705","10","715","","0","705","10","715","19","696","9","137","33","33","4","9","22","241","2","1","96","67","42","29.10.12"
"710864","199","Черкаська область","дитячий садок №7 ""Сонечко"", музична зала
вул.Миру, 3А, м.Ватутіне, Черкаська обл., 20250","1356","671","1318","14","673","12","685","","0","673","12","685","9","676","8","155","15","22","0","8","24","197","5","0","89","86","67","29.10.12"
"710865","199","Черкаська область","школа №2, фойє
вул.Миру, 5А, м.Ватутіне, Черкаська обл., 20250","996","480","978","13","505","11","516","","0","505","11","516","9","507","11","121","10","4","2","10","5","150","2","1","67","75","49","29.10.12"
"710866","199","Черкаська область","міський палац культури, фойє
пл.Леніна, 1, м.Ватутіне, Черкаська обл., 20250","1920","838","1889","30","1057","25","1082","","0","1057","25","1082","33","1049","16","223","32","50","6","15","28","364","5","2","117","117","74","29.10.12"
"710867","199","Черкаська область","школа №1, фойє
вул.Леніна, 44, м.Ватутіне, Черкаська обл., 20250","1038","395","1031","40","605","38","643","","0","605","38","643","12","631","3","138","14","44","1","22","18","180","2","2","94","79","34","29.10.12"
"710868","199","Черкаська область","ТОВ ""Майстер"", виробнича кімната
вул.Лермонтова, 8А, м.Ватутіне, Черкаська обл., 20250","294","142","305","4","149","3","152","","0","149","3","152","2","150","3","40","5","4","0","2","1","51","0","2","18","11","13","28.10.12"
"710869","199","Черкаська область","школа №5, актова зала, 1-й поверх
пр-т Ватутіна, 8, м.Ватутіне, Черкаська обл., 20250","1044","470","1030","17","561","13","574","","0","561","13","574","14","560","11","126","21","20","1","13","20","182","2","3","81","62","18","29.10.12"
"710870","199","Черкаська область","ВВУЖКГ, зала засідань
вул.Звенигородська, 6, м.Ватутіне, Черкаська обл., 20250","1452","671","1446","40","746","35","781","","0","746","35","781","18","763","13","149","23","29","1","17","27","260","3","4","73","122","42","29.10.12"
"710871","199","Черкаська область","ПТУ-2, лекційна зала
вул.В.Інтернаціоналістів, 1, м.Ватутіне, Черкаська обл., 20250","1104","514","1107","48","547","43","590","","0","547","43","590","11","579","11","114","20","28","2","8","20","199","7","1","54","90","25","28.10.12"
"710872","199","Черкаська область","школа №6, фойє, 1-й поверх
вул.Чернишевського, 2, м.Ватутіне, Черкаська обл., 20250","1422","689","1403","35","702","31","733","","0","702","31","733","12","721","14","182","29","25","1","10","8","217","2","1","93","100","39","29.10.12"
"710873","199","Черкаська область","вул.Кривошеї, 113, адміністративне приміщення вантажно-транспортого управління
вул.Кривошеї,113, м.Ватутіне, Черкаської обл., 20250","246","90","249","20","136","20","156","","0","136","20","156","3","153","2","40","6","5","0","7","7","44","0","1","22","11","8","28.10.12"
"710874","199","Черкаська область","сільський будинок культури, гурткова кімната
вул.Комарова, 58, м.Ватутіне, Черкаська обл., 20250","588","215","578","26","347","26","373","","0","347","26","373","3","370","5","71","17","7","2","5","19","153","2","1","29","49","10","29.10.12"
"710875","199","Черкаська область","міська лікарня, фойє, 1-й поверх
вул.Чайковського, 11, м.Ватутіне, Черкаська обл., 20250","114","41","80","20","57","16","73","","0","57","16","73","0","73","1","10","2","1","0","3","2","40","0","0","8","2","4","28.10.12"
