"№ ВД","OBO","Назва регіону України","Місцезнаходження та адреса приміщення для голосування","1) К-сть одержаних бюлетенів","2) К-сть невикористаних бюлетенів","3) К-сть виборців, внесених до списку виборців","4) К-сть виборців, внесених до витягу зі списку виборців","5) К-сть виборців, які отримали бюлетені у приміщенні","6) К-сть виборців, які отримали за місцем перебування","7) Сумарна к-сть виборців, які отримали бюлетені","8) К-сть бюлетенів, що виявилися у кожній скринці","9) К-сть бюлетенів, що не підлягають врахуванню","10) К-сть виборців, які взяли участь у голос. у приміщенні для гол.","11) К-сть виборців, які взяли участь у голос. за місцем перебування","12) К-сть виборців, які взяли участь у голосуванні на виборчій дільниці","13) К-сть бюлетенів, визнаних недійсними","14) Сумарна к-сть голосів виборців ЗА","Балога
Віктор
Іванович","Гулачі
Гейза
Людвигович","Ільтьо
Сергій
Васильович","Ланьо
Олександр
Олександрович","Ленд’єл
Золтан
Золтанович","Переста
Олександр
Михайлович","Федака
Павло
Павлович","Шевченко
Віктор
Федорович","Шутко
Вячеслав
Ласлович","Дата підписання протоколу"
"210003","69","Закарпатська область","будинок культури, актова зала, 1-й поверх
вул.Каштей, 7, с.Батрадь, Берегівський р-н, Закарпатська обл., 90213","1376","874","1362","22","483","19","502","","0","483","19","502","22","480","97","152","7","17","5","15","1","10","176","29.10.12"
"210004","69","Закарпатська область","будинок культури, актова зала
вул.Кошута, 128, смт Батьово, Берегівський р-н, Закарпатська обл., 90212","2232","1265","2211","40","933","34","967","","0","933","34","967","34","933","245","405","8","36","16","62","8","23","130","29.10.12"
"210005","69","Закарпатська область","школа, вестибюль, 1-й поверх
вул.Жовтнева, 1, с.Горонглаб, Берегівський р-н, Закарпатська обл., 90213","568","236","563","32","300","32","332","","0","300","32","332","8","324","71","139","1","5","2","7","2","6","91","29.10.12"
"210012","69","Закарпатська область","школа, спортивна зала, 1-й поверх
вул.Шкільна, 1, с.Велика Бийгань, Берегівський р-н, Закарпатська обл., 90232","1408","839","1394","59","521","48","569","","0","521","48","569","28","541","106","295","1","9","4","17","2","4","103","28.10.12"
"210013","69","Закарпатська область","школа, їдальня
вул.Визволення, 65А, с.Мала Бийгань, Берегівський р-н, Закарпатська обл., 90232","976","568","974","39","377","31","408","","0","377","31","408","12","396","77","180","2","3","3","4","2","13","112","28.10.12"
"210015","69","Закарпатська область","школа, їдальня, 1-й поверх
вул.Садова, 1А, с.Гать, Берегівський р-н, Закарпатська обл., 90231","2216","1327","2196","68","839","50","889","","0","839","50","889","57","832","158","163","10","13","6","19","6","9","448","29.10.12"
"210017","69","Закарпатська область","будинок культури, актова зала
вул.Мункачі, 11, с.Гут, Берегівський р-н, Закарпатська обл., 90230","1024","562","1014","31","440","22","462","","0","440","22","462","12","450","160","223","1","2","2","4","1","2","55","29.10.12"
"210019","69","Закарпатська область","будинок культури, актова зала
вул.Головна, 163, с.Запсонь, Берегівський р-н, Закарпатська обл., 90224","1352","764","1343","21","567","21","588","","0","567","21","588","18","570","114","277","6","10","5","9","0","4","145","28.10.12"
"210021","69","Закарпатська область","будинок культури, актова зала
вул.Бочкаї, 3, с.Косонь, Берегівський р-н, Закарпатська обл., 90223","1792","986","1776","57","756","50","806","","0","756","50","806","37","769","134","364","6","7","7","18","5","22","206","29.10.12"
"210029","69","Закарпатська область","будинок культури, фойє
вул.Косонська, 10, с.Попово, Берегівський р-н, Закарпатська обл., 90221","864","556","854","44","279","29","308","","0","279","29","308","17","291","56","102","1","1","0","5","0","4","122","28.10.12"
"210030","69","Закарпатська область","будинок культури, актова зала
вул.Миру, 198, с.Гетен, Берегівський р-н, Закарпатська обл., 90222","560","359","556","16","185","16","201","","0","185","16","201","8","193","54","66","1","0","1","3","0","1","67","28.10.12"
"210031","69","Закарпатська область","будинок культури, актова зала
вул.Петефі, 2, с.Рафайново, Берегівський р-н, Закарпатська обл., 90225","736","296","726","12","428","12","440","","0","428","12","440","19","421","215","102","1","0","2","7","3","3","88","28.10.12"
"210032","69","Закарпатська область","будинок культури, актова зала
вул.Миру, 51, с.Свобода, Берегівський р-н, Закарпатська обл., 90210","2248","1139","2222","77","1035","74","1109","","0","1035","74","1109","31","1078","571","233","2","56","10","95","7","27","77","29.10.12"
"210035","69","Закарпатська область","школа, їдальня
вул.Садова, 2, с.Шом, Берегівський р-н, Закарпатська обл., 90220","1104","414","1096","53","637","53","690","","0","637","53","690","33","657","98","194","2","9","4","14","3","17","316","29.10.12"
"210172","69","Закарпатська область","сільський клуб, зала
55, с.Собатин, м.Іршава, Іршавський р-н, Закарпатська обл., 90100","528","368","519","12","148","12","160","","0","148","12","160","16","144","91","3","3","10","2","6","2","7","20","28.10.12"
"210173","69","Закарпатська область","будинок культури, мала зала
189, с.Лисичово, Іршавський р-н, Закарпатська обл., 90150","2080","1531","2061","20","536","13","549","","0","536","13","549","26","523","393","10","3","24","1","45","0","8","39","28.10.12"
"210174","69","Закарпатська область","будинок культури, зала
вул.Центральна, 48, с.Кушниця, Іршавський р-н, Закарпатська обл., 90151","1336","799","1324","21","516","21","537","","0","516","21","537","6","531","342","7","5","50","2","80","2","18","25","29.10.12"
"210175","69","Закарпатська область","школа, спортивна зала
вул.Шкільна, 29, с.Кушниця, Іршавський р-н, Закарпатська обл., 90151","2104","1403","2088","38","663","38","701","","0","663","38","701","22","679","446","29","4","44","1","88","6","17","44","29.10.12"
"210176","69","Закарпатська область","сільська рада, зала засідань
152, с.Бронька, Іршавський р-н, Закарпатська обл., 90152","1296","742","1279","15","539","15","554","","0","539","15","554","11","543","400","15","3","29","1","16","4","16","59","28.10.12"
"210177","69","Закарпатська область","школа, фойє
171, с.Суха, Іршавський р-н, Закарпатська обл., 90153","1448","786","1435","26","636","26","662","","0","636","26","662","33","629","533","16","9","9","3","18","4","11","26","28.10.12"
"210178","69","Закарпатська область","Вищий економічний коледж ""Бакалавр"", лекційна зала
вул.Перемоги, 72, с.Довге, Іршавський р-н, Закарпатська обл., 90154","1768","1216","1758","7","546","6","552","","0","546","6","552","16","536","326","16","3","40","11","81","4","10","45","29.10.12"
"210179","69","Закарпатська область","будинок культури, зала
пл.П’яц, будинок культури, с.Довге, Іршавський р-н, Закарпатська обл., 90154","1728","1003","1715","17","708","17","725","","0","708","17","725","30","695","398","28","7","63","11","127","6","10","45","28.10.12"
"210180","69","Закарпатська область","школа, вестибюль
вул.Куклівська, 54, с.Довге, Іршавський р-н, Закарпатська обл., 90154","1760","1138","1743","9","614","8","622","","0","614","8","622","22","600","354","26","7","57","5","94","6","10","41","28.10.12"
"210203","69","Закарпатська область","сільська рада, зала засідань
вул.Жовтнева, 2, с.Загаття, Іршавський р-н, Закарпатська обл., 90112","1232","695","1217","50","490","47","537","","0","490","47","537","11","526","445","9","5","7","6","27","5","7","15","29.10.12"
"210204","69","Закарпатська область","школа, актова зала
вул.Колоднянська, 151А, с.Загаття, Іршавський р-н, Закарпатська обл., 90112","632","262","627","20","350","20","370","","0","350","20","370","11","359","275","3","1","4","2","31","0","3","40","28.10.12"
"210205","69","Закарпатська область","сільський клуб, зала
20А, с.Климовиця, Іршавський р-н, Закарпатська обл., 90112","360","138","356","9","215","7","222","","0","215","7","222","1","221","179","5","0","4","3","7","0","2","21","29.10.12"
"210206","69","Закарпатська область","сільський клуб, зала
113, с.Івашковиця, Іршавський р-н, Закарпатська обл., 90112","256","66","248","15","175","15","190","","0","175","15","190","9","181","128","3","1","7","1","14","0","1","26","01.11.12"
"210207","69","Закарпатська область","сільський клуб, зала
56, с.Дуби, Іршавський р-н, Закарпатська обл., 90112","128","42","127","8","78","8","86","","0","78","8","86","4","82","58","1","1","1","0","7","0","2","12","28.10.12"
"210208","69","Закарпатська область","школа, спортивна зала
137, с.Чорний Потік, Іршавський р-н, Закарпатська обл., 90110","752","367","743","24","362","23","385","","0","362","23","385","13","372","315","5","1","4","0","25","1","3","18","28.10.12"
"210209","69","Закарпатська область","сільський клуб, танцювальна зала
29, с.Крайня Мартинка, Іршавський р-н, Закарпатська обл., 90110","440","211","432","27","202","27","229","","0","202","27","229","4","225","172","3","5","7","0","21","0","2","15","28.10.12"
"210210","69","Закарпатська область","школа, фойє
вул.Перемоги, 1, с.Підгірне, Іршавський р-н, Закарпатська обл., 90111","800","365","798","61","379","56","435","","0","379","56","435","26","409","298","7","1","22","10","22","3","5","41","01.11.12"
"210211","69","Закарпатська область","школа, їдальня
48, с.Смологовиця, Іршавський р-н, Закарпатська обл., 90110","272","115","263","10","148","9","157","","0","148","9","157","5","152","128","1","0","2","0","1","0","0","20","28.10.12"
"210212","69","Закарпатська область","школа, кл.1
45, с.Локіть, Іршавський р-н, Закарпатська обл., 90110","216","80","210","5","131","5","136","","0","131","5","136","7","129","71","1","1","12","1","17","0","1","25","28.10.12"
"210223","69","Закарпатська область","сільський клуб, зала
166А, с.Мідяниця, Іршавський р-н, Закарпатська обл., 90122","624","409","615","13","207","8","215","","0","207","8","215","16","199","148","7","0","6","4","8","0","3","23","28.10.12"
"210224","69","Закарпатська область","школа, фойє
91, с.Дунковиця, Іршавський р-н, Закарпатська обл., 90121","608","282","596","13","313","13","326","","0","313","13","326","19","307","230","5","4","14","2","32","5","14","1","28.10.12"
"210225","69","Закарпатська область","школа, спортивна зала
440, с.Арданово, Іршавський р-н, Закарпатська обл., 90120","1136","598","1061","64","477","61","538","","0","477","61","538","22","516","420","17","3","14","11","21","1","2","27","28.10.12"
"210226","69","Закарпатська область","школа, фойє
вул.Шевченка, 94А, с.Горбок, Іршавський р-н, Закарпатська обл., 90119","560","228","552","22","311","21","332","","0","311","21","332","12","320","243","6","3","11","4","18","1","11","23","28.10.12"
"210227","69","Закарпатська область","сільська рада, актова зала
вул.Миру, 12, с.Доробратово, Іршавський р-н, Закарпатська обл., 90113","1512","754","1495","35","730","28","758","","0","730","28","758","23","735","504","10","28","26","13","67","2","6","79","29.10.12"
"210228","69","Закарпатська область","сільський клуб, зала
вул.Майдан Миру, 4, с.Негрово, Іршавський р-н, Закарпатська обл., 90114","800","365","789","27","409","26","435","","0","409","26","435","12","423","357","2","2","20","1","17","1","5","18","29.10.12"
"210303","69","Закарпатська область","школа мистецтв, актова зала
вул.Мукачівська, 96, с.Великі Лучки, Мукачівський р-н, Закарпатська обл., 89625","1928","1293","1910","23","626","9","635","","0","626","9","635","47","588","363","26","1","42","33","69","7","6","41","29.10.12"
"210304","69","Закарпатська область","сільська рада, зала засідань
вул.Гагаріна, 37, с.Великі Лучки, Мукачівський р-н, Закарпатська обл., 89625","2088","1369","2072","15","706","13","719","","0","706","13","719","55","664","418","11","6","68","27","62","10","13","49","29.10.12"
"210305","69","Закарпатська область","школа, спортивна зала
вул.Гагаріна, 49, с.Великі Лучки, Мукачівський р-н, Закарпатська обл., 89625","1376","638","1345","15","723","15","738","","0","723","15","738","6","732","584","11","5","44","10","44","5","8","21","29.10.12"
"210306","69","Закарпатська область","школа, спортивна зала
вул.Головна, 72, с.Великі Лучки, Мукачівський р-н, Закарпатська обл., 89625","1416","917","1409","91","412","87","499","","0","412","87","499","15","484","390","6","7","22","12","20","0","4","23","29.10.12"
"210307","69","Закарпатська область","сільська рада, зала засідань
вул.Духновича, 64, с.Горонда, Мукачівський р-н, Закарпатська обл., 89656","2160","1353","2143","13","796","11","807","","0","796","11","807","41","766","464","25","12","49","33","76","6","31","70","29.10.12"
"210308","69","Закарпатська область","школа, актова зала
вул.Духновича, 68, с.Горонда, Мукачівський р-н, Закарпатська обл., 89656","1008","685","998","4","319","4","323","","0","319","4","323","11","312","189","27","3","17","11","28","2","7","28","29.10.12"
"210309","69","Закарпатська область","будинок культури, балетна зала
вул.Ракоці, 91А, с.Дерцен, Мукачівський р-н, Закарпатської обл., 89671","2184","1129","2164","18","1037","18","1055","","0","1036","18","1054","37","1017","137","198","3","8","1","8","2","7","653","29.10.12"
"210310","69","Закарпатська область","сільський клуб, глядацька зала
вул.Миру, 131А, с.Жнятино, Мукачівський р-н, Закарпатська обл., 89657","1720","1036","1709","9","676","8","684","","0","676","8","684","32","652","328","262","3","10","6","11","2","2","28","28.10.12"
"210311","69","Закарпатська область","сільський клуб, глядацька зала
вул.Миру, 26, с.Жуково, Мукачівський р-н, Закарпатська обл., 89634","456","225","451","16","215","16","231","","0","215","16","231","8","223","136","8","3","7","2","9","1","2","55","29.10.12"
"210312","69","Закарпатська область","сільський клуб, глядацька зала
вул.Миру, 101, с.Завидово, Мукачівський р-н, Закарпатська обл., 89667","1304","260","1287","69","975","69","1044","","0","975","69","1044","18","1026","955","2","4","21","7","11","2","0","24","29.10.12"
"210313","69","Закарпатська область","сільська рада, зала засідань
вул.Духновича, 48А, с.Залужжя, Мукачівський р-н, Закарпатська обл., 89675","1368","662","1358","33","676","30","706","","0","676","30","706","20","686","526","14","4","52","15","33","2","5","35","29.10.12"
"210314","69","Закарпатська область","школа, спортивна зала
вул.Гойди, 2, с.Зняцьово, Мукачівський р-н, Закарпатська обл., 89650","1416","892","1396","21","506","18","524","","0","506","18","524","23","501","308","8","5","41","13","61","8","8","49","29.10.12"
"210315","69","Закарпатська область","школа, фойє
33, с.Драгиня, Мукачівський р-н, Закарпатська обл., 89650","408","235","409","0","173","0","173","","0","173","0","173","7","166","112","4","0","2","0","15","0","4","29","29.10.12"
"210316","69","Закарпатська область","сільський клуб, глядацька зала
16В, с.Кінлодь, Мукачівський р-н, Закарпатська обл., 89650","240","163","239","0","77","0","77","","0","77","0","77","1","76","51","3","1","4","2","2","0","2","11","28.10.12"
"210317","69","Закарпатська область","сільський клуб, глядацька зала
63А, с.Червеньово, Мукачівський р-н, Закарпатська обл., 89650","1472","870","1455","0","602","0","602","","0","602","0","602","20","582","359","21","3","41","7","66","3","7","75","29.10.12"
"210318","69","Закарпатська область","школа, кл.1
вул.Миру, 45, с.Зубівка, Мукачівський р-н, Закарпатська обл., 89674","624","270","618","2","352","2","354","","0","352","2","354","10","344","254","3","2","12","9","12","1","5","46","29.10.12"
"210319","69","Закарпатська область","сільська рада, зала засідань
вул.Миру, 15, с.Іванівці, Мукачівський р-н, Закарпатська обл., 89622","1016","525","1005","8","483","8","491","","0","483","8","491","17","474","277","5","8","22","25","69","3","15","50","29.10.12"
"210320","69","Закарпатська область","школа-сад, кл.2
вул.Миру, 121, с.Старе Давидково, Мукачівський р-н, Закарпатська обл., 89622","512","169","506","10","335","8","343","","0","335","8","343","9","334","203","12","3","16","11","41","0","7","41","28.10.12"
"210321","69","Закарпатська область","сільський клуб, глядацька зала
вул.Димитрова, 2, с.Клячаново, Мукачівський р-н, Закарпатська обл., 89622","1512","808","1497","22","688","16","704","","0","688","16","704","25","679","280","18","6","61","37","124","7","10","136","29.10.12"
"210322","69","Закарпатська область","сільська рада, зала засідань
вул.Шевченка, 2, с.Кальник, Мукачівський р-н, Закарпатська обл., 89633","648","222","635","30","397","29","426","","0","397","29","426","12","414","213","10","10","15","5","42","25","29","65","28.10.12"
"210323","69","Закарпатська область","сільський клуб, глядацька зала
вул.Центральна, 70, с.Медведівці, Мукачівський р-н, Закарпатська обл., 89633","336","161","329","17","158","17","175","","0","158","17","175","2","173","111","1","2","1","3","14","3","5","33","28.10.12"
"210324","69","Закарпатська область","сільський клуб, глядацька зала
63, с.Кузьмино, Мукачівський р-н, Закарпатська обл., 89633","224","84","217","18","123","17","140","","0","123","17","140","13","127","57","1","0","2","2","16","2","4","43","28.10.12"
"210325","69","Закарпатська область","сільський клуб, зала засідань
10А, с.Шкуратівці, Мукачіський р-н, Закарпатська обл., 89633","80","23","82","5","52","5","57","","0","52","5","57","2","55","47","0","0","0","0","2","0","1","5","28.10.12"
"210326","69","Закарпатська область","сільський клуб, глядацька зала
вул.Я.Мудрого, сільський клуб, с.Ключарки, Мукачівський р-н, Закарпатська обл., 89626","2088","1128","2060","36","929","31","960","","0","929","31","960","41","919","453","19","6","72","75","127","1","14","152","29.10.12"
"210327","69","Закарпатська область","сільський клуб, глядацька зала
вул.Миру, 94, с.Копинівці, Мукачівський р-н, Закарпатська обл., 89631","568","250","563","20","298","20","318","","0","298","20","318","1","317","265","2","0","15","0","10","0","0","25","28.10.12"
"210328","69","Закарпатська область","сільський клуб, глядацька зала
48А, с.Микулівці, Мукачівський р-н, Закарпатська обл., 89631","192","97","191","4","91","4","95","","0","91","4","95","2","93","59","7","2","5","3","7","3","1","6","29.10.12"
"210329","69","Закарпатська область","сільський клуб, глядацька зала
8А, с.Ростов’ятиця, Мукачівський р-н, Закарпатська обл., 89631","136","77","129","0","59","0","59","","0","59","0","59","1","58","50","1","0","1","1","2","2","1","0","29.10.12"
"210330","69","Закарпатська область","школа, навчальний клас
50А, с.Щасливе, Мукачівський р-н, Закарпатська обл., 89631","192","90","188","4","100","2","102","","0","100","2","102","1","101","58","4","1","1","3","14","3","1","16","29.10.12"
"210332","69","Закарпатська область","школа, актова зала
вул.Шкільна, 81А, с.Лалово, Мукачівський р-н, Закарпатська обл., 89664","728","331","715","23","379","18","397","","0","379","18","397","13","384","267","4","6","14","17","38","1","8","29","29.10.12"
"210333","69","Закарпатська область","школа, кл.2
вул.Пушкіна, 102, с.Березинка, Мукачівський р-н, Закарпатська обл., 89665","544","225","533","13","306","13","319","","0","306","13","319","5","314","179","9","4","17","13","57","1","8","26","28.10.12"
"210334","69","Закарпатська область","сільський клуб, глядацька зала
вул.Шевченка, 2, с.Лохово, Мукачівський р-н, Закарпатська обл., 89634","1112","424","1093","42","647","41","688","","0","647","41","688","6","682","594","6","4","13","3","21","0","5","36","28.10.12"
"210335","69","Закарпатська область","сільський клуб, глядацька зала
вул.Духновича, 30, с.Макарьово, Мукачівський р-н, Закарпатська обл., 89676","1304","718","1288","20","569","17","586","","0","569","17","586","27","559","361","23","4","39","14","31","2","6","79","29.10.12"
"210336","69","Закарпатська область","школа, спортивна зала
вул.Зелена, 2, с.Барбово, Мукачівський р-н, Закарпатська обл., 89677","800","449","797","24","334","17","351","","0","334","17","351","16","335","179","10","6","16","15","37","5","16","51","29.10.12"
"210337","69","Закарпатська область","школа, спортивна зала
вул.Набережна, 99, с.Нове Давидково, Мукачівський р-н, Закарпатська обл., 89624","2120","1165","2080","46","914","41","955","","0","914","41","955","35","920","593","21","5","48","45","124","2","8","74","29.10.12"
"210338","69","Закарпатська область","школа, їдальня
вул.ім.Івана Франка, школа, с.Нове Давидково, Мукачівський р-н, Закарпатська обл., 89624","976","525","982","7","444","7","451","","0","444","7","451","19","432","259","21","5","31","12","53","1","5","45","29.10.12"
"210339","69","Закарпатська область","сільська рада, зала засідань
вул.Колгоспна, 2, с.Нижній Коропець, Мукачівський р-н, Закарпатська обл., 89670","744","260","743","29","458","26","484","","0","458","26","484","10","474","211","26","1","18","9","135","0","3","71","29.10.12"
"210343","69","Закарпатська область","школа, кл.2
вул.Л.Українки, 89, с.Павшино, Мукачівський р-н, Закарпатська обл., 89627","760","309","749","13","439","12","451","","0","439","12","451","20","431","207","36","4","42","22","56","1","8","55","29.10.12"
"210344","69","Закарпатська область","сільська рада, зала урочистих подій
152, с.Пістрялово, Мукачівський р-н, Закарпатської обл., 89673","584","222","587","4","358","4","362","","0","358","4","362","9","353","263","10","2","12","11","20","0","4","31","30.10.12"
"210345","69","Закарпатська область","сільський клуб, глядацька зала
72В, с.Пузняківці, Мукачівський р-н, Закарпатська обл., 89630","416","108","411","35","273","35","308","","0","273","35","308","8","300","196","7","1","13","4","10","1","3","65","28.10.12"
"210347","69","Закарпатська область","сільський клуб, глядацька зала
40А, с.Тростяниця, Мукачівський р-н, Закарпатська обл., 89630","136","60","132","4","72","4","76","","0","72","4","76","2","74","57","2","2","1","0","5","1","0","6","28.10.12"
"210348","69","Закарпатська область","сільський клуб, глядацька зала
50А, с.Крите, Мукачівський р-н, Закарпатська обл., 89630","288","127","280","14","147","14","161","","0","147","14","161","5","156","127","1","1","13","4","1","0","2","7","29.10.12"
"210349","69","Закарпатська область","магазин СТ, торгова зала
7А, с.Герцівці, Мукачівський р-н, Закарпатська обл., 89630","56","11","56","3","42","3","45","","0","42","3","45","1","44","38","0","0","1","0","0","0","2","3","29.10.12"
"210350","69","Закарпатська область","будинок культури, глядацька зала
вул.Перемоги, 19, с.Ракошино, Мукачівський р-н, Закарпатська обл., 89620","2448","1605","2419","9","843","0","843","","0","843","0","843","42","801","288","269","8","40","41","55","4","12","84","29.10.12"
"210351","69","Закарпатська область","сільський клуб, глядацька зала
вул.Набережна, 61, с.Кайданово, Мукачівський р-н, Закарпатська обл., 89620","1136","653","1115","4","479","4","483","","0","479","4","483","28","455","282","31","7","40","13","35","3","4","40","29.10.12"
"210352","69","Закарпатська область","дитячий садок, актова зала
вул.Бенедиківська, 20, с.Бенедиківці, Мукачівський р-н, Закарпастька обл., 89620","520","255","512","0","265","0","265","","0","265","0","265","6","259","160","14","1","22","13","15","3","6","25","29.10.12"
"210353","69","Закарпатська область","школа, спортивна зала
вул.Борканюка, 32, с.Руське, Мукачівський р-н, Закарпатська обл., 89621","848","456","846","8","386","6","392","","0","386","6","392","17","375","238","19","7","27","17","31","0","18","18","29.10.12"
"210354","69","Закарпатська область","дитячий садок, актова зала
вул.Виноградна, 2, с.Чопівці, Мукачівський р-н, Закарпатська обл., 89620","312","155","309","4","153","4","157","","0","153","4","157","0","157","100","10","1","8","8","24","1","0","5","29.10.12"
"210355","69","Закарпатська область","сільський клуб, глядацька зала
вул.Ракоці Ференца, 109, с.Серне, Мукачівський р-н, Закарпатська обл., 89653","1560","961","1550","45","554","45","599","","0","554","45","599","36","563","196","233","4","5","6","3","3","4","109","29.10.12"
"210356","69","Закарпатська область","сільський клуб, глядацька зала
вул.І.Сечені, сільський клуб, с.Баркасово, Мукачівський р-н, Закарпатська обл., 89654","1616","794","1604","48","774","48","822","","0","774","48","822","20","802","166","144","7","11","5","8","3","7","451","30.10.12"
"210357","69","Закарпатська область","сільський клуб, глядацька зала
278, с.Станово, Мукачівський р-н, Закарпатська обл., 89668","776","302","758","25","449","25","474","","0","449","25","474","10","464","346","2","1","44","4","16","1","3","47","29.10.12"
"210358","69","Закарпатська область","сільський клуб, глядацька зала
46, с.Гандеровиця, Мукачівський р-н, Закарпатська обл., 89668","192","63","192","8","121","8","129","","0","121","8","129","3","126","85","5","0","4","0","7","1","1","23","29.10.12"
"210359","69","Закарпатська область","школа, фойє
вул.Центральна, 199А, с.Страбичово, Мукачівський р-н, Закарпатська обл., 89655","1224","753","1210","28","446","25","471","","0","446","25","471","21","450","242","16","7","43","18","68","6","27","23","29.10.12"
"210360","69","Закарпатська область","школа, їдальня
вул.Центральна, 199А, с.Страбичово, Мукачівський р-н, Закарпатська обл., 89655","1424","871","1407","15","539","14","553","","0","539","14","553","31","522","263","44","6","37","24","72","2","21","53","29.10.12"
"210361","69","Закарпатська область","сільський клуб, читальна зала
вул.Беке, 154, с.Форнош, Мукачівський р-н, Закарпатська обл., 89672","1112","540","1100","5","567","5","572","","0","567","5","572","33","539","198","241","3","3","2","5","0","1","86","29.10.12"
"210362","69","Закарпатська область","будинок культури, глядацька зала
вул.Миру, 95, с.Чомонин, Мукачівський р-н, Закарпатська обл., 89652","1816","984","1798","0","832","0","832","","0","832","0","832","39","793","458","310","1","3","0","5","2","3","11","29.10.12"
"210363","69","Закарпатська область","сільська рада, зала засідань
вул.Голована, 6, с.Шенборн, Мукачівський р-н, Закарпатська обл., 89670","328","114","324","2","213","1","214","","0","213","1","214","4","210","147","14","2","11","7","6","2","6","15","28.10.12"
"210364","69","Закарпатська область","дитячий садок, к.2
вул.Миру, 50, с.Яблунів, Мукачівський р-н, Закарпатська обл., 89666","496","215","488","17","264","17","281","","0","264","17","281","4","277","206","8","1","16","4","28","0","6","8","29.10.12"
"210365","69","Закарпатська область","школа, кл.2
вул.Шевченка, 16, с.Новоселиця, Мукачівський р-н, Закарпатська обл., 89666","216","52","220","4","160","4","164","","0","160","4","164","3","161","108","4","0","12","4","2","0","0","31","29.10.12"
"210677","69","Закарпатська область","школа №13, фойє
вул.Росвигівська, 13, м.Мукачеве, Закарпатська обл., 89600","2504","1392","2470","4","1109","3","1112","","0","1109","3","1112","30","1082","395","43","14","91","100","166","5","63","205","29.10.12"
"210678","69","Закарпатська область","школа №11, фойє
вул.Осипенка, 58, м.Мукачеве, Закарпатська обл., 89600","2424","1230","2399","3","1193","1","1194","","0","1193","1","1194","34","1160","455","59","16","93","78","269","8","43","139","29.10.12"
"210679","69","Закарпатська область","професійний ліцей, фойє
вул.Яна Амоса Коменського, 64, м.Мукачеве, Закарпатська обл., 89600","2464","1228","2435","7","1232","4","1236","","0","1232","4","1236","35","1201","535","82","17","83","109","226","8","28","113","29.10.12"
"210680","69","Закарпатська область","дошкільний навчальний заклад №34, музична зала
вул.Генерала Петрова, 10, м.Мукачеве, Закарпатська обл., 89600","1936","1046","1906","3","888","2","890","","0","888","2","890","31","859","313","47","12","62","34","245","6","21","119","29.10.12"
"210681","69","Закарпатська область","дошкільний навчальний заклад №8, музична зала
вул.Генерала Петрова, 18, м.Мукачеве, Закарпатська обл., 89600","2224","1178","2201","8","1040","6","1046","","0","1040","6","1046","27","1019","382","44","12","68","89","249","6","49","120","29.10.12"
"210682","69","Закарпатська область","гуманітарно-педагогічний коледж МДУ, спортивна зала
вул.Яна Амоса Коменського, 59, м.Мукачеве, Закарпатська обл., 89600","2376","1298","2358","1","1077","1","1078","","0","1077","1","1078","37","1041","447","30","24","106","113","195","4","24","98","29.10.12"
"210683","69","Закарпатська область","навчально-виховний комплекс ""Гармонія"", спортивна зала
вул.Ужгородська, 27, м.Мукачеве, Закарпатська обл., 89600","2328","1165","2300","15","1149","14","1163","","0","1149","14","1163","48","1115","430","128","56","76","85","205","5","14","116","29.10.12"
"210684","69","Закарпатська область","дошкільний навчальний заклад №33, музична зала
вул.Підопригори, 3, м.Мукачеве, Закарпатська обл., 89600","2440","1282","2419","10","1149","9","1158","","0","1149","9","1158","52","1106","436","59","19","107","115","147","5","48","170","29.10.12"
"210685","69","Закарпатська область","будинок культури, літературна кімната
пл.Миру, 12, м.Мукачеве, Закарпатська обл., 89600","1272","653","1254","6","615","4","619","","0","615","4","619","28","591","234","77","15","44","59","63","2","20","77","29.10.12"
"210686","69","Закарпатська область","школа №3, зала засідань
вул.Миру, 17, м.Мукачеве, Закарпатська обл., 89600","904","508","886","1","396","0","396","","0","396","0","396","14","382","145","51","10","26","28","50","3","17","52","30.10.12"
"210687","69","Закарпатська область","ліцей з посиленою військово-фізичною підготовкою, актова зала
вул.Духновича, 17, м.Мукачеве, Закарпатська обл., 89600","1248","695","1234","5","550","3","553","","0","550","3","553","21","532","200","67","7","43","40","84","6","25","60","28.10.12"
"210688","69","Закарпатська область","дитячо-юнацька спортивна школа, спортивна зала
вул.Духновича, 93, м.Мукачеве, Закарпатська обл., 89600","1696","841","1685","12","848","7","855","","0","848","7","855","24","831","334","123","8","64","65","150","6","20","61","29.10.12"
"210689","69","Закарпатська область","ВАТ ""МЗЗВіК"", їдальня
вул.Духновича, 105, м.Мукачеве, Закарпатська обл., 89600","1376","788","1357","1","587","1","588","","0","587","1","588","21","567","171","39","24","54","42","107","5","26","99","30.10.12"
"210690","69","Закарпатська область","школа №6, актова зала
вул.Підгорянська, 76, м.Мукачеве, Закарпатська обл., 89600","2016","1074","1985","7","935","7","942","","0","935","7","942","42","900","343","38","14","67","81","253","7","15","82","29.10.12"
"210691","69","Закарпатська область","дошкільний навчальний заклад №18, зала фізичного виховання
вул.Індустріальна, 19, м.Мукачеве, Закарпатська обл., 89600","1952","1046","1919","5","903","3","906","","0","903","3","906","48","858","261","49","12","56","94","203","6","38","139","29.10.12"
"210692","69","Закарпатська область","гуртожиток ВАТ ""МТФ ""Мрія"", актова зала
вул.Індустріальна, 35А, м.Мукачеве, Закарпатська обл., 89600","2192","1217","2171","7","970","5","975","","0","970","5","975","40","935","382","29","16","73","100","226","5","29","75","29.10.12"
"210693","69","Закарпатська область","професійний ліцей сфери послуг, фойє
вул.Михайла Токаря, 71, м.Мукачеве, Закарпатська обл., 89600","1552","904","1529","4","644","4","648","","0","644","4","648","26","622","245","69","8","53","69","107","0","15","56","29.10.12"
"210694","69","Закарпатська область","вище професійне училище №3, бібліотека
вул.Кооперативна, 2, м.Мукачеве, Закарпатська обл., 89600","1520","908","1504","1","612","0","612","","0","612","0","612","20","592","242","31","13","58","50","112","5","17","64","28.10.12"
"210695","69","Закарпатська область","професійний ліцей, фойє
вул.Івана Франка-бічна, 18, м.Мукачеве, Закарпатська обл., 89600","1496","998","1483","0","498","0","498","","0","498","0","498","12","486","199","20","39","44","42","77","4","15","46","29.10.12"
"210696","69","Закарпатська область","дошкільний навчальний заклад №9, кімната середньої групи
вул.Івана Франка, 65, м.Мукачеве, Закарпатська обл., 89600","2104","1431","2084","2","671","2","673","","0","671","2","673","71","602","482","26","14","12","25","26","2","1","14","29.10.12"
"210697","69","Закарпатська область","школа №2, спортивна зала
вул.Академіка Павлова, 14, м.Мукачеве, Закарпатська обл., 89600","544","274","528","3","267","3","270","","0","267","3","270","7","263","112","54","5","11","27","18","2","11","23","29.10.12"
"210698","69","Закарпатська область","гімназія, актова зала
вул.Королеви Єлизавети, 22, м.Мукачеве, Закарпатська обл., 89600","1680","969","1652","2","709","2","711","","0","709","2","711","19","692","278","73","7","60","66","86","3","27","92","29.10.12"
"210699","69","Закарпатська область","будинок школярів, актова зала
вул.Івана Маргітича, 11, м.Мукачеве, Закарпатська обл., 89600","1528","826","1531","7","695","7","702","","0","695","7","702","17","685","234","66","12","48","73","95","4","41","112","29.10.12"
"210700","69","Закарпатська область","кооперативний торгово-економічний коледж, спортивна зала
вул.Ярослава Мудрого, 40, м.Мукачеве, Закарпатська обл., 89600","1160","573","1152","13","577","10","587","","0","577","10","587","6","581","240","75","4","58","54","76","4","16","54","29.10.12"
"210701","69","Закарпатська область","локомотивне депо станції Мукачеве, зала засідань
вул.Крилова, 1, м.Мукачеве, Закарпатська обл., 89600","2136","1396","2098","2","739","1","740","","0","739","1","740","32","708","285","87","9","65","72","105","5","14","66","29.10.12"
"210702","69","Закарпатська область","дошкільний навчальний заклад №28, музична зала
вул.Комунарів, 6, м.Мукачеве, Закарпатська обл., 89600","2360","1313","2350","11","1041","6","1047","","0","1041","6","1047","46","1001","322","80","15","87","79","145","7","52","214","29.10.12"
"210703","69","Закарпатська область","школа №16, спортивна зала
вул.Тараса Шевченка, 68, м.Мукачеве, Закарпатська обл., 89600","1872","932","1862","10","932","8","940","","0","932","8","940","33","907","239","73","10","112","78","99","6","89","201","29.10.12"
"210704","69","Закарпатська область","спеціалізована школа №4, спортивна зала
вул.Ілони Зріні, 34, м.Мукачеве, Закарпатська обл., 89600","1880","1051","1847","2","827","2","829","","0","827","2","829","26","803","253","85","4","68","70","91","8","56","168","29.10.12"
"210705","69","Закарпатська область","школа №10, фойє
вул.Драгоманова, 66, м.Мукачеве, Закарпатська обл., 89600","2168","1102","2138","8","1059","7","1066","","0","1059","7","1066","32","1034","317","91","17","101","90","122","6","59","231","29.10.12"
"210706","69","Закарпатська область","спеціальна школа-інтернат, актова зала
вул.Димитрова, 4, м.Мукачеве, Закарпатська обл., 89600","1624","812","1602","7","806","6","812","","0","806","6","812","26","786","269","69","19","59","73","124","2","29","142","29.10.12"
"210707","69","Закарпатська область","школа №8, актова зала
вул.Першотравнева Набережна, 9А, м.Мукачеве, Закарпатська обл., 89600","1552","829","1531","8","716","7","723","","0","715","7","722","36","686","226","63","11","60","54","126","6","18","122","30.10.12"
"210708","69","Закарпатська область","школа №7, фойє
вул.Комарова, 35, м.Мукачеве, Закарпатська обл., 89600","1640","971","1636","12","659","10","669","","0","659","10","669","19","650","256","45","2","59","84","102","4","16","82","29.10.12"
"210709","69","Закарпатська область","центр культури і відпочинку ""Паланок"", концертна зала
вул.Графа фон Шенборна, 4, м.Мукачеве, Закарпатська обл., 89600","1624","853","1603","7","770","1","771","","0","770","1","771","22","749","271","73","10","64","82","144","3","14","88","29.10.12"
"210710","69","Закарпатська область","дитяча школа мистецтв №1, хореографічна зала
вул.Горького, 2, м.Мукачеве, Закарпатська обл., 89600","1360","590","1357","5","766","4","770","","0","766","4","770","29","741","277","54","19","91","80","66","7","49","98","29.10.12"
"210711","69","Закарпатська область","навчально-виховний комплекс ""Первоцвіт"", фойє
вул.Космонавтів, 31, м.Мукачеве, Закарпатська обл., 89600","904","433","899","4","468","3","471","","0","468","3","471","10","461","169","5","1","28","66","26","0","23","143","29.10.12"
"210712","69","Закарпатська область","Мукачівська центральна районна лікарня, актова зала
вул.Пирогова, 8-13, м.Мукачеве, Закарпатська обл., 89600","808","221","595","150","443","144","587","","0","443","144","587","11","576","520","15","1","8","12","6","1","1","12","29.10.12"
