"№ ВД","OBO","Назва регіону України","Місцезнаходження та адреса приміщення для голосування","1) К-сть одержаних бюлетенів","2) К-сть невикористаних бюлетенів","3) К-сть виборців, внесених до списку виборців","4) К-сть виборців, внесених до витягу зі списку виборців","5) К-сть виборців, які отримали бюлетені у приміщенні","6) К-сть виборців, які отримали за місцем перебування","7) Сумарна к-сть виборців, які отримали бюлетені","8) К-сть бюлетенів, що виявилися у кожній скринці","9) К-сть бюлетенів, що не підлягають врахуванню","10) К-сть виборців, які взяли участь у голос. у приміщенні для гол.","11) К-сть виборців, які взяли участь у голос. за місцем перебування","12) К-сть виборців, які взяли участь у голосуванні на виборчій дільниці","13) К-сть бюлетенів, визнаних недійсними","14) Сумарна к-сть голосів виборців ЗА","Вовк
Василь
Васильович","Галушко
Леонід
Володимирович","Джига
Микола
Васильович","Коваль
Катерина
Петрівна","Ковальов
Володимир
Аркадійович","Мельник
Світлана
Миколаївна","Продан
Сергій
Олександрович","Рекало
Олександр
Анатолійович","Стус
Олександр
Іванович","Третьяков
Олександр
Миколайович","Дата підписання протоколу"
"050721","15","Вінницька область","сільський будинок культури, приміщення для засідань
вул.40-річчя Перемоги, 22, с.Бахтин, Мурованокуриловецький р-н, Вінницька обл., 23412","336","81","328","26","230","25","255","","0","230","25","255","4","251","128","5","86","0","9","18","2","1","0","2","29.10.12"
"050722","15","Вінницька область","бібліотека, каб.1
вул.Кооперативна, 7, с.Бахтинок, Мурованокуриловецький р-н, Вінницька обл., 23412","84","17","83","7","60","7","67","","0","60","7","67","1","66","29","0","21","3","5","6","0","2","0","0","29.10.12"
"050723","15","Вінницька область","сільський клуб-бібліотека, глядацька зала
вул.Ентузіастів, 7, с.Воронівці, Мурованокуриловецький р-н, Вінницька обл., 23412","138","33","137","4","101","4","105","","0","101","4","105","1","104","32","1","47","2","9","4","3","2","0","4","31.10.12"
"050724","15","Вінницька область","сільський клуб, глядацька зала
вул.Коцюбинського, 12, с.Новосілка, Мурованокуриловецький р-н, Вінницька обл., 23412","78","12","79","5","61","5","66","","0","61","5","66","1","65","11","0","28","1","8","16","0","0","1","0","29.10.12"
"050725","15","Вінницька область","сільський будинок культури, обрядова кімната
вул.Гагаріна, 9, с.Вербовець, Мурованокуриловецький р-н, Вінницька обл., 23420","396","149","392","2","245","2","247","","0","245","2","247","7","240","138","2","76","6","1","0","3","0","0","14","29.10.12"
"050726","15","Вінницька область","сільський клуб, глядацька зала
вул.Головна, 5, с.Виноградне, Мурованокуриловецький р-н, Вінницька обл., 23421","396","145","390","25","227","24","251","","0","227","24","251","2","249","109","3","109","1","7","6","10","0","0","4","28.10.12"
"050727","15","Вінницька область","школа, вестибюль
вул.Жовтнева, 4, с.Вищеольчедаїв, Мурованокуриловецький р-н, Вінницька обл., 23432","930","293","918","30","607","30","637","","0","607","30","637","17","620","274","2","301","1","9","13","8","5","2","5","29.10.12"
"050728","15","Вінницька область","лікарня, коридор, каб.1, каб.2
пров.Єпіфанова, 3, с.Вищеольчедаїв, Мурованокуриловецький р-н, Вінницька обл., 23432","564","193","564","5","366","5","371","","0","366","5","371","8","363","191","4","133","3","7","9","13","0","0","3","29.10.12"
"050729","15","Вінницька область","дозвіллєвий центр, зал для дискотек
вул.Леніна, 2, с.Галайківці, Мурованокуриловецький р-н, Вінницька обл., 23423","642","207","632","38","397","38","435","","0","397","38","435","12","423","169","3","228","5","6","8","2","1","0","1","30.10.12"
"050730","15","Вінницька область","сільський клуб, глядацька зала
вул.Леніна, 25, с.Володимирівка, Мурованокуриловецький р-н, Вінницька обл., 23423","90","20","90","10","60","10","70","","0","60","10","70","3","67","31","0","31","3","0","0","1","0","0","1","29.10.12"
"050731","15","Вінницька область","сільський будинок культури, глядацька зала
вул.Молодіжна, 3, с.Дерешова, Мурованокуриловецький р-н, Вінницька обл., 23414","348","82","347","17","249","17","266","","0","249","17","266","6","260","76","0","151","0","12","6","7","0","1","7","29.10.12"
"050732","15","Вінницька область","сільський клуб-бібліотека, кімната гурткової роботи
вул.Леніна, 54, с.Долиняни, Мурованокуриловецький р-н, Вінницька обл., 23415","318","107","310","4","207","4","211","","0","207","4","211","4","207","85","2","99","1","4","9","1","0","1","5","29.10.12"
"050733","15","Вінницька область","сільський клуб-бібліотека, бібліотека
вул.Леніна, 14, с.Кривохижинці, Мурованокуриловецький р-н, Вінницька обл., 23415","138","61","129","1","76","1","77","","0","76","1","77","4","73","37","1","34","0","0","0","0","0","0","1","29.10.12"
"050734","15","Вінницька область","сільський будинок культури, глядацька зала
вул.Леніна, 1, с.Жван, Мурованокуриловецький р-н, Вінницька обл., 23424","630","223","614","20","390","17","407","","0","390","17","407","21","386","187","2","157","3","4","18","8","0","2","5","30.10.12"
"050735","15","Вінницька область","сільська рада, зал засідань
вул.Леніна, 23, с.Конищів, Мурованокуриловецький р-н, Вінницька обл., 23410","642","178","624","48","418","46","464","","0","418","46","464","12","452","209","4","194","2","7","19","8","4","1","4","29.10.12"
"050736","15","Вінницька область","сільський клуб-бібліотека, зал
вул.Леніна, 18, с.Знаменівка, Мурованокуриловецький р-н, Вінницька обл., 23410","276","58","273","15","204","14","218","","0","204","14","218","6","212","76","1","126","3","4","1","1","0","0","0","29.10.12"
"050737","15","Вінницька область","сільський клуб-бібліотека, зал
вул.Леніна, 52, с.Ягідне, Мурованокуриловецький р-н, Вінницька обл., 23410","84","18","78","6","60","6","66","","0","60","6","66","2","64","25","2","37","0","0","0","0","0","0","0","29.10.12"
"050738","15","Вінницька область","сільський будинок культури, глядацька зала
вул.Леніна, 33, с.Котюжани, Мурованокуриловецький р-н, Вінницька обл., 23440","702","202","693","46","457","43","500","","0","457","43","500","19","481","112","11","301","5","12","32","0","0","0","8","28.10.12"
"050739","15","Вінницька область","сільський будинок культури, глядацька зала
вул.Леніна, 82, с.Курашівці, Мурованокуриловецький р-н, Вінницька обл., 23430","432","127","425","36","271","34","305","","0","271","34","305","15","290","99","5","133","6","13","12","13","2","0","7","29.10.12"
"050740","15","Вінницька область","сільський клуб, сцена, глядацька зала
вул.Леніна, 16, с.Посухів, Мурованокуриловецький р-н, Вінницька обл., 23430","192","38","192","11","147","7","154","","0","147","7","154","4","150","73","1","56","2","2","6","4","1","3","2","30.10.12"
"050741","15","Вінницька область","сільська рада, зала засідань
вул.Леніна, 5, с.Лучинець, Мурованокуриловецький р-н, Вінницька обл., 23453","588","231","572","29","329","28","357","","0","329","28","357","11","346","174","8","128","3","3","18","6","2","0","4","29.10.12"
"050742","15","Вінницька область","школа, актова зала
вул.Свердлова, 3, с.Лучинчик, Мурованокуриловецький р-н, Вінницька обл., 23452","588","207","579","0","381","0","381","","0","381","0","381","9","372","134","4","186","6","16","16","6","1","1","2","29.10.12"
"050743","15","Вінницька область","сільський будинок культури, глядацька зала
вул.Леніна, 36, с.Михайлівці, Мурованокуриловецький р-н, Вінницька обл., 23411","714","206","711","50","461","47","508","","0","461","47","508","8","500","216","15","219","6","10","10","17","2","2","3","29.10.12"
"050744","15","Вінницька область","школа, коридор
вул.Зої Космодем’янської, 18, с.Морозівка, Мурованокуриловецький р-н, Вінницька обл., 23433","486","191","483","1","294","1","295","","0","294","1","295","11","284","117","2","126","3","5","13","8","3","2","5","31.10.12"
"050745","15","Вінницька область","школа №2, спортивний зал
вул.Леніна, 72, смт Муровані Курилівці, Мурованокуриловецький р-н, Вінницька обл., 23400","1608","834","1573","15","761","13","774","","0","761","13","774","34","740","211","6","316","34","27","30","67","13","2","34","29.10.12"
"050746","15","Вінницька область","районний будинок культури, картинна галерея
вул.Леніна, 78, смт Муровані Курилівці, Мурованокуриловецький р-н, Вінницька обл., 23400","1734","743","1696","15","978","13","991","","0","978","13","991","23","968","321","9","378","47","34","23","113","10","1","32","29.10.12"
"050747","15","Вінницька область","школа-гімназія №1, коридор
вул.О.Кошового, 2, смт Муровані Курилівці, Мурованокуриловецький р-н, Вінницька обл., 23400","1584","648","1544","6","930","6","936","","0","930","6","936","22","914","318","1","337","45","31","34","96","8","0","44","29.10.12"
"050748","15","Вінницька область","сільський клуб, глядацька зала
вул.Леніна, 91, с.Наддністрянське, Мурованокуриловецький р-н, Вінницька обл., 23422","594","195","578","50","349","50","399","","0","349","50","399","24","375","152","8","187","8","2","11","1","3","0","3","29.10.12"
"050749","15","Вінницька область","сільський будинок культури, глядацька зала
вул.Гагаріна, 28, с.Немерче, Мурованокуриловецький р-н, Вінницька обл., 23450","594","242","584","13","339","13","352","","0","339","13","352","13","339","100","5","193","12","7","8","7","6","0","1","29.10.12"
"050750","15","Вінницька область","сільський клуб-бібліотека, хол
вул.Радянська, 1, с.Вінож, Мурованокуриловецький р-н, Вінницька обл., 23450","246","89","236","22","135","22","157","","0","135","22","157","3","154","51","0","91","1","6","0","0","1","0","4","29.10.12"
"050751","15","Вінницька область","школа, актова зала
вул.Шкільна, 13, с.Обухів, Мурованокуриловецький р-н, Вінницька обл., 23441","864","352","856","23","491","21","512","","0","491","21","512","20","492","170","7","240","11","17","25","10","4","2","6","28.10.12"
"050752","15","Вінницька область","сільський клуб-бібліотека, глядацька зала
вул.Леніна, 31, с.Петрівка, Мурованокуриловецький р-н, Вінницька обл., 23441","210","31","211","9","170","9","179","","0","170","9","179","7","172","103","2","61","0","0","3","1","0","0","2","29.10.12"
"050753","15","Вінницька область","школа, їдальня
вул.Леніна, 33, с.Привітне, Мурованокуриловецький р-н, Вінницька обл., 23443","372","129","364","32","211","32","243","","0","211","32","243","12","231","91","1","116","3","2","7","5","0","0","6","29.10.12"
"050754","15","Вінницька область","сільський клуб-бібліотека, глядацька зала
вул.40-річчя Перемоги, 1, с.Петримани, Мурованокуриловецький р-н, Вінницька обл., 23413","150","47","150","2","101","2","103","","0","101","2","103","3","100","33","2","46","3","7","2","2","0","0","5","29.10.12"
"050755","15","Вінницька область","сільський клуб-бібліотека, глядацька зала
вул.Леніна, 13, с.Житники, Мурованокуриловецький р-н, Вінницька обл., 23413","210","66","203","15","131","13","144","","0","131","13","144","4","140","56","2","58","3","3","10","4","0","0","4","29.10.12"
"050756","15","Вінницька область","фельдшерсько-акушерський пункт, коридор, оглядова кімната
вул.Київська, 10, с-ще Свидова, Мурованокуриловецький р-н, Вінницька обл., 23413","78","19","76","15","45","14","59","","0","45","14","59","2","57","15","0","38","0","0","3","1","0","0","0","29.10.12"
"050757","15","Вінницька область","сільський будинок культури, глядацька зала
вул.Коцюбинського, 4, с.Плоске, Мурованокуриловецький р-н, Вінницька обл., 23454","156","44","151","4","108","4","112","","0","108","4","112","4","108","57","2","35","6","1","5","1","1","0","0","28.10.12"
"050758","15","Вінницька область","сільський клуб-бібліотека, глядацька зала
вул.Шевченка, 3, с.Плоске, Мурованокуриловецький р-н, Вінницька обл., 23454","144","38","136","9","97","9","106","","0","97","9","106","5","101","60","1","29","1","3","5","0","0","1","1","29.10.12"
"050759","15","Вінницька область","сільський клуб-бібліотека, глядацька зала
вул.Леніна, 41, с.Попелюхи, Мурованокуриловецький р-н, Вінницька обл., 23434","276","71","276","15","190","15","205","","0","190","15","205","4","201","57","0","119","3","4","11","4","0","2","1","29.10.12"
"050760","15","Вінницька область","сільський клуб-бібліотека, глядацька зала
вул.Щорса, 5, с.Біляни, Мурованокуриловецький р-н, Вінницька обл., 23434","162","50","162","6","106","6","112","","0","106","6","112","2","110","50","1","52","3","0","0","1","0","0","3","29.10.12"
"050761","15","Вінницька область","сільський будинок культури, приміщення для засідань
вул.Жовтнева, 4, с.Рівне, Мурованокуриловецький р-н, Вінницька обл., 23425","678","146","679","36","496","36","532","","0","496","36","532","8","524","267","5","226","5","4","4","8","1","0","4","30.10.12"
"050762","15","Вінницька область","сільський клуб-бібліотека, бібліотека
вул.Перемоги, 1, с.Нишівці, Мурованокуриловецький р-н, Вінницька обл., 23426","264","67","263","14","183","14","197","","0","183","14","197","7","190","81","1","75","3","13","10","4","2","0","1","29.10.12"
"050763","15","Вінницька область","сільський клуб, глядацька зала
вул.Леніна, 15, с.Роздолівка, Мурованокуриловецький р-н, Вінницька обл., 23406","546","167","540","15","364","15","379","","0","364","15","379","9","370","143","4","165","11","8","11","17","2","1","8","29.10.12"
"050764","15","Вінницька область","сільський будинок культури, глядацька зала
вул.Київська, 40, с.Дружба, Мурованокуриловецький р-н, Вінницька обл., 23407","498","133","480","32","333","32","365","","0","333","32","365","7","358","147","3","147","5","14","18","14","3","2","5","29.10.12"
"050765","15","Вінницька область","школа, спортивний зал
вул.Леніна, 14, с.Перекоринці, Мурованокуриловецький р-н, Вінницька обл., 23406","264","88","259","11","165","11","176","","0","165","11","176","14","162","50","2","64","7","8","10","13","1","2","5","29.10.12"
"050766","15","Вінницька область","сільський будинок культури, вестибюль
вул.Шевченка, 59, с.Снітків, Мурованокуриловецький р-н, Вінницька обл., 23417","516","175","506","39","311","30","341","","0","311","30","341","5","336","178","2","130","3","6","5","9","1","1","1","29.10.12"
"050767","15","Вінницька область","сільський клуб-бібліотека, глядацька зала
вул.Жовтнева, 4, с.Степанки, Мурованокуриловецький р-н, Вінницька обл., 23444","324","112","317","17","195","17","212","","0","195","17","212","10","202","83","8","72","8","13","14","2","1","1","0","29.10.12"
"050768","15","Вінницька область","фельдшерсько-акушерський пункт, оглядова
вул.Леніна, 6, с.Горай, Мурованокуриловецький р-н, Вінницька обл., 23444","192","56","192","15","121","15","136","","0","121","15","136","2","134","61","2","45","6","3","7","4","2","0","4","29.10.12"
"050769","15","Вінницька область","центральна районна лікарня, зал засідань
вул.Жовтнева, 87, смт Муровані Курилівці, Мурованокуриловецький р-н, Вінницька обл., 23400","144","105","44","23","21","18","39","","0","21","18","39","3","36","9","1","20","2","2","0","1","0","0","1","31.10.12"
"051095","15","Вінницька область","районний будинок культури, зал
вул.Черняховського, 5, смт Томашпіль, Томашпільський р-н, Вінницька обл., 24200","2184","855","2160","78","1293","36","1329","","0","1293","36","1329","64","1265","405","12","453","185","9","83","96","15","6","1","29.10.12"
"051096","15","Вінницька область","районна дитячо-юнацька спортивна школа, спортивний зал
вул.Леніна, 6, смт Томашпіль, Томашпільський р-н, Вінницька обл., 24200","1224","535","1200","30","670","19","689","","0","670","19","689","32","657","182","8","273","79","17","29","55","8","3","3","29.10.12"
"051097","15","Вінницька область","районна санітарно-епідеміологічна станція, зал засідань
вул.Леніна, 105, смт Томашпіль, Томашпільський р-н, Вінницька обл., 24200","1266","506","1251","29","733","27","760","","0","733","27","760","47","713","196","19","335","73","9","34","28","9","1","9","29.10.12"
"051098","15","Вінницька область","школа №1, актовий зал
вул.Островського, 2, смт Вапнярка, Томашпільський р-н, Вінницька обл., 24240","2214","1023","2188","47","1152","39","1191","","0","1152","39","1191","62","1129","384","17","283","68","29","126","176","17","8","21","29.10.12"
"051099","15","Вінницька область","будинок культури, фойє
вул.Гагаріна, 6, смт Вапнярка, Томашпільський р-н, Вінницька обл., 24240","1494","674","1474","24","801","19","820","","0","801","19","820","41","779","308","19","165","54","24","63","114","12","7","13","29.10.12"
"051100","15","Вінницька область","школа №2, актовий зал
вул.Шевченка, 56, смт Вапнярка, Томашпільський р-н, Вінницька обл., 24240","1242","478","1232","37","732","32","764","","0","732","32","764","33","731","319","7","187","49","11","54","93","3","6","2","30.10.12"
"051101","15","Вінницька область","школа №3, фойє
Військове містечко, буд.145, смт Вапнярка, Томашпільський р-н, Вінницька обл., 24240","1410","734","1378","13","663","13","676","","0","663","13","676","46","630","202","4","190","58","22","41","106","2","3","2","29.10.12"
"051102","15","Вінницька область","будинок культури, зал
вул.Миру, 60, с.Антонівка, Томашпільський р-н, Вінницька обл., 24213","972","321","963","81","578","73","651","","0","578","73","651","32","619","324","8","189","23","7","33","27","5","1","2","28.10.12"
"051103","15","Вінницька область","будинок культури, фойє
вул.Кірова, 13, с.Велика Русава, Томашпільський р-н, Вінницька обл., 24210","978","446","977","28","508","24","532","","0","508","24","532","24","508","139","7","210","83","5","48","12","1","2","1","29.10.12"
"051104","15","Вінницька область","будинок культури, актовий зал
вул.Комсомольська, 2, с.Вербова, Томашпільський р-н, Вінницька обл., 24246","378","140","377","17","221","17","238","","0","221","17","238","9","229","126","5","70","4","2","17","4","0","0","1","28.10.12"
"051105","15","Вінницька область","будинок культури, зал
вул.Леніна, 24, с.Вила, Томашпільський р-н, Вінницька обл., 24214","642","170","634","36","439","33","472","","0","439","33","472","26","446","117","8","199","12","5","21","78","3","2","1","29.10.12"
"051106","15","Вінницька область","будинок культури, зал
вул.Леніна, 47, с.Високе, Томашпільський р-н, Вінницька обл., 24247","606","180","598","22","408","18","426","","0","408","18","426","24","402","188","4","28","11","4","140","18","0","2","7","30.10.12"
"051107","15","Вінницька область","будинок культури, зал
вул.Леніна, 13, с.Гнатків, Томашпільський р-н, Вінницька обл., 24232","1386","506","1368","50","837","43","880","","0","836","43","879","21","858","318","5","311","133","11","47","22","6","0","5","29.10.12"
"051108","15","Вінницька область","будинок культури, зал
вул.Леніна, 30, с.Горишківка, Томашпільський р-н, Вінницька обл., 24221","318","107","315","23","195","16","211","","0","195","16","211","8","203","53","7","98","22","3","17","2","1","0","0","29.10.12"
"051109","15","Вінницька область","будинок культури, зал
вул.Нагірняка, 2, с.Жолоби, Томашпільський р-н, Вінницька обл., 24224","210","54","203","29","131","25","156","","0","131","25","156","10","146","40","1","55","6","0","37","5","0","1","1","29.10.12"
"051110","15","Вінницька область","будинок культури, зал
вул.Комсомольська, 87, с.Кислицьке, Томашпільський р-н, Вінницька обл., 24226","456","132","453","30","298","26","324","","0","298","26","324","13","311","141","3","109","3","14","21","12","5","1","2","28.10.12"
"051111","15","Вінницька область","клуб-бібліотека, зал
вул.Леніна, 56В, с.Колоденка, Томашпільський р-н, Вінницька обл., 24245","408","153","409","20","236","19","255","","0","236","19","255","6","249","97","2","86","26","4","22","8","3","0","1","28.10.12"
"051112","15","Вінницька область","будинок культури, зал
вул.Леніна, 62, с.Комаргород, Томашпільський р-н, Вінницька обл., 24225","1566","652","1556","83","839","75","914","","0","839","75","914","84","830","278","12","286","130","20","70","25","2","2","5","29.10.12"
"051113","15","Вінницька область","будинок культури, зал
вул.Леніна, 3, с.Липівка, Томашпільський р-н, Вінницька обл., 24205","1056","393","1044","31","632","31","663","","0","632","31","663","19","644","155","3","77","253","14","123","15","2","1","1","29.10.12"
"051114","15","Вінницька область","будинок культури, зал
вул.Івана Орлика, 1, с.Яришівка, Томашпільський р-н, Вінницька обл., 24206","1164","472","1159","42","652","40","692","","0","652","40","692","40","652","218","15","188","120","3","73","24","4","2","5","28.10.12"
"051115","15","Вінницька область","будинок культури, зал
вул.Шкільна, 46, с.Марківка, Томашпільський р-н, Вінницька обл., 24248","360","112","349","4","244","4","248","","0","244","4","248","16","232","43","8","107","21","2","34","9","3","1","4","28.10.12"
"051116","15","Вінницька область","клуб-бібліотека, зал
вул.Комсомольська, 6, с.Антопіль, Томашпільський р-н, Вінницька обл., 24249","294","96","292","16","183","15","198","","0","183","15","198","14","184","42","7","99","9","0","17","6","2","0","2","28.10.12"
"051117","15","Вінницька область","будинок культури, зал
вул.Леніна, 1, с.Нетребівка, Томашпільський р-н, Вінницька обл., 24233","576","169","570","41","369","38","407","","0","369","38","407","23","384","106","1","207","25","3","22","12","5","1","2","29.10.12"
"051118","15","Вінницька область","школа, актовий зал
вул.Пшеничнюка, 11, с.Олександрівка, Томашпільський р-н, Вінницька обл., 24220","450","217","445","30","211","22","233","","0","211","22","233","8","225","108","4","64","20","0","24","2","1","0","2","28.10.12"
"051119","15","Вінницька область","школа, актовий зал
вул.Дребота, 5, с.Паланка, Томашпільський р-н, Вінницька обл., 24222","372","151","356","19","205","16","221","","0","205","16","221","14","207","73","9","94","0","1","15","9","4","0","2","29.10.12"
"051120","15","Вінницька область","школа, фойє
вул.Маяковського, 1, с.Вапнярки, Томашпільський р-н, Вінницька обл., 24222","516","161","509","54","305","50","355","","0","305","50","355","17","338","174","21","69","11","2","23","27","6","2","3","29.10.12"
"051121","15","Вінницька область","будинок культури, зал
вул.Комсомольська, 35, с.Пеньківка, Томашпільський р-н, Вінницька обл., 24211","360","111","353","24","229","20","249","","0","229","20","249","15","234","105","5","85","7","4","17","7","1","1","2","29.10.12"
"051122","15","Вінницька область","сільська рада, зал засідань
вул.Партизанська, 10, с.Пилипи-Борівські, Томашпільський р-н, Вінницька обл., 24215","402","129","390","30","244","29","273","","0","244","29","273","18","255","46","8","134","14","12","32","5","1","1","2","30.10.12"
"051123","15","Вінницька область","дитячий садок, актовий зал
вул.Мічуріна, 82, с.Калинка, Томашпільський р-н, Вінницька обл., 24215","198","36","195","14","148","14","162","","0","148","14","162","4","158","51","4","72","10","3","8","7","0","3","0","28.10.12"
"051124","15","Вінницька область","школа, актовий зал
вул.Радянська, 1, с.Ракова, Томашпільський р-н, Вінницька обл., 24200","762","278","750","36","451","33","484","","0","451","33","484","17","467","134","6","183","64","11","25","32","6","3","3","28.10.12"
"051125","15","Вінницька область","школа, актовий зал
вул.Миру, 102, с.Рожнятівка, Томашпільський р-н, Вінницька обл., 24212","870","289","860","43","540","41","581","","0","540","41","581","35","546","214","15","251","13","9","30","5","4","1","4","29.10.12"
"051126","15","Вінницька область","будинок культури, зал
вул.Леніна, 59, с.Стіна, Томашпільський р-н, Вінницька обл., 24231","648","241","632","29","386","21","407","","0","386","21","407","17","390","144","4","149","18","5","29","35","1","0","5","29.10.12"
"051127","15","Вінницька область","школа, хол
вул.Леніна, 3, с.Яланець, Томашпільський р-н, Вінницька обл., 24234","1032","432","1016","40","564","36","600","","0","564","36","600","26","574","342","12","140","16","6","38","14","3","3","0","29.10.12"
"051128","15","Вінницька область","центральна районна лікарня, хол
вул.Леніна, 103, смт Томашпіль, Томашпільський р-н, Вінницька обл., 24200","54","3","52","3","48","3","51","","0","48","3","51","3","48","6","0","40","2","0","0","0","0","0","0","29.10.12"
"051165","15","Вінницька область","школа №1, спортзал
вул.Жовтнева, 19, м.Тульчин, Тульчинський р-н, Вінницька обл., 23600","2340","1098","2317","28","1218","24","1242","","0","1218","24","1242","45","1197","286","39","338","79","46","133","212","29","17","18","29.10.12"
"051166","15","Вінницька область","школа №2, хол 2-й поверх
вул.Трембецького, 2, м.Тульчин, Тульчинський р-н, Вінницька обл., 23600","1884","751","1846","29","1109","24","1133","","0","1109","24","1133","55","1078","193","38","331","64","44","83","293","13","12","7","29.10.12"
"051167","15","Вінницька область","школа-ліцей №3, спортивний зал
вул.Леніна, 43, м.Тульчин, Тульчинський р-н, Вінницька обл., 23600","2208","1035","2187","23","1154","19","1173","","0","1154","19","1173","64","1109","224","35","326","61","47","128","238","27","5","18","29.10.12"
"051168","15","Вінницька область","корпус технікуму ветмедицини, хол
вул.Леніна, 55, м.Тульчин, Тульчинський р-н, Вінницька обл., 23600","2196","999","2167","27","1174","23","1197","","0","1174","23","1197","47","1150","253","39","369","74","42","91","246","17","6","13","29.10.12"
"051169","15","Вінницька область","приміщення біолабораторії, хол 1-й поверх
вул.Леніна, 65, м.Тульчин, Тульчинський р-н, Вінницька обл., 23600","1866","827","1846","32","1010","29","1039","","0","1010","29","1039","22","1017","216","36","306","75","39","91","218","13","12","11","29.10.12"
"051170","15","Вінницька область","Вище професійне училище №41, хол 1-й поверх
вул.Леніна, 133, м.Тульчин, Тульчинський р-н, Вінницька обл., 23600","2106","904","2091","16","1191","11","1202","","0","1191","11","1202","54","1148","238","79","377","56","35","89","215","33","11","15","29.10.12"
"051171","15","Вінницька область","будинок культури №2, хол
вул.Леніна, 15, смт Кирнасівка, Тульчинський р-н, Вінницька обл., 23652","1506","617","1489","23","869","20","889","","0","869","20","889","48","841","300","36","227","84","23","45","89","19","7","11","29.10.12"
"051172","15","Вінницька область","селищна рада, 2-й поверх, зал засідань
вул.50-річчя Жовтня, 2, смт Кирнасівка, Тульчинський р-н, Вінницька обл., 23652","1488","506","1478","46","936","46","982","","0","936","46","982","34","948","255","53","351","81","7","54","96","24","15","12","29.10.12"
"051173","15","Вінницька область","будинок культури №1, хол
вул.Спортивна, 1, смт Кирнасівка, Тульчинський р-н, Вінницька обл., 23652","1242","367","1222","14","864","11","875","","0","864","11","875","21","854","75","55","525","32","14","35","92","15","3","8","29.10.12"
"051174","15","Вінницька область","школа, актовий зал
вул.Ліпіна, 5, смт Шпиків, Тульчинський р-н, Вінницька обл., 23614","1506","787","1470","49","679","40","719","","0","679","40","719","30","689","266","13","258","24","11","30","63","7","1","16","29.10.12"
"051175","15","Вінницька область","будинок культури, хол
вул.Леніна, 64, смт Шпиків, Тульчинський р-н, Вінницька обл., 23614","1488","692","1459","49","758","38","796","","0","758","38","796","34","762","267","21","304","26","14","31","72","12","7","8","29.10.12"
"051176","15","Вінницька область","будинок культури, хол
вул.Леніна, 66, с.Білоусівка, Тульчинський р-н, Вінницька обл., 23663","528","119","521","71","342","67","409","","0","342","67","409","13","396","115","12","207","9","8","24","14","4","1","2","29.10.12"
"051177","15","Вінницька область","школа, спортзал
вул.Б.Хмельницького, 41, с.Богданівка, Тульчинський р-н, Вінницька обл., 23662","846","325","839","46","480","41","521","","0","480","41","521","14","507","125","33","179","10","12","119","17","6","2","4","29.10.12"
"051178","15","Вінницька область","сільська рада, хол
вул.Леніна, 46, с.Бортники, Тульчинський р-н, Вінницька обл., 23612","492","187","483","27","279","26","305","","0","279","26","305","12","293","100","9","115","4","5","21","23","8","1","7","29.10.12"
"051179","15","Вінницька область","будинок культури, малий актовий зал
вул.Першотравнева, 1А, с.Ганнопіль, Тульчинський р-н, Вінницька обл., 23655","1032","392","1016","63","579","61","640","","0","579","61","640","33","607","263","29","170","19","17","51","42","7","5","4","29.10.12"
"051180","15","Вінницька область","школа, коридор
вул.50-річчя Жовтня, 102А, с.Дранка, Тульчинський р-н, Вінницька обл., 23650","432","153","425","44","235","44","279","","0","235","44","279","12","267","103","18","86","21","0","18","15","4","0","2","29.10.12"
"051181","15","Вінницька область","школа, коридор
вул.1-го Травня, 42А, с.Одаї, Тульчинський р-н, Вінницька обл., 23651","390","129","384","37","235","26","261","","0","235","26","261","11","250","77","19","92","7","5","35","6","6","2","1","29.10.12"
"051182","15","Вінницька область","школа, актовий зал
вул.Шевченка, 194, с.Журавлівка, Тульчинський р-н, Вінницька обл., 23641","882","348","882","64","478","56","534","","0","478","56","534","10","524","185","52","171","11","3","62","29","6","2","3","29.10.12"
"051183","15","Вінницька область","хлібоприймальний пункт, їдальня
вул.Привокзальна, 41, с.Маяки, Тульчинський р-н, Вінницька обл., 23642","588","188","576","37","363","37","400","","0","363","37","400","16","384","119","63","128","7","10","27","23","4","1","2","28.10.12"
"051184","15","Вінницька область","школа, спортивний зал
вул.Ворошилова, 25А, с.Заозерне, Тульчинський р-н, Вінницька обл., 23664","654","184","642","39","432","38","470","","0","432","38","470","23","447","233","16","116","6","4","32","20","4","6","10","29.10.12"
"051185","15","Вінницька область","сільський клуб, актовий зал
вул.Кірова, 29, с.Василівка, Тульчинський р-н, Вінницька обл., 23655","294","64","293","37","193","37","230","","0","193","37","230","8","222","86","18","90","1","1","15","6","2","1","2","29.10.12"
"051186","15","Вінницька область","школа, спортивний зал
вул.Бондарчука, 2, с.Зарічне, Тульчинський р-н, Вінницька обл., 23624","1002","367","989","54","581","54","635","","0","581","54","635","14","621","246","31","212","28","18","42","34","5","2","3","28.10.12"
"051187","15","Вінницька область","школа, хол
вул.Першотравнева, 161, с.Кинашів, Тульчинський р-н, Вінницька обл., 23607","2046","1074","2029","30","949","23","972","","0","949","23","972","39","933","405","24","240","33","19","69","112","18","3","10","29.10.12"
"051188","15","Вінницька область","школа, спортивний зал
вул.Гагаріна, 68, с.Мазурівка, Тульчинський р-н, Вінницька обл., 23608","1368","680","1380","32","660","28","688","","0","660","28","688","25","663","126","17","224","48","25","85","115","8","10","5","29.10.12"
"051189","15","Вінницька область","школа, хол
вул.Набережна, 13, с.Нестерварка, Тульчинський р-н, Вінницька обл., 23609","1698","771","1699","41","891","36","927","","0","891","36","927","61","866","237","28","310","38","18","87","119","15","4","10","29.10.12"
"051190","15","Вінницька область","школа, актовий зал
вул.Радянська, 16, с.Клебань, Тульчинський р-н, Вінницька обл., 23660","1602","780","1581","59","776","46","822","","0","776","46","822","22","800","375","40","194","14","10","61","79","11","4","12","29.10.12"
"051191","15","Вінницька область","школа, актовий зал
вул.Леніна, 50, с.Гути, Тульчинський р-н, Вінницька обл., 23661","144","46","143","26","72","26","98","","0","72","26","98","6","92","15","1","62","3","1","6","0","2","0","2","28.10.12"
"051192","15","Вінницька область","школа, спортивний зал
вул.Леніна, 35, с.Копіївка, Тульчинський р-н, Вінницька обл., 23623","828","269","835","42","520","39","559","","0","520","39","559","11","548","153","25","264","26","12","53","11","2","0","2","29.10.12"
"051193","15","Вінницька область","будинок культури, малий зал
вул.Учительська, 32, с.Крищинці, Тульчинський р-н, Вінницька обл., 23631","1056","374","1039","67","617","65","682","","0","617","65","682","10","672","256","9","279","19","11","41","43","4","9","1","28.10.12"
"051194","15","Вінницька область","будинок культури, глядацький зал
вул.Леніна, 28, с.Левківці, Тульчинський р-н, Вінницька обл., 23615","570","211","566","55","307","52","359","","0","307","52","359","17","342","98","13","139","8","6","62","8","6","1","1","28.10.12"
"051195","15","Вінницька область","будинок культури, малий зал
вул.Щорса, 30, с.Михайлівка, Тульчинський р-н, Вінницька обл., 23633","438","96","423","50","296","46","342","","0","296","46","342","17","325","123","24","128","3","7","26","7","4","2","1","30.10.12"
"051196","15","Вінницька область","сільський клуб, хол
вул.Шевченка, 44, с.Маньківка, Тульчинський р-н, Вінницька обл., 23633","138","46","135","19","77","15","92","","0","77","15","92","9","83","18","8","35","2","2","9","7","2","0","0","29.10.12"
"051197","15","Вінницька область","будинок культури, хол
вул.Леніна, 45, с.Печера, Тульчинський р-н, Вінницька обл., 23610","732","277","721","31","426","29","455","","0","426","29","455","23","432","189","33","121","10","15","19","31","6","4","4","29.10.12"
"051198","15","Вінницька область","сільський клуб, хол
вул.Центральна, 3, с.Даньківка, Тульчинський р-н, Вінницька обл., 23610","294","38","293","10","246","10","256","","0","246","10","256","8","248","75","31","105","2","4","9","16","4","0","2","28.10.12"
"051199","15","Вінницька область","сільський клуб, зал
вул.Леніна, 7, с.Петрашівка, Тульчинський р-н, Вінницька обл., 23611","354","97","352","22","237","20","257","","0","237","20","257","10","247","94","10","85","4","8","28","9","4","2","3","29.10.12"
"051200","15","Вінницька область","будинок культури, хол
вул.Леніна, 32, с.Сільниця, Тульчинський р-н, Вінницька обл., 23621","510","157","496","43","315","38","353","","0","315","38","353","60","293","39","7","175","11","7","46","2","2","2","2","29.10.12"
"051201","15","Вінницька область","школа, актовий зал
вул.Леніна, 12, с.Суворовське, Тульчинський р-н, Вінницька обл., 23643","756","302","746","38","420","34","454","","0","420","34","454","16","438","105","29","203","18","7","50","14","3","3","6","29.10.12"
"051202","15","Вінницька область","школа, актовий зал
вул.Жовтнева, 8, с.Суворовське, Тульчинський р-н, Вінницька обл., 23643","936","349","923","56","534","53","587","","0","534","53","587","27","560","237","24","164","31","15","56","18","4","3","8","28.10.12"
"051203","15","Вінницька область","школа, хол
вул.Радянська, 80, с.Тарасівка, Тульчинський р-н, Вінницька обл., 23630","522","195","523","42","289","38","327","","0","289","38","327","4","323","127","17","112","6","6","32","13","5","2","3","29.10.12"
"051204","15","Вінницька область","школа, спортивний зал
вул.Радянська, 2, с.Тиманівка, Тульчинський р-н, Вінницька обл., 23644","864","316","867","30","518","30","548","","0","518","30","548","21","527","172","46","142","45","13","60","35","4","1","9","29.10.12"
"051205","15","Вінницька область","приміщення магазину, зал
вул.Паризької комуни, 49, с.Тиманівка, Тульчинський р-н, Вінницька обл., 23644","438","159","425","31","249","30","279","","0","249","30","279","6","273","132","5","60","21","6","34","8","3","3","1","29.10.12"
"051206","15","Вінницька область","школа, спортивний зал
вул.Леніна, 1, с.Торків, Тульчинський р-н, Вінницька обл., 23613","630","206","634","55","372","52","424","","0","372","52","424","17","407","137","62","145","3","5","38","10","5","2","0","28.10.12"
"051207","15","Вінницька область","будинок культури, малий зал
вул.Жовтнева, 12, с.Холодівка, Тульчинський р-н, Вінницька обл., 23632","738","271","738","38","435","32","467","","0","435","32","467","18","449","192","16","180","10","6","19","18","3","1","4","29.10.12"
"051208","15","Вінницька область","будинок культури, хол
вул.Леніна, 102А, с.Шура-Копіївська, Тульчинський р-н, Вінницька обл., 23622","792","273","781","24","497","22","519","","0","497","22","519","27","492","107","12","290","12","9","43","14","3","1","1","29.10.12"
"051209","15","Вінницька область","будинок культури, хол
вул.50-річчя Жовтня, 58, с.Юрківка, Тульчинський р-н, Вінницька обл., 23620","972","434","958","38","504","34","538","","0","504","34","538","20","518","119","19","267","19","6","45","30","6","1","6","29.10.12"
"051285","15","Вінницька область","школа №1, спортзал
вул.Леніна, 198, смт Чернівці, Чернівецький р-н, Вінницька обл., 24100","1362","664","1335","7","691","7","698","","0","691","7","698","8","690","111","77","221","27","7","10","233","2","0","2","29.10.12"
"051286","15","Вінницька область","школа №2, приміщення для засідань
вул.Леніна, 11, смт Чернівці, Чернівецький р-н, Вінницька обл., 24100","948","406","937","23","522","20","542","","0","522","20","542","20","522","58","54","161","17","7","10","211","2","2","0","29.10.12"
"051287","15","Вінницька область","сільський клуб, зал
вул.Польова, 2/64, с.Йосипівка, Чернівецький р-н, Вінницька обл., 24100","102","26","105","2","74","2","76","","0","74","2","76","4","72","14","5","25","2","0","5","21","0","0","0","31.10.12"
"051288","15","Вінницька область","школа, приміщення для засідань
вул.Мостова, 12, с.Бабчинці, Чернівецький р-н, Вінницька обл., 24132","402","168","400","17","219","15","234","","0","219","15","234","6","228","59","11","129","2","6","11","10","0","0","0","29.10.12"
"051289","15","Вінницька область","будинок культури, приміщення для засідань
вул.50-річчя Жовтня, 12, с.Бабчинці, Чернівецький р-н, Вінницька обл., 24132","540","203","530","17","320","17","337","","0","320","17","337","14","323","96","22","125","4","8","19","42","4","2","1","28.10.12"
"051290","15","Вінницька область","будинок культури, зал
вул.Леніна, 38, с.Бабчинці, Чернівецький р-н, Вінницька обл., 24132","870","323","854","42","509","38","547","","0","509","38","547","23","524","131","15","247","5","5","23","92","1","3","2","29.10.12"
"051291","15","Вінницька область","сільський клуб, зал
вул.Петровського, 41, с.Вазлуївка, Чернівецький р-н, Вінницька обл., 24132","174","56","169","8","111","7","118","","0","111","7","118","3","115","13","7","87","0","1","1","4","0","0","2","28.10.12"
"051292","15","Вінницька область","сільський клуб, зал
вул.Жовтнева, 55, с.Нове Життя, Чернівецький р-н, Вінницька обл., 24132","78","19","80","6","53","6","59","","0","53","6","59","2","57","11","8","31","0","0","3","4","0","0","0","28.10.12"
"051293","15","Вінницька область","будинок тваринника, їдальня
вул.Леніна, 11, с.Березівка, Чернівецький р-н, Вінницька обл., 24111","600","236","594","23","344","20","364","","0","344","20","364","14","350","97","22","116","7","19","41","40","2","2","4","29.10.12"
"051294","15","Вінницька область","будинок культури, приміщення для засідань
вул.Леніна, 7, с.Березівка, Чернівецький р-н, Вінницька обл., 24111","828","353","819","64","415","60","475","","0","415","60","475","24","451","128","31","177","9","14","39","40","5","3","5","29.10.12"
"051295","15","Вінницька область","сільський клуб, зал
вул.Леніна, 38А, с.Лужок, Чернівецький р-н, Вінницька обл., 24111","258","75","253","24","160","23","183","","0","160","23","183","6","177","77","5","54","4","11","13","9","0","4","0","28.10.12"
"051296","15","Вінницька область","школа, спортзал
вул.Котовського, 2, с.Біляни, Чернівецький р-н, Вінницька обл., 24110","534","228","526","24","283","23","306","","0","283","23","306","16","290","93","20","113","3","2","28","29","1","0","1","29.10.12"
"051297","15","Вінницька область","сільський будинок культури, малий зал
вул.Миру, 2, с.Біляни, Чернівецький р-н, Вінницька обл., 24110","570","248","556","38","290","32","322","","0","290","32","322","6","316","90","21","159","7","2","10","25","1","0","1","28.10.12"
"051298","15","Вінницька область","будинок культури, приміщення для засідань
вул.Перемоги, 23, с.Борівка, Чернівецький р-н, Вінницька обл., 24123","1362","660","1341","16","687","15","702","","0","687","15","702","30","672","274","22","234","25","6","57","42","4","2","6","29.10.12"
"051299","15","Вінницька область","сільський клуб, зал
вул.Дружби, 33, с.Борівка, Чернівецький р-н, Вінницька обл., 24123","990","497","985","17","476","17","493","","0","476","17","493","19","474","176","18","184","5","3","39","40","2","2","5","29.10.12"
"051300","15","Вінницька область","сільськогосподарське публічне акціонерне товариство ""Моївське"", їдальня
вул.Радгоспна, сільськогосподарське публічне акціонерне товариство ""Моївське"", с-ще Трактове, Чернівецький р-н, Вінницька обл., 24123","156","59","154","0","97","0","97","","0","97","0","97","4","93","26","14","32","5","2","8","0","5","0","1","29.10.12"
"051301","15","Вінницька область","будинок культури, приміщення для засідань
вул.Леніна, 29, с.Вила-Ярузькі, Чернівецький р-н, Вінницька обл., 24130","294","124","290","9","162","8","170","","0","162","8","170","9","161","21","7","89","8","2","17","12","2","1","2","29.10.12"
"051302","15","Вінницька область","сільський клуб, зал
вул.Варшка, 45, с.Букатинка, Чернівецький р-н, Вінницька обл., 24131","228","70","227","21","139","19","158","","0","139","19","158","2","156","54","8","79","0","1","6","8","0","0","0","29.10.12"
"051303","15","Вінницька область","будинок культури, приміщення для засідань
вул.Леніна, 22, с.Володіївці, Чернівецький р-н, Вінницька обл., 24120","618","219","611","44","356","43","399","","0","356","43","399","14","385","63","114","136","4","20","23","22","2","0","1","29.10.12"
"051304","15","Вінницька область","сільський клуб, приміщення для засідань
вул.Перемоги, 1, с.Пелинівка, Чернівецький р-н, Вінницька обл., 24121","216","53","210","15","148","15","163","","0","148","15","163","7","156","55","11","77","0","4","5","3","0","1","0","29.10.12"
"051305","15","Вінницька область","школа, приміщення для засідань
вул.Гонти, 1, с.Гонтівка, Чернівецький р-н, Вінницька обл., 24112","780","303","770","114","373","104","477","","0","373","104","477","9","468","88","26","174","13","16","44","2","102","3","0","28.10.12"
"051306","15","Вінницька область","сільський ФАП, оглядова зала
вул.Леніна, сільський ФАП, с.Котлубаївка, Чернівецький р-н, Вінницька обл., 24112","54","11","55","5","39","4","43","","0","39","4","43","3","40","18","0","15","1","0","4","2","0","0","0","28.10.12"
"051307","15","Вінницька область","сільський будинок культури, зал
вул.Леніна, 3, с.Лозове, Чернівецький р-н, Вінницька обл., 24114","462","155","451","32","284","23","307","","0","284","23","307","14","293","61","34","139","7","7","17","25","0","2","1","29.10.12"
"051308","15","Вінницька область","сільський клуб, зал
вул.Жовтнева, 1, с.Коси, Чернівецький р-н, Вінницька обл., 24114","96","18","96","5","74","4","78","","0","74","4","78","2","76","24","1","35","2","8","1","4","0","0","1","28.10.12"
"051309","15","Вінницька область","сільський клуб, зал
вул.Набережна, 3, с.Скалопіль, Чернівецький р-н, Вінницька обл., 24114","54","8","62","4","42","4","46","","0","42","4","46","2","44","15","0","18","2","1","4","3","1","0","0","28.10.12"
"051310","15","Вінницька область","сільський будинок культури, хол
вул.Леніна, 28, с.Мазурівка, Чернівецький р-н, Вінницької обл., 24106","1638","819","1616","24","799","20","819","","0","799","20","819","11","808","164","101","197","36","8","29","262","4","0","7","29.10.12"
"051311","15","Вінницька область","школа, спортзал
вул.Шкільна, 10, с.Мазурівка, Чернівецький р-н, Вінницької обл., 24106","852","373","836","25","454","25","479","","0","454","25","479","8","471","84","32","144","14","5","9","183","0","0","0","29.10.12"
"051312","15","Вінницька область","школа, коридор
вул.Полбіна, 37, с.Абрамівська Долина, Чернівецький р-н, Вінницької обл., 24106","228","94","231","7","127","7","134","","0","127","7","134","8","126","14","15","66","3","2","5","21","0","0","0","28.10.12"
"051313","15","Вінницька область","сільський клуб, зал
вул.Кутузова, 112, с.Весняне, Чернівецький р-н, Вінницької обл., 24106","156","47","155","26","83","26","109","","0","83","26","109","2","107","31","16","46","1","3","3","5","1","1","0","29.10.12"
"051314","15","Вінницька область","сільський будинок культури, хол
вул.Леніна, 73В, с.Моївка, Чернівецький р-н, Вінницька обл., 24133","1398","529","1387","69","808","61","869","","0","808","61","869","32","837","232","11","505","7","16","37","23","2","1","3","29.10.12"
"051315","15","Вінницька область","будинок культури, приміщення для засідань
вул.З.Космодемянської, 1, с.Саїнка, Чернівецький р-н, Вінницька обл., 24122","552","145","539","56","358","49","407","","0","358","49","407","22","385","72","19","216","7","7","26","30","3","1","4","28.10.12"
"051316","15","Вінницька область","сільський будинок культури, зал
вул.Незалежності, 86, с.Сокіл, Чернівецький р-н, Вінницька обл., 24124","930","279","928","39","614","37","651","","0","614","37","651","23","628","225","20","294","14","1","15","56","0","1","2","29.10.12"
"051317","15","Вінницька область","сільський клуб, зал
вул.Перемоги, 19, с.Шендерівка, Чернівецький р-н, Вінницька обл., 24113","270","84","269","19","167","19","186","","0","167","19","186","9","177","43","15","74","6","2","12","25","0","0","0","28.10.12"
"051318","15","Вінницька область","приватна оселя, зал
вул.Партизанська, 5, с.Дубина, Чернівецький р-н, Вінницька обл., 24113","120","34","117","3","83","3","86","","0","83","3","86","2","84","20","6","41","2","2","5","6","0","2","0","28.10.12"
"051319","15","Вінницька область","центральна районна лікарня, актовий зал
вул.Кірова, 25, смт Чернівці, Чернівецький р-н, Вінницька обл., 24100","126","44","86","6","77","5","82","","0","77","5","82","2","80","13","5","59","0","0","0","3","0","0","0","28.10.12"
"051344","15","Вінницька область","Гибалівська школа, спортивний зал
вул.Комсомольська, 23, с.Гибалівка, Шаргородський р-н, Вінницька обл., 23507","1692","672","1676","47","977","43","1020","","0","977","43","1020","20","1000","251","25","434","53","20","56","132","9","17","3","28.10.12"
"051345","15","Вінницька область","сільський будинок культури, зал
вул.Щорса, 21, с.Дерев’янки, Шаргородський р-н, Вінницька обл., 23508","660","261","655","41","362","37","399","","0","362","37","399","16","383","90","6","232","5","7","20","13","4","4","2","28.10.12"
"051346","15","Вінницька область","школа, коридор
вул.Шевченка, 8, с.Голинчинці, Шаргородський р-н, Вінницька обл., 23552","738","291","728","26","422","25","447","","0","422","25","447","18","429","193","7","178","7","5","6","22","4","3","4","30.10.12"
"051347","15","Вінницька область","Деребчинська школа, спортивний зал
вул.Дзержинського, 4, с.Деребчин, Шаргородський р-н, Вінницька обл., 23532","1080","524","1067","41","524","32","556","","0","524","32","556","20","536","161","12","214","7","49","39","48","1","1","4","29.10.12"
"051348","15","Вінницька область","сільський будинок культури, хол
вул.Калініна, 62, с.Деребчин, Шаргородський р-н, Вінницька обл., 23532","564","275","554","25","266","23","289","","0","266","23","289","18","271","98","1","121","25","4","8","12","0","1","1","29.10.12"
"051349","15","Вінницька область","сільський клуб, хол
вул.70-річчя Жовтня, 22, с.Мала Деребчинка, Шаргородський р-н, Вінницька обл., 23532","150","59","148","13","79","12","91","","0","79","12","91","9","82","19","2","50","5","2","0","2","1","0","1","28.10.12"
"051350","15","Вінницька область","сільський клуб, хол
вул.Коцюбинського, 105, с.Семенівка, Шаргородський р-н, Вінницька обл., 23532","300","130","287","9","164","6","170","","0","164","6","170","3","167","28","2","111","5","3","10","4","2","1","1","29.10.12"
"051351","15","Вінницька область","сільський клуб, хол
вул.Леніна, 14, с.Вербівка, Шаргородський р-н, Вінницька обл., 23532","222","70","218","22","130","22","152","","0","130","22","152","1","151","51","4","80","8","0","2","2","4","0","0","29.10.12"
"051352","15","Вінницька область","сільський будинок культури, хол
вул.Заводська, 3, с.Джурин, Шаргородський р-н, Вінницька обл., 23545","1308","580","1289","25","704","24","728","","0","704","24","728","33","695","254","19","290","25","15","26","50","7","4","5","29.10.12"
"051353","15","Вінницька область","контора СТОВ ""Мрія"", зал
вул.Смавзюка, 59, с.Джурин, Шаргородський р-н, Вінницька обл., 23545","1320","636","1295","31","654","30","684","","0","654","30","684","24","660","228","23","284","27","5","12","71","2","6","2","29.10.12"
"051354","15","Вінницька область","сільський клуб, актовий зал
вул.Леніна, 96, с.Зведенівка, Шаргородський р-н, Вінницька обл., 23551","846","212","835","44","590","44","634","","0","590","44","634","13","621","39","5","498","15","18","17","21","4","1","3","29.10.12"
"051355","15","Вінницька область","сільський будинок культури, обрядова кімната
вул.Леніна, 8, с.Івашківці, Шаргородський р-н, Вінницька обл., 23516","1092","414","1066","84","598","80","678","","0","598","80","678","15","663","319","24","248","6","16","15","25","5","4","1","29.10.12"
"051356","15","Вінницька область","сільський будинок культури, актовий зал
вул.Пархоменка, 43, с.Калитинка, Шаргородський р-н, Вінницька обл., 23553","516","120","512","31","368","28","396","","0","368","28","396","5","391","92","10","258","5","5","11","6","1","1","2","28.10.12"
"051357","15","Вінницька область","будинок культури, актовий зал
вул.Леніна, 3, с.Покутине, Шаргородський р-н, Вінницька обл., 23554","510","151","498","25","334","25","359","","0","334","25","359","6","353","141","14","168","4","7","10","5","2","1","1","29.10.12"
"051358","15","Вінницька область","Козлівська школа, хол
вул.Молодіжна, 2, с.Козлівка, Шаргородський р-н, Вінницька обл., 23514","798","246","793","32","522","30","552","","0","522","30","552","15","537","134","13","283","6","10","13","71","2","3","2","29.10.12"
"051359","15","Вінницька область","сільський будинок культури, хол
вул.Леніна, 21, с.Конатківці, Шаргородський р-н, Вінницька обл., 23517","600","219","586","26","358","23","381","","0","358","23","381","8","373","177","11","113","13","14","17","13","5","9","1","28.10.12"
"051360","15","Вінницька область","сільський будинок культури, глядацький зал
вул.Леніна, 67, с.Копистирин, Шаргородський р-н, Вінницька обл., 23526","642","208","644","57","379","55","434","","0","379","55","434","16","418","183","6","185","5","7","14","8","5","2","3","29.10.12"
"051361","15","Вінницька область","сільський будинок культури, хол
вул.Вишнева, 88, с.Клекотина, Шаргородський р-н, Вінницька обл., 23525","1674","703","1650","41","936","35","971","","0","936","35","971","45","926","261","88","243","75","22","54","142","12","19","10","28.10.12"
"051362","15","Вінницька область","Клекотинська школа, актовий зал
вул.Вишнева, 41, с.Клекотина, Шаргородський р-н, Вінницька обл., 23525","1092","471","1091","53","569","52","621","","0","569","52","621","28","593","190","68","179","25","14","33","67","4","6","7","28.10.12"
"051363","15","Вінницька область","Лозівський будинок культури, танцювальний зал
вул.Леніна, 165, с.Лозова, Шаргородський р-н, Вінницька обл., 23540","888","294","878","66","531","63","594","","0","531","63","594","31","563","256","17","223","8","8","24","23","0","3","1","29.10.12"
"051364","15","Вінницька область","Теклівський будинок культури, хол
вул.Комсомольська, 6, с.Теклівка, Шаргородський р-н, Вінницька обл., 23541","228","66","223","12","150","12","162","","0","150","12","162","8","154","72","3","64","5","1","1","7","0","1","0","29.10.12"
"051365","15","Вінницька область","Мурафська школа, хол
вул.Коцюбинського, 1А, с.Мурафа, Шаргородський р-н, Вінницька обл., 23530","2034","857","2024","52","1127","50","1177","","0","1127","50","1177","15","1162","215","82","554","45","21","49","163","10","12","11","29.10.12"
"051366","15","Вінницька область","Довжанська школа, приміщення для засідань
вул.Молодіжна, 1, с.Довжок, Шаргородський р-н, Вінницька обл., 23531","678","209","674","31","438","31","469","","0","438","31","469","19","450","160","8","208","16","14","25","13","1","2","3","29.10.12"
"051367","15","Вінницька область","сільський будинок культури, актовий зал
вул.Леніна, 47, с.Михайлівка, Шаргородський р-н, Вінницька обл., 23523","1332","555","1313","77","724","53","777","","0","724","53","777","31","746","269","17","341","18","16","28","43","1","4","9","29.10.12"
"051368","15","Вінницька область","сільський будинок культури, зал
вул.Жовтнева, 8, с.Носиківка, Шаргородський р-н, Вінницька обл., 23513","624","264","616","32","332","28","360","","0","332","28","360","10","350","112","2","208","4","10","8","3","1","1","1","29.10.12"
"051369","15","Вінницька область","сільський клуб, приміщення для засідань
вул.Карла Маркса, 16А, с.Андріївка, Шаргородський р-н, Вінницька обл., 23513","198","40","201","20","138","20","158","","0","138","20","158","3","155","45","14","82","2","2","0","8","1","0","1","29.10.12"
"051370","15","Вінницька область","сільський клуб, актовий зал
вул.Леніна, 50, с.Пасинки, Шаргородський р-н, Вінницька обл., 23520","576","184","566","37","357","35","392","","0","357","35","392","9","383","139","17","166","2","11","21","17","4","3","3","29.10.12"
"051371","15","Вінницька область","будинок культури, актовий зал
вул.Жовтнева, 10, с.Пеньківка, Шаргородський р-н, Вінницька обл., 23521","1674","772","1663","73","858","44","902","","0","858","44","902","39","863","365","22","316","16","21","45","48","9","8","13","30.10.12"
"051372","15","Вінницька область","клуб-бібліотека, читацький зал
вул.Кошового, 31, с.Бабина Долина, Шаргородський р-н, Вінницька обл., 23521","234","68","234","11","155","11","166","","0","155","11","166","8","158","80","3","45","4","9","2","6","4","2","3","28.10.12"
"051373","15","Вінницька область","сільський будинок культури, хол
вул.Леніна, 40, с.Перепільчинці, Шаргородський р-н, Вінницька обл., 23511","744","252","747","59","439","53","492","","0","439","53","492","14","478","217","12","204","1","10","7","24","0","0","3","29.10.12"
"051374","15","Вінницька область","сільський будинок культури, хол
вул.Леніна, 4, с.Писарівка, Шаргородський р-н, Вінницька обл., 23543","504","153","495","48","308","43","351","","0","308","43","351","9","342","139","2","150","4","13","20","7","1","5","1","29.10.12"
"051375","15","Вінницька область","будинок культури, танцювальний зал
вул.І Травня, 34, с.Плебанівка, Шаргородський р-н, Вінницька обл., 23510","1284","432","1288","43","817","35","852","","0","817","35","852","34","818","352","15","246","37","27","35","79","8","8","11","29.10.12"
"051376","15","Вінницька область","сільський клуб, зал
вул.Леніна, 30, с.Калинівка, Шаргородський р-н, Вінницька обл., 23510","264","87","261","16","163","14","177","","0","163","14","177","9","168","50","5","98","1","0","4","4","1","4","1","29.10.12"
"051377","15","Вінницька область","сільський будинок культури, обрядовий зал
вул.Суворова, 34, с.Політанки, Шаргородський р-н, Вінницька обл., 23542","534","155","533","57","327","52","379","","0","327","52","379","4","375","217","7","121","3","8","7","8","1","3","0","29.10.12"
"051378","15","Вінницька область","сільський будинок культури, танцювальний зал
вул.Леніна, 25А, с.Руданське, Шаргородський р-н, Вінницька обл., 23515","810","240","795","35","539","31","570","","0","539","31","570","13","557","417","9","110","0","4","8","4","1","2","2","29.10.12"
"051379","15","Вінницька область","сільський будинок культури, актовий зал
вул.Леніна, 92/2, с.Рахни-Лісові, Шаргородський р-н, Вінницька обл., 23536","1890","923","1874","18","949","18","967","","0","949","18","967","25","942","239","51","377","65","20","37","104","12","11","26","29.10.12"
"051380","15","Вінницька область","школа №1, коридор
вул.Макаренка, 3, с.Рахни-Лісові, Шаргородський р-н, Вінницька обл., 23536","1830","886","1817","8","940","4","944","","0","940","4","944","43","901","194","51","415","43","11","29","120","13","9","16","29.10.12"
"051381","15","Вінницька область","сільський будинок культури, хол
вул.Горького, 13, с.Садківці, Шаргородський р-н, Вінницька обл., 23555","414","144","413","29","250","20","270","","0","250","20","270","13","257","60","3","175","7","4","6","2","0","0","0","28.10.12"
"051382","15","Вінницька область","сільський клуб, глядацький зал
вул.Леніна, 148, с.Сапіжанка, Шаргородський р-н, Вінницька обл., 23556","726","281","724","26","423","22","445","","0","423","22","445","17","428","153","27","194","3","6","15","14","5","6","5","29.10.12"
"051383","15","Вінницька область","Слободо-Шаргородська школа, їдальня
вул.Першотравнева, 11, с.Слобода-Шаргородська, Шаргородський р-н, Вінницька обл., 23505","2088","916","2039","49","1132","40","1172","","0","1132","40","1172","41","1131","445","6","384","49","45","39","103","4","50","6","29.10.12"
"051384","15","Вінницька область","Буднянський навчально-виховний комплекс, їдальня
вул.Колгоспна, 3, с.Будне, Шаргородський р-н, Вінницька обл., 23505","432","132","426","35","268","32","300","","0","268","32","300","3","297","159","5","90","3","3","14","16","0","6","1","29.10.12"
"051385","15","Вінницька область","сільський клуб, приміщення для засідань
вул.Леніна, 21, с.Стрільники, Шаргородський р-н, Вінницька обл., 23534","702","251","688","18","433","18","451","","0","433","18","451","13","438","81","5","288","13","10","12","21","3","2","3","28.10.12"
"051386","15","Вінницька область","будинок культури, приміщення для засідань
вул.Коцюбинського, 40, с.Лопатинці, Шаргородський р-н, Вінницька обл., 23534","180","76","176","4","100","4","104","","0","100","4","104","1","103","17","0","69","1","2","8","2","2","1","1","29.10.12"
"051387","15","Вінницька область","сільський будинок культури, хол
вул.60-річчя Жовтня, 2, с.Федорівка, Шаргородський р-н, Вінницька обл., 23522","600","184","590","45","377","39","416","","0","377","39","416","9","407","117","9","220","4","3","27","12","0","13","2","29.10.12"
"051388","15","Вінницька область","сільський будинок культури, хол
вул.Івана Цурканя, 25, с.Хоменки, Шаргородський р-н, Вінницька обл., 23544","1770","718","1756","55","1000","52","1052","","0","1000","52","1052","32","1020","491","8","404","12","12","33","50","2","3","5","29.10.12"
"051389","15","Вінницька область","сільська рада, зал
вул.Леніна, 34А, с.Юліямпіль, Шаргородський р-н, Вінницька обл., 23550","138","38","135","11","89","11","100","","0","89","11","100","2","98","20","1","64","0","3","5","4","1","0","0","29.10.12"
"051390","15","Вінницька область","сільський будинок культури, зал
вул.Садова, 1, с.Ярове, Шаргородський р-н, Вінницька обл., 23550","312","21","313","22","269","22","291","","0","269","22","291","0","291","2","0","284","0","0","4","1","0","0","0","28.10.12"
"051391","15","Вінницька область","сільський будинок культури, зал
вул.Леніна, 1А, с.Юхимівка, Шаргородський р-н, Вінницький обл., 23524","846","283","842","45","521","42","563","","0","521","42","563","17","546","135","12","310","14","11","19","24","2","14","5","28.10.12"
"051392","15","Вінницька область","районний будинок культури, хол
вул.Леніна, 217, м.Шаргород, Шаргородський р-н, Вінницька обл., 23500","1650","693","1630","17","943","14","957","","0","943","14","957","24","933","274","22","378","54","13","29","114","10","35","4","29.10.12"
"051393","15","Вінницька область","спортивний комплекс, спортивний зал
вул. Леніна, 272У, м.Шаргород, Шаргородський р-н, Вінницька обл., 23500","1416","526","1393","7","883","7","890","","0","883","7","890","29","861","260","9","346","61","16","25","109","2","27","6","28.10.12"
"051394","15","Вінницька область","Шаргородська школа №2, спортивний зал
вул.Леніна, 373, м.Шаргород, Шаргородський р-н, Вінницька обл., 23500","2424","970","2373","71","1398","56","1454","","0","1398","56","1454","18","1436","447","84","523","87","27","38","79","4","139","8","29.10.12"
"051395","15","Вінницька область","Шаргородська центральна районна лікарня, коридор
вул.Пархоменка, 9, м.Шаргород, Шаргородський р-н, Вінницька обл., 23500","228","100","141","29","100","28","128","","0","100","28","128","4","124","32","3","75","4","3","3","1","1","2","0","28.10.12"
