"№ ВД","OBO","Назва регіону України","Місцезнаходження та адреса приміщення для голосування","1) К-сть одержаних бюлетенів","2) К-сть невикористаних бюлетенів","3) К-сть виборців, внесених до списку виборців","4) К-сть виборців, внесених до витягу зі списку виборців","5) К-сть виборців, які отримали бюлетені у приміщенні","6) К-сть виборців, які отримали за місцем перебування","7) Сумарна к-сть виборців, які отримали бюлетені","8) К-сть бюлетенів, що виявилися у кожній скринці","9) К-сть бюлетенів, що не підлягають врахуванню","10) К-сть виборців, які взяли участь у голос. у приміщенні для гол.","11) К-сть виборців, які взяли участь у голос. за місцем перебування","12) К-сть виборців, які взяли участь у голосуванні на виборчій дільниці","13) К-сть бюлетенів, визнаних недійсними","14) Сумарна к-сть голосів виборців ЗА","Балдинюк
Василь
Михайлович","Болотенюк
Степан
Васильович","Братанюк
Леонід
Євгенович","Власюк
Олександр
Іванович","Вовк
Анатолій
Іванович","Демчак
Андрій
Васильович","Калетнік
Григорій
Миколайович","Квашук
Олександр
Євгенович","Кошиль
Андрій
Григорович","Куровський
Станіслав
Євгенович","Манжуловський
Олександр
Феофанович","Миролюб
Наталія
Анатоліївна","Стамбула
Геннадій
Станіславович","Філонова
Анна
Валентинівна","Чечель
Микола
Йосипович","Якименко
Костянтин
Вячеславович","Дата підписання протоколу"
"050319","18","Вінницька область","школа, спортивна кімната
вул.Леніна, 68, с.Борисівка, Іллінецький р-н, Вінницька обл., 22708","456","115","454","16","325","16","341","","0","325","16","341","7","334","2","1","0","0","2","6","177","7","2","16","11","3","2","7","1","97","29.10.12"
"050320","18","Вінницька область","СТОВ ім.Шевченка, актовий зал
вул.Леніна, 165, м.Іллінці, Іллінецький р-н, Вінницька обл., 22700","712","258","703","13","441","13","454","","0","441","13","454","9","445","7","3","1","4","0","16","153","13","0","26","18","5","2","8","0","189","30.10.12"
"050321","18","Вінницька область","НВК школа-гімназія №2, хол
вул.І.Франка, 2, м.Іллінці, Іллінецький р-н, Вінницька обл., 22700","1088","379","1073","18","695","14","709","","0","695","14","709","13","696","10","3","3","5","3","30","211","22","0","71","36","8","0","18","2","274","29.10.12"
"050322","18","Вінницька область","будинок культури, фойє
вул.Леніна, 20, м.Іллінці, Іллінецький р-н, Вінницька обл., 22700","1440","488","1417","19","934","18","952","","0","934","18","952","21","931","16","7","6","3","2","45","234","25","1","94","34","16","0","28","0","420","28.10.12"
"050323","18","Вінницька область","Іллінецький державний аграрний коледж, фойє
вул.Червона Площа, 2, м.Іллінці, Іллінецький р-н, Вінницька обл., 22700","1360","520","1347","10","831","9","840","","0","831","9","840","15","825","7","4","4","7","1","38","260","26","1","74","39","10","0","18","0","336","29.10.12"
"050324","18","Вінницька область","школа №1, коридор головного корпусу
вул.Кірова, 41, м.Іллінці, Іллінецький р-н, Вінницька обл., 22700","2004","739","1997","36","1232","33","1265","","0","1232","33","1265","31","1234","0","1","0","4","0","21","462","45","1","132","4","6","1","2","3","552","29.10.12"
"050325","18","Вінницька область","школа №3, актовий зал
вул.Енгельса, 50, м.Іллінці, Іллінецький р-н, Вінницька обл., 22700","1084","343","1083","45","696","45","741","","0","696","45","741","15","726","13","5","8","3","0","17","198","28","3","43","49","8","4","26","0","321","29.10.12"
"050326","18","Вінницька область","ПБМП-5, столова
вул.Залізнодорожна, 50, м.Іллінці, Іллінецький р-н, Вінницька обл., 22700","844","302","837","42","506","36","542","","0","506","36","542","13","529","5","0","2","1","0","17","165","14","0","27","27","2","0","19","0","250","29.10.12"
"050327","18","Вінницька область","будинок культури, зал
вул.Перемоги, 5, с.Неменка, Іллінецький р-н, Вінницька обл., 22700","296","77","286","17","203","16","219","","0","203","16","219","5","214","4","0","1","0","1","2","131","6","0","2","3","0","0","3","0","61","29.10.12"
"050328","18","Вінницька область","СТОВ ""Дашівське рибоводне господарство"", актовий зал
вул.Леніна, 36, смт Дашів, Іллінецький р-н, Вінницька обл., 22740","628","218","616","55","356","54","410","","0","356","54","410","11","399","5","2","2","2","0","25","139","8","1","17","9","14","0","4","0","171","29.10.12"
"050329","18","Вінницька область","будинок культури, танцювальний зал
вул.Горького, 9, смт Дашів, Іллінецький р-н, Вінницька обл., 22740","1392","529","1372","72","794","69","863","","0","794","69","863","20","843","8","8","5","0","0","43","351","2","8","5","23","0","0","5","0","385","29.10.12"
"050330","18","Вінницька область","комбікормовий завод, актовий зал
вул.Чапаєва, 1, смт Дашів, Іллінецький р-н, Вінницька обл., 22740","964","399","949","42","527","38","565","","0","527","38","565","27","538","10","4","6","8","5","48","240","15","4","6","15","5","2","5","1","164","29.10.12"
"050331","18","Вінницька область","будинок культури, зал
вул.Леніна, 3А, с.Бабин, Іллінецький р-н, Вінницька обл., 22714","920","282","917","67","580","58","638","","0","580","58","638","10","628","1","4","1","4","2","12","274","20","2","39","14","7","1","20","2","225","29.10.12"
"050332","18","Вінницька область","клуб, зал
вул.Шевченка, 105, с.Даньківка, Іллінецький р-н, Вінницька обл., 22715","468","116","480","40","315","37","352","","0","315","37","352","4","348","2","1","1","3","3","12","189","4","1","15","4","3","1","11","1","97","29.10.12"
"050333","18","Вінницька область","школа, актовий зал
вул.Жовтнева, 1, с.Білки, Іллінецький р-н, Вінницька обл., 22744","488","147","479","41","301","40","341","","0","301","40","341","10","331","4","2","4","3","2","6","136","4","1","11","6","3","2","9","1","137","29.10.12"
"050334","18","Вінницька область","магазин-їдальня, зал
вул.Радянська, 6, с.Привільне, Іллінецький р-н, Вінницька обл., 22744","204","56","200","12","136","12","148","","0","136","12","148","2","146","0","1","0","0","0","4","82","7","0","1","0","3","0","1","0","47","29.10.12"
"050335","18","Вінницька область","будинок культури, фойє
вул.Леніна, 2, с.Василівка, Іллінецький р-н, Вінницька обл., 22727","372","101","369","22","256","15","271","","0","256","15","271","1","270","3","0","5","1","0","5","169","2","0","12","3","2","1","8","0","59","29.10.12"
"050336","18","Вінницька область","будинок культури, фойє
вул.Шкільна, 8, с.Городок, Іллінецький р-н, Вінницька обл., 22753","872","279","864","76","527","66","593","","0","527","66","593","13","580","4","2","4","2","3","8","249","10","3","3","9","5","3","10","2","263","29.10.12"
"050337","18","Вінницька область","клуб, фойє
вул.Перемоги, 46, с.Чортория, Іллінецький р-н, Вінницька обл., 22754","384","57","387","37","291","36","327","","0","291","36","327","11","316","3","3","2","0","1","5","131","10","1","3","3","1","1","6","0","146","29.10.12"
"050338","18","Вінницька область","сільська рада, зал засідань
вул.Першотравнева, 81, с.Жадани, Іллінецький р-н, Вінницька обл., 22730","524","165","522","37","323","36","359","","0","323","36","359","9","350","4","0","4","3","3","14","180","10","0","12","9","3","1","15","0","92","29.10.12"
"050339","18","Вінницька область","будинок культури, фойє
вул.Гагаріна, 1А, с.Сорока, Іллінецький р-н, Вінницька обл., 22731","616","207","611","43","369","40","409","","0","369","40","409","10","399","3","3","5","0","1","7","161","10","2","16","16","3","2","12","0","158","29.10.12"
"050340","18","Вінницька область","школа, їдальня
вул.Бойка, 9, с.Жорнище, Іллінецький р-н, Вінницька обл., 22721","732","211","719","42","481","40","521","","0","481","40","521","10","511","2","1","4","2","2","6","223","5","0","126","2","3","1","7","4","123","29.10.12"
"050341","18","Вінницька область","будинок тваринника, загальна кімната
вул.Чехова, 2, с.Шевченкове, Іллінецький р-н, Вінницька обл., 22721","80","12","77","8","61","7","68","","0","61","7","68","2","66","1","0","1","0","0","1","24","0","1","38","0","0","0","0","0","0","28.10.12"
"050342","18","Вінницька область","клуб, зал
вул.Леніна, 6А, с.Іллінецьке, Іллінецький р-н, Вінницька обл., 22712","528","174","517","14","341","13","354","","0","341","13","354","12","342","3","2","5","4","0","9","190","9","3","8","6","3","0","7","1","92","28.10.12"
"050343","18","Вінницька область","будинок культури, зал
вул.Миру, 70А, с.Романово-Хутір, Іллінецький р-н, Вінницька обл., 22712","292","53","285","30","209","30","239","","0","209","30","239","2","237","0","0","5","1","0","10","136","1","0","14","5","2","2","7","0","54","29.10.12"
"050344","18","Вінницька область","будинок культури, фойє
вул.Братів Западинських, 1А, с.Кальник, Іллінецький р-н, Вінницька обл., 22732","872","268","862","50","554","50","604","","0","554","50","604","7","597","4","0","2","1","2","26","220","24","1","49","24","9","3","38","2","192","29.10.12"
"050345","18","Вінницька область","клуб, зал
вул.Люсі Яворської, 20А, с.Шабельня, Іллінецький р-н, Вінницька обл., 22733","244","51","239","23","170","23","193","","0","170","23","193","5","188","0","1","0","1","0","6","114","2","0","4","6","6","0","3","1","44","29.10.12"
"050346","18","Вінницька область","будинок культури, зал
вул.Калашника, 22, с.Кантелина, Іллінецький р-н, Вінницька обл., 22734","460","144","457","42","275","41","316","","0","275","41","316","14","302","7","1","3","0","1","9","180","7","0","6","15","10","0","9","0","54","28.10.12"
"050347","18","Вінницька область","будинок культури, малий зал
вул.Гагаріна, 54, с.Китайгород, Іллінецький р-н, Вінницька обл., 22751","916","189","897","62","672","55","727","","0","672","55","727","18","709","12","1","6","2","6","11","394","25","1","17","10","7","1","11","0","205","29.10.12"
"050348","18","Вінницька область","клуб, фойє
вул.Центральна, 85, с.Кам’яногірка, Іллінецький р-н, Вінницька обл., 22751","668","232","660","35","401","35","436","","0","401","35","436","11","425","4","4","1","5","3","7","161","11","2","9","3","3","3","2","2","205","29.10.12"
"050349","18","Вінницька область","будинок культури, фойє
вул.Кооперативна, 5А, с.Копіївка, Іллінецький р-н, Вінницька обл., 22741","404","106","400","32","268","30","298","","0","268","30","298","11","287","2","2","3","1","3","3","173","4","1","3","3","2","0","7","4","76","29.10.12"
"050350","18","Вінницька область","клуб, зал
вул.Кирилюка, 1, с.Іванівка, Іллінецький р-н, Вінницька обл., 22741","124","34","121","12","78","12","90","","0","78","12","90","6","84","0","0","1","0","1","0","50","0","0","0","1","1","3","4","0","23","28.10.12"
"050351","18","Вінницька область","будинок культури, фоїє
вул.Леніна, 28, с.Красненьке, Іллінецький р-н, Вінницька обл., 22722","444","97","434","31","322","25","347","","0","322","25","347","7","340","0","2","4","2","2","5","205","2","1","16","7","1","0","0","1","92","29.10.12"
"050352","18","Вінницька область","клуб-бібліотека, малий зал
вул.Радянська, 110, с.Лиса Гора, Іллінецький р-н, Вінницька обл., 22723","284","60","288","27","201","23","224","","0","201","23","224","4","220","0","0","0","1","0","5","166","2","1","3","1","1","0","9","1","30","29.10.12"
"050353","18","Вінницька область","школа, вчительська
вул.Жовтнева, 60, с.Криштопівка, Іллінецький р-н, Вінницька обл., 22742","332","99","300","33","203","30","233","","0","203","30","233","2","231","1","1","1","2","2","3","107","4","0","4","6","0","0","3","1","96","29.10.12"
"050354","18","Вінницька область","ТОВ ""Гренвіс"", бухгалтерія
вул.Хутірська, 3, с-ще Криштопівське, Іллінецький р-н, Вінницька обл., 22742","152","31","149","11","111","10","121","","0","111","10","121","2","119","0","0","0","1","0","2","50","1","0","1","0","3","0","2","1","58","29.10.12"
"050355","18","Вінницька область","клуб, фойє
вул.Радянська, 67, с-ще Вербівка, Іллінецький р-н, Вінницька обл., 22743","364","91","364","17","256","17","273","","0","256","17","273","9","264","1","0","3","2","1","12","109","12","0","4","10","1","5","5","0","99","29.10.12"
"050356","18","Вінницька область","сілький клуб, зал
вул.Шевченка, 1В, с.Купчинці, Іллінецький р-н, Вінницька обл., 22735","432","106","430","41","286","40","326","","0","286","40","326","7","319","2","1","0","2","1","7","98","1","1","5","3","29","0","2","0","167","29.10.12"
"050357","18","Вінницька область","ФАП, к.1
вул.Травнева, 1/4, с.Волошкове, Іллінецький р-н, Вінницька обл., 22735","84","19","81","5","60","5","65","","0","60","5","65","2","63","0","0","1","1","1","0","25","1","0","0","0","1","0","1","1","31","29.10.12"
"050358","18","Вінницька область","будинок культури, зал
вул.Леніна, 7, с.Яструбинці, Іллінецький р-н, Вінницька обл., 22736","340","106","337","18","216","18","234","","0","216","18","234","9","225","0","2","4","0","1","0","112","5","1","3","11","8","2","6","1","69","29.10.12"
"050359","18","Вінницька область","будинок культури, зал
вул.Петровського, 7А, с.Леухи, Іллінецький р-н, Вінницька обл., 22756","940","192","934","62","691","57","748","","0","691","57","748","19","729","2","3","10","4","1","19","301","18","2","18","13","10","0","4","0","324","29.10.12"
"050360","18","Вінницька область","будинок культури, кімната бойової слави
вул.60-річчя Жовтня, 98, с.Павлівка, Іллінецький р-н, Вінницька обл., 22713","448","119","446","35","295","34","329","","0","295","34","329","11","318","3","8","2","2","0","11","126","9","0","20","6","2","2","8","1","118","28.10.12"
"050361","18","Вінницька область","клуб-бібліотека, зал
вул.Чкалова, 6, с.Слобідка, Іллінецький р-н, Вінницька обл., 22713","180","30","179","17","134","16","150","","0","134","16","150","6","144","0","3","1","1","3","5","79","4","0","5","2","1","0","4","1","35","29.10.12"
"050362","18","Вінницька область","школа, актовий зал
вул.Леніна, 58А, с.Паріївка, Іллінецький р-н, Вінницька обл., 22726","456","71","452","30","355","30","385","","0","355","30","385","8","377","4","4","2","2","0","6","258","5","0","10","16","1","0","10","0","59","29.10.12"
"050363","18","Вінницька область","школа, кл.1
вул.Шевченка, 25А, с.Райки, Іллінецький р-н, Вінницька обл., 22700","236","65","242","4","168","3","171","","0","168","3","171","13","158","3","1","3","1","2","3","94","5","2","4","6","0","0","0","2","32","29.10.12"
"050364","18","Вінницька область","клуб, фойє
вул.Щорса, 41, с.Росоховата, Іллінецький р-н, Вінницька обл., 22750","372","47","366","38","291","34","325","","0","291","34","325","7","318","0","1","3","1","1","2","192","1","2","1","1","0","1","8","0","104","29.10.12"
"050365","18","Вінницька область","клуб, фойє
вул.Леніна, 35, с.Слободище, Іллінецький р-н, Вінницька обл., 22755","688","192","679","40","458","38","496","","0","458","38","496","8","488","6","1","4","1","1","23","187","10","0","8","5","5","2","3","1","231","29.10.12"
"050366","18","Вінницька область","будинок культури, фойє
вул.Леніна, 7А, с.Тягун, Іллінецький р-н, Вінницька обл., 22710","396","102","385","25","271","23","294","","0","271","23","294","6","288","1","1","4","0","1","9","179","4","3","14","0","1","0","5","0","66","28.10.12"
"050367","18","Вінницька область","СТОВ ""Маяк"", актовий зал
вул.Леніна, 1Б, с.Володимирівка, Іллінецький р-н, Вінницька обл., 22711","280","57","275","22","203","20","223","","0","203","20","223","8","215","1","0","4","3","0","18","72","2","1","9","6","2","3","6","1","87","28.10.12"
"050368","18","Вінницька область","сільська рада, кімната засідань
вул.Першотравнева, 92, с.Хрінівка, Іллінецький р-н, Вінницька обл., 22724","440","114","439","32","295","31","326","","0","295","31","326","0","326","1","0","3","1","1","13","166","9","0","8","6","1","1","3","0","113","28.10.12"
"050369","18","Вінницька область","клуб, зал
вул.Леніна, 72А, с.Пархомівка, Іллінецький р-н, Вінницька обл., 22725","280","51","279","27","202","27","229","","0","202","27","229","6","223","1","1","2","1","1","5","172","4","1","3","5","0","1","2","0","24","29.10.12"
"050370","18","Вінницька область","будинок культури, зал
пл.Перемоги, 10, с.Якубівка, Іллінецький р-н, Вінницька обл., 22720","292","73","284","14","205","14","219","","0","205","14","219","5","214","1","1","2","1","0","5","79","4","0","26","3","2","0","6","1","83","28.10.12"
"050371","18","Вінницька область","клуб, зал
вул.1 Травня, 5Б, с.Лугова, Іллінецький р-н, Вінницька обл., 22720","72","5","72","6","61","6","67","","0","61","6","67","0","67","0","0","0","0","0","0","36","0","0","3","3","0","0","2","1","22","28.10.12"
"050372","18","Вінницька область","клуб, зал
вул.Некрасова, 1, с.Уланівка, Іллінецький р-н, Вінницька обл., 22720","160","39","156","10","111","10","121","","0","111","10","121","2","119","0","2","1","0","0","1","67","0","1","15","2","0","0","1","0","29","28.10.12"
"050373","18","Вінницька область","клуб РТМО, актовий зал
вул.Енгельса, 48, м.Іллінці, Іллінецький р-н, Вінницька обл., 22700","104","5","107","33","72","27","99","","0","72","27","99","2","97","0","0","1","0","1","3","78","0","0","5","0","0","0","0","0","9","29.10.12"
"050374","18","Вінницька область","поліклініка, фойє
вул.Пирогова, 2, смт Дашів, Іллінецький р-н, Вінницька обл., 22740","60","0","60","43","17","43","60","","0","17","43","60","0","60","0","0","0","0","0","0","58","0","0","0","0","0","0","0","0","2","29.10.12"
"050551","18","Вінницька область","районний будинок культури, актовий зал
вул.Шевченка, 2, м.Липовець, Липовецький р-н, Вінницька обл., 22500","1576","562","1553","37","979","35","1014","","0","979","35","1014","40","974","37","1","10","4","2","31","270","27","2","59","5","3","1","39","7","476","29.10.12"
"050552","18","Вінницька область","дитячо-юнацька спортивна школа, спортивний зал
вул.Шевченка, 6, м.Липовець, Липовецький р-н, Вінницька обл., 22500","1208","434","1191","24","751","23","774","","0","751","23","774","21","753","19","2","8","6","3","22","257","45","4","31","7","2","3","17","2","325","29.10.12"
"050553","18","Вінницька область","школа, каб.1
вул.Ілліча, 3, м.Липовець, Липовецький р-н, Вінницька обл., 22500","436","132","430","23","282","22","304","","0","282","22","304","5","299","10","0","1","1","1","10","124","20","0","8","1","1","2","10","1","109","29.10.12"
"050554","18","Вінницька область","школа №3, спортивний зал
вул.1 Травня, 1, м.Липовець, Липовецький р-н, Вінницька обл., 22500","2020","717","1995","93","1234","69","1303","","0","1234","69","1303","41","1262","44","2","11","11","1","60","344","53","3","83","6","8","2","53","3","578","29.10.12"
"050555","18","Вінницька область","школа №1, їдальня
вул.Шкільна, 2, м.Липовець, Липовецький р-н, Вінницька обл., 22500","1392","581","1370","69","748","63","811","","0","748","63","811","26","785","18","0","7","3","2","28","230","48","4","42","7","6","2","21","0","367","29.10.12"
"050556","18","Вінницька область","КП ""Комунсервіс"", бухгалтерія
вул.Леніна, 105, м.Липовець, Липовецький р-н, Вінницька обл., 22500","1084","373","1072","32","683","28","711","","0","683","28","711","30","681","13","1","5","6","2","24","158","38","0","37","3","3","4","29","1","357","29.10.12"
"050557","18","Вінницька область","школа, спортивний зал
вул.Волинська, 4А, с.Богданівка, Липовецький р-н, Вінницька обл., 22543","220","37","216","20","163","20","183","","0","163","20","183","1","182","6","0","0","0","0","6","115","8","1","4","0","1","1","2","9","29","28.10.12"
"050558","18","Вінницька область","сільський будинок культури, актовий зал
вул.Радянська, 10, с.Війтівці, Липовецький р-н, Вінницька обл., 22553","328","66","321","36","227","35","262","","0","227","35","262","8","254","2","1","2","1","0","3","167","1","2","5","2","1","0","6","0","61","29.10.12"
"050559","18","Вінницька область","сільський будинок культури, актовий зал
вул.Котовського, 80, с.Іваньки, Липовецький р-н, Вінницька обл., 22554","316","74","284","26","220","22","242","","0","220","22","242","8","234","6","0","4","1","1","0","121","4","1","33","2","1","0","2","1","57","29.10.12"
"050560","18","Вінницька область","клуб-бібліотека, актовий зал
вул.Делегатська, 3, с.Пісочин, Липовецький р-н, Вінницька обл., 22554","40","8","39","4","28","4","32","","0","28","4","32","2","30","4","1","0","0","0","0","14","3","1","1","0","1","0","2","0","3","29.10.12"
"050561","18","Вінницька область","Лозуватська сільська рада, кімната для засідань
вул.Леніна, 48, с.Лозувата, Липовецький р-н, Вінницька обл., 22533","352","87","343","31","234","31","265","","0","234","31","265","11","254","7","1","3","3","1","9","147","11","1","2","0","2","1","9","1","56","28.10.12"
"050562","18","Вінницька область","сільський будинок культури, актовий зал
вул.Першотравнева, 1, с.Лукашівка, Липовецький р-н, Вінницька обл., 22534","508","141","499","30","339","28","367","","0","339","28","367","16","351","13","0","5","0","0","8","149","3","1","10","4","0","0","12","0","146","29.10.12"
"050563","18","Вінницька область","сільський клуб, актовий зал
вул.Лесі Українки, 19, с.Берестівка, Липовецький р-н, Вінницька обл., 22534","276","84","279","28","168","24","192","","0","168","24","192","5","187","10","2","2","4","1","10","68","13","1","7","1","0","0","15","0","53","29.10.12"
"050564","18","Вінницька область","школа, актовий зал
вул.Перемоги, 18А, с.Нарцизівка, Липовецький р-н, Вінницька обл., 22535","184","49","179","22","115","20","135","","0","115","20","135","3","132","4","0","0","1","0","2","79","4","1","0","0","0","0","8","0","33","28.10.12"
"050565","18","Вінницька область","сільський клуб, актовий зал
вул.Піонерська, 1, с.Ясенки, Липовецький р-н, Вінницька обл., 22536","336","89","330","24","224","23","247","","0","224","23","247","14","233","12","1","3","1","0","8","121","6","0","2","0","1","0","11","1","66","29.10.12"
"050566","18","Вінницька область","ПСП ""Агрофірма ""Нападівська"", актовий зал
вул.Калініна, 27, с.Нападівка, Липовецький р-н, Вінницька обл., 22541","556","178","552","39","342","36","378","","0","342","36","378","18","360","14","3","3","1","2","9","235","15","3","8","0","2","1","10","0","54","29.10.12"
"050567","18","Вінницька область","фельдшерсько-акушерський пункт, каб.2
вул.Карла Маркса, 35, с.Вікентіївка, Липовецький р-н, Вінницька обл., 22500","136","35","137","13","89","12","101","","0","89","12","101","2","99","2","0","2","1","0","10","64","5","0","1","0","0","0","1","0","13","30.10.12"
"050568","18","Вінницька область","сільський будинок культури, актовий зал
вул.Леніна, 21, с.Попівка, Липовецький р-н, Вінницька обл., 22551","376","103","371","26","247","26","273","","0","247","26","273","6","267","12","1","3","1","1","14","138","30","1","1","0","3","1","20","3","38","28.10.12"
"050569","18","Вінницька область","сільський будинок культури, актовий зал
вул.Карла Маркса, 20А, с.Росоша, Липовецький р-н, Вінницька обл., 22542","1772","521","1756","133","1126","125","1251","","0","1126","125","1251","30","1221","22","2","3","2","2","29","746","8","0","9","3","3","1","26","0","365","29.10.12"
"050570","18","Вінницька область","ТОВ ""Липовецький елеватор"", актовий зал
вул.Привокзальна, 18, с-ще Липовець, Липовецький р-н, Вінницька обл., 22544","324","95","323","18","211","18","229","","0","211","18","229","2","227","6","1","1","1","1","5","137","12","0","3","1","0","1","3","1","54","29.10.12"
"050571","18","Вінницька область","школа, актовий зал
вул.Садова, 30, с.Скитка, Липовецький р-н, Вінницька обл., 22545","444","143","439","55","249","52","301","","0","249","52","301","4","297","9","2","4","2","1","5","148","13","0","5","1","3","0","4","0","100","29.10.12"
"050572","18","Вінницька область","фельдшерсько-акушерський пункт, каб.2
вул.Струтинського, 13, с.Хороша, Липовецький р-н, Вінницька обл., 22545","340","86","336","29","226","28","254","","0","226","28","254","5","249","6","1","2","0","1","11","91","17","1","7","0","1","2","11","0","98","29.10.12"
"050573","18","Вінницька область","сільський будинок культури, актовий зал
вул.Леніна, 5, с.Славна, Липовецький р-н, Вінницька обл., 22540","328","110","324","18","201","17","218","","0","201","17","218","5","213","7","3","4","1","2","11","96","7","1","7","2","2","1","6","1","62","29.10.12"
"050574","18","Вінницька область","сільський клуб, актовий зал
вул.Леніна, 26, с.Ганнівка, Липовецький р-н, Вінницька обл., 22540","112","34","108","3","77","1","78","","0","77","1","78","1","77","4","1","0","0","0","1","52","2","0","2","1","0","0","1","0","13","29.10.12"
"050575","18","Вінницька область","СТОВ ""Дружба"", кімната для засідань
вул.Леніна, 20, с.Улянівка, Липовецький р-н, Вінницька обл., 22540","52","9","50","10","33","10","43","","0","33","10","43","0","43","2","0","0","0","0","2","28","0","0","1","0","0","0","0","0","10","28.10.12"
"050576","18","Вінницька область","сільський будинок культури, актовий зал
вул.Гагаріна, 2, с.Струтинка, Липовецький р-н, Вінницька обл., 22550","368","89","366","65","222","57","279","","0","222","57","279","7","272","4","1","3","0","0","6","148","7","1","28","2","2","0","9","0","61","29.10.12"
"050577","18","Вінницька область","сільський клуб, актовий зал
вул.Шкільна, 35, с.Троща, Липовецький р-н, Вінницька обл., 22552","340","93","333","35","215","32","247","","0","215","32","247","3","244","4","0","1","1","0","3","111","4","1","11","1","1","0","5","1","100","28.10.12"
"050578","18","Вінницька область","сільський будинок культури, актовий зал
вул.Будьонного, 1Е, с.Щаслива, Липовецький р-н, Вінницька обл., 22532","684","201","679","51","436","47","483","","0","436","47","483","17","466","15","2","2","1","4","10","243","7","3","34","4","2","0","12","0","127","29.10.12"
"050579","18","Вінницька область","сільський клуб, актовий зал
вул.Поповича, 29А, с.Білозерівка, Липовецький р-н, Вінницька обл., 22532","140","41","138","17","82","17","99","","0","82","17","99","4","95","2","1","0","0","0","1","21","5","0","7","0","1","0","4","0","53","29.10.12"
"050580","18","Вінницька область","будинок комунальної власності, загальна кімната
вул.Садова, 42А, с.Королівка, Липовецький р-н, Вінницька обл., 22532","88","11","88","12","66","11","77","","0","66","11","77","3","74","4","1","2","0","0","0","37","2","0","2","1","0","0","4","0","21","29.10.12"
"050581","18","Вінницька область","Турбівська селищна рада, кімната для засідань
вул.Миру, 42, смт Турбів, Липовецький р-н, Вінницька обл., 22513","1748","677","1739","62","1014","57","1071","","0","1014","57","1071","35","1036","45","4","14","9","4","56","315","55","4","29","5","5","6","28","3","454","29.10.12"
"050582","18","Вінницька область","школа №2, актовий зал
вул.Миру, 80, смт Турбів, Липовецький р-н, Вінницька обл., 22513","1624","608","1610","57","961","55","1016","","0","961","55","1016","17","999","56","1","11","9","3","38","376","23","1","33","3","2","1","27","2","413","29.10.12"
"050583","18","Вінницька область","школа №1, актовий зал
вул.Миру, 24, смт Турбів, Липовецький р-н, Вінницька обл., 22513","1144","392","1130","70","691","61","752","","0","691","61","752","15","737","49","5","12","4","2","22","359","24","2","10","2","6","2","19","4","215","29.10.12"
"050584","18","Вінницька область","САТ ""Турбівське"", актовий зал
пров.І Шевченка, 43, смт Турбів, Липовецький р-н, Вінницька обл., 22513","984","341","978","49","596","47","643","","0","596","47","643","32","611","62","5","17","5","3","29","225","27","6","12","4","3","4","19","2","188","29.10.12"
"050585","18","Вінницька область","сільський клуб, актовий зал
вул.Леніна, 51, с.Біла, Липовецький р-н, Вінницька обл., 22520","240","40","233","25","178","22","200","","0","178","22","200","8","192","2","0","0","1","0","1","156","6","0","0","0","1","2","5","0","18","29.10.12"
"050586","18","Вінницька область","фельдшерсько-акушерський пункт, каб.2
вул.Щорса, 38, с.Шендерівка, Липовецький р-н, Вінницька обл., 22520","140","27","136","12","102","11","113","","0","102","11","113","4","109","0","0","0","1","0","8","89","1","1","0","2","0","0","1","1","5","29.10.12"
"050587","18","Вінницька область","сільський будинок культури, актовий зал
вул.Леніна, 69, с.Брицьке, Липовецький р-н, Вінницька обл., 22523","348","106","339","38","212","30","242","","0","212","30","242","6","236","7","0","5","3","1","12","143","12","0","20","0","2","0","6","0","25","28.10.12"
"050588","18","Вінницька область","сільський будинок культури, актовий зал
вул.60-річчя Жовтня, 4, с.Вахнівка, Липовецький р-н, Вінницька обл., 22524","884","386","883","49","454","44","498","","0","454","44","498","16","482","22","3","9","4","0","15","248","16","6","11","2","2","2","12","1","129","29.10.12"
"050589","18","Вінницька область","СФГ ""Ольга"", кімната для засідань
вул.60-річчя Жовтня, 148, с.Вахнівка, Липовецький р-н, Вінницька обл., 22524","372","126","370","26","225","21","246","","0","225","21","246","5","241","14","2","6","2","2","2","101","8","1","9","0","1","0","6","0","87","29.10.12"
"050590","18","Вінницька область","сільський клуб, актовий зал
вул.Перемоги, 1 А, с.Журава, Липовецький р-н, Вінницька обл., 22524","240","91","240","17","133","16","149","","0","133","16","149","11","138","6","0","2","0","0","4","62","6","1","14","1","1","1","4","0","36","29.10.12"
"050591","18","Вінницька область","сільський будинок культури, актовий зал
вул.Леніна, 53, с.Вербівка, Липовецький р-н, Вінницька обл., 22522","336","82","334","24","234","20","254","","0","234","20","254","5","249","6","0","2","1","1","4","169","5","2","7","2","1","1","8","0","40","29.10.12"
"050592","18","Вінницька область","сільський будинок культури, актовий зал
вул.Леніна, 47, с.Зозів, Липовецький р-н, Вінницька обл., 22525","1080","338","1071","100","642","100","742","","0","642","100","742","16","726","25","3","14","9","2","41","240","19","1","20","2","2","1","24","1","322","28.10.12"
"050593","18","Вінницька область","сільський клуб, актовий зал
вул.Будьонного, 9, с.Зозівка, Липовецький р-н, Вінницька обл., 22521","344","97","252","31","221","26","247","","0","221","26","247","7","240","6","0","1","1","0","11","171","3","0","1","1","1","0","7","3","34","29.10.12"
"050594","18","Вінницька область","сільський будинок культури, актовий зал
вул.Перемоги, 17, с.Козинці, Липовецький р-н, Вінницька обл., 22530","264","42","261","31","192","30","222","","0","192","30","222","6","216","6","2","4","2","1","3","139","1","0","2","1","0","1","2","0","52","29.10.12"
"050595","18","Вінницька область","сільський клуб, актовий зал
вул.50-річчя Перемоги, 12, с.Кобильня, Липовецький р-н, Вінницька обл., 22530","216","26","222","25","166","24","190","","0","166","24","190","8","182","4","0","0","0","0","9","113","10","0","0","0","1","2","6","1","36","29.10.12"
"050596","18","Вінницька область","сільський клуб, актовий зал
вул.Першотравнева, 48, с.Коханівка, Липовецький р-н, Вінницька обл., 22530","288","47","286","29","212","29","241","","0","212","29","241","4","237","2","0","1","1","1","4","170","8","0","0","0","0","0","3","2","45","29.10.12"
"050597","18","Вінницька область","сільський будинок культури, актовий зал
вул.Миру, 32, с.Свердлівка, Липовецький р-н, Вінницька обл., 22530","272","60","273","33","179","33","212","","0","179","33","212","3","209","7","1","2","2","1","4","137","11","4","3","0","0","0","5","0","32","29.10.12"
"050598","18","Вінницька область","Костянтинівська сільська рада, кімната засідань
вул.Миру, 31, с.Костянтинівка, Липовецький р-н, Вінницька обл., 22510","488","132","486","40","319","37","356","","0","319","37","356","10","346","12","0","5","4","2","10","189","10","2","7","5","4","2","4","0","90","29.10.12"
"050599","18","Вінницька область","будинок тваринника, загальна кімната
вул.Жовтневої Революції, 18, с.Петрівка, Липовецького р-н, Вінницька обл., 22510","56","8","54","5","43","5","48","","0","43","5","48","3","45","0","0","0","0","0","1","33","2","0","1","0","1","0","1","0","6","29.10.12"
"050600","18","Вінницька область","фельдшерсько-акушерський пункт, каб.2
вул.Революційна, 35, с.Чупринівка, Липовецький р-н, Вінницька обл., 22510","84","21","81","4","59","4","63","","0","59","4","63","2","61","3","0","0","0","0","0","45","4","0","0","0","0","1","2","0","6","29.10.12"
"050601","18","Вінницька область","сільський будинок культури, актовий зал
вул.Першотравнева, 47, с.Нова Прилука, Липовецький р-н, Вінницька обл., 22512","1368","434","1373","91","860","74","934","","0","860","74","934","12","922","38","3","11","0","3","17","407","25","2","13","1","7","3","20","5","367","28.10.12"
"050602","18","Вінницька область","школа, спортивний зал
вул.Івана Франка, 1, с.Приборівка, Липовецький р-н, Вінницька обл., 22515","928","272","916","58","603","53","656","","0","603","53","656","5","651","3","0","3","0","0","3","534","2","0","0","0","1","0","1","0","104","29.10.12"
"050603","18","Вінницька область","сільський клуб, актовий зал
вул.Шкільна, 16, с.Косаківка, Липовецький р-н, Вінницька обл., 22515","244","50","245","15","179","15","194","","0","179","15","194","2","192","16","1","1","0","0","3","109","13","2","1","0","2","2","3","1","38","29.10.12"
"050604","18","Вінницька область","сільський клуб, актовий зал
вул.60-річчя Жовтня, 98, с.Сиваківці, Липовецький р-н, Вінницька обл., 22514","812","183","806","87","544","85","629","","0","544","85","629","26","603","4","2","14","1","0","28","360","10","1","40","0","7","2","7","0","127","29.10.12"
"050605","18","Вінницька область","Староприлуцька сільська рада, кімната для засідань
вул.Гагаріна, 54, с.Стара Прилука, Липовецький р-н, Вінницька обл., 22511","1008","276","1004","84","654","78","732","","0","654","78","732","5","727","22","4","2","1","1","2","439","2","0","3","1","4","1","12","0","233","30.10.12"
"050606","18","Вінницька область","центральна районна лікарня, актовий зал
вул.Пирогова, 9, м.Липовець, Липовецький р-н, Вінницька обл., 22500","128","46","92","18","70","12","82","","0","70","12","82","2","80","1","0","1","0","0","0","56","2","0","1","0","0","1","0","0","18","28.10.12"
"050770","18","Вінницька область","будинок культури, хол
вул.Горького, 89, м.Немирів, Немирівський р-н, Вінницька обл., 22800","1820","659","1818","36","1129","32","1161","","0","1129","32","1161","39","1122","30","0","10","7","2","23","339","79","4","66","3","13","4","36","2","504","30.10.12"
"050771","18","Вінницька область","будівельний технікум, актовий зал
вул.Луначарського, 29, м.Немирів, Немирівський р-н, Вінницька обл., 22800","1784","660","1770","16","1110","14","1124","","0","1110","14","1124","33","1091","32","5","9","5","2","29","331","74","0","77","13","8","4","21","2","479","29.10.12"
"050772","18","Вінницька область","будинок культури спиртзаводу, зал
вул.Горького, 31, м.Немирів, Немирівський р-н, Вінницька обл., 22800","1312","390","1311","33","890","32","922","","0","890","32","922","25","897","16","6","6","2","5","33","241","68","3","75","5","5","1","13","2","416","29.10.12"
"050773","18","Вінницька область","спортивний комплекс, спотивний зал
вул.Леніна, 78, м.Немирів, Немирівський р-н, Вінницька обл., 22800","1700","523","1692","29","1150","27","1177","","0","1150","27","1177","12","1165","19","4","7","12","7","44","298","70","6","76","14","8","1","45","2","552","29.10.12"
"050774","18","Вінницька область","школа-інтернат, спортивний зал
вул.Горького, 191, м.Немирів, Немирівський р-н, Вінницька обл., 22800","1856","729","1855","18","1109","18","1127","","0","1109","18","1127","29","1098","19","2","11","8","5","33","295","77","1","72","14","5","2","26","3","525","29.10.12"
"050775","18","Вінницька область","будинок культури, хол
вул.Леніна, 6, смт Брацлав, Немирівський р-н, Вінницька обл., 22870","1228","538","1216","80","618","72","690","","0","618","72","690","62","628","12","4","8","3","10","21","187","33","4","143","6","2","4","12","6","173","29.10.12"
"050776","18","Вінницька область","школа №1, актовий зал
вул.Комінтерна, 7, смт Брацлав, Немирівський р-н, Вінницька обл., 22870","1512","637","1508","23","857","18","875","","0","857","18","875","26","849","10","0","6","2","6","18","278","70","2","144","5","9","0","14","2","283","29.10.12"
"050777","18","Вінницька область","школа №2, актовий зал
вул.Кармелюка, 19, смт Брацлав, Немирівський р-н, Вінницька обл., 22870","1124","432","1140","37","655","37","692","","0","655","37","692","16","676","5","1","5","3","7","20","323","45","1","109","2","5","1","16","2","131","29.10.12"
"050778","18","Вінницька область","школа, спортивний зал
вул.Івана Франка, 5, смт Ситківці, Немирівський р-н, Вінницька обл., 22865","980","363","969","51","571","46","617","","0","571","46","617","10","607","8","3","6","6","3","25","180","16","1","151","1","3","2","8","0","194","29.10.12"
"050779","18","Вінницька область","будинок культури, актовий зал
вул.Мандролька, 19, смт Ситківці, Немирівський р-н, Вінницька обл., 22865","864","357","849","81","435","72","507","","0","435","72","507","20","487","9","3","4","3","1","13","143","21","1","120","0","8","1","6","2","152","29.10.12"
"050780","18","Вінницька область","сільська рада, зал засідань
вул.Шкільна, 5А, с.Байраківка, Немирівський р-н, Вінницька обл., 22814","332","97","328","42","195","40","235","","0","195","40","235","3","232","5","2","1","2","2","4","126","10","2","10","0","2","2","0","2","62","29.10.12"
"050781","18","Вінницька область","фельдшерсько-акушерський пункт, оглядова кімната
вул.Космонавтів, 1А, с.Дубмаслівка, Немирівський р-н, Вінницька обл., 22814","104","19","101","24","63","22","85","","0","63","22","85","3","82","0","1","0","1","0","2","54","2","0","2","0","1","1","1","1","16","29.10.12"
"050782","18","Вінницька область","клуб, хол
вул.Жученка, 11А, с.Глинянець, Немирівський р-н, Вінницька обл., 22814","140","27","139","21","93","20","113","","0","93","20","113","4","109","1","0","3","0","3","2","66","4","0","1","1","1","2","1","0","24","29.10.12"
"050783","18","Вінницька область","будинок культури, приміщення для засідань
вул.Леніна, 32, с.Боблів, Немирівський р-н, Вінницька обл., 22813","320","83","317","27","212","25","237","","0","212","25","237","5","232","1","1","3","0","1","1","148","5","0","0","1","0","1","1","0","69","29.10.12"
"050784","18","Вінницька область","школа, їдальня
вул.Х.Малика, 1, с.Бондурівка, Немирівський р-н, Вінницька обл., 22832","176","45","173","21","113","18","131","","0","113","18","131","4","127","0","1","0","0","2","1","70","4","0","26","1","1","0","0","0","21","29.10.12"
"050785","18","Вінницька область","школа, кабінет початкових класів
вул.Клубна, 1, с.Мар’янівка, Немирівський р-н, Вінницька обл., 22832","120","27","118","17","77","16","93","","0","77","16","93","3","90","1","1","2","0","0","1","48","0","0","14","0","1","0","3","0","19","29.10.12"
"050786","18","Вінницька область","будинок культури, актовий зал
вул.А.Мовчана, 33, с.Бугаків, Немирівський р-н, Вінницька обл., 22852","428","140","425","20","269","19","288","","0","269","19","288","9","279","1","2","1","2","1","16","135","5","2","21","1","2","0","9","1","80","29.10.12"
"050787","18","Вінницька область","будинок культури, приміщення для засідань
вул.Леніна, 11А, с.Велика Бушинка, Немирівський р-н, Вінницька обл., 22845","1012","311","1010","51","652","49","701","","0","652","49","701","18","683","3","2","3","1","1","26","210","26","1","59","3","2","3","15","1","327","29.10.12"
"050788","18","Вінницька область","школа, спортивний зал
вул.50річчя Жовтня, 1, с.Вишківці, Немирівський р-н, Вінницька обл., 22847","432","125","431","26","284","23","307","","0","284","23","307","10","297","4","0","0","1","4","8","134","9","1","38","2","0","0","3","0","93","29.10.12"
"050789","18","Вінницька область","клуб, актовий зал
вул.50річчя Жовтня, 35, с.Забужжя, Немирівський р-н, Вінницька обл., 22848","192","42","189","20","131","19","150","","0","131","19","150","8","142","1","0","2","1","1","2","67","8","1","2","0","0","1","3","0","53","29.10.12"
"050790","18","Вінницька область","будинок культури, приміщення для засідань
вул.Леніна, 2, с.Вища Кропивна, Немирівський р-н, Вінницька обл., 22867","464","136","462","52","277","51","328","","0","277","51","328","11","317","0","2","2","1","1","6","191","4","2","12","1","2","3","6","0","84","29.10.12"
"050791","18","Вінницька область","школа, коридор
вул.Коцюбинського, 13А, с.Вовчок, Немирівський р-н, Вінницька обл., 22855","620","176","619","38","406","38","444","","0","406","38","444","15","429","4","1","1","4","2","10","200","17","3","53","6","2","0","6","0","120","29.10.12"
"050792","18","Вінницька область","школа-сад, ігрова кімната
вул.Мазура, 24А, с.Довжок, Немирівський р-н, Вінницька обл., 22855","148","25","147","21","102","21","123","","0","102","21","123","1","122","0","0","2","1","0","1","75","2","0","3","2","1","2","5","0","28","29.10.12"
"050793","18","Вінницька область","школа, спортивний зал
вул.Леніна, 22, с.Воловодівка, Немирівський р-н, Вінницька обл., 22810","328","68","328","35","227","33","260","","0","227","33","260","9","251","1","1","5","2","0","13","188","4","0","6","0","2","0","5","0","24","29.10.12"
"050794","18","Вінницька область","сільська рада, кабінет голови
вул.Братів Тернових, 24, с.Ворбіївка, Немирівський р-н, Вінницька обл., 22844","296","77","293","31","191","28","219","","0","191","28","219","5","214","3","1","2","2","1","4","90","5","1","11","2","0","2","8","0","82","29.10.12"
"050795","18","Вінницька область","школа, кабінет німецької мови
вул.Ковпака, 4, с.Головеньки, Немирівський р-н, Вінницька обл., 22891","308","75","304","30","205","28","233","","0","205","28","233","7","226","0","5","4","1","0","4","110","17","1","10","2","0","1","5","0","66","29.10.12"
"050796","18","Вінницька область","сільська рада, зал засідань
вул.Леніна, 54, с.Грабовець, Немиріський р-н, Вінницька обл., 22874","444","166","439","52","229","49","278","","0","229","49","278","3","275","3","0","5","1","4","2","186","5","1","12","1","3","1","6","1","44","29.10.12"
"050797","18","Вінницька область","школа, спортивний зал
вул.Леніна, 49, с.Гриненки, Немирівський р-н, Вінницька обл., 22873","316","82","315","38","197","37","234","","0","197","37","234","6","228","1","0","2","1","2","1","154","8","2","20","0","1","0","6","0","30","29.10.12"
"050798","18","Вінницька область","сільська рада, хол
вул.Леніна, 1, с.Джуринці, Немирівський р-н, Вінницька обл., 22864","316","76","314","30","210","30","240","","0","210","30","240","7","233","1","1","3","1","1","3","151","2","0","30","4","2","0","2","1","31","29.10.12"
"050799","18","Вінницька область","адмінбудинок СВК ""Поділля"", зал засідань
вул.Леніна, 38, с.Зарудинці, Немирівський р-н, Вінницька обл., 22850","312","62","310","29","221","29","250","","0","221","29","250","6","244","3","2","3","2","2","9","109","6","1","11","0","2","2","4","0","88","29.10.12"
"050800","18","Вінницька область","клуб, актовий зал
вул.Привокзальна, 14, с-ще Кароліна, Немирівський р-н, Вінницька обл., 22850","216","61","217","18","138","17","155","","0","138","17","155","3","152","1","2","2","0","0","1","66","5","0","10","0","0","1","6","0","58","29.10.12"
"050801","18","Вінницька область","клуб, актовий зал
вул.Лісова, 2, с.Озеро, Немирівський р-н, Вінницька обл., 22850","188","43","188","12","133","12","145","","0","133","12","145","2","143","1","0","1","1","0","5","57","3","0","1","1","2","0","3","0","68","29.10.12"
"050802","18","Вінницька область","фельдшерсько-акушерський пункт, оглядова кімната
вул.Зелена, 28, с.Вовчок, Немирівський р-н, Вінницька обл., 22851","96","26","96","14","56","14","70","","0","56","14","70","0","70","1","0","0","0","0","1","34","0","0","0","1","0","0","0","0","33","29.10.12"
"050803","18","Вінницька область","сільська рада, зал засідань
вул.Перемоги, 54, с.Зяньківці, Немирівський р-н, Вінницька обл., 22882","184","38","185","16","130","16","146","","0","130","16","146","0","146","2","0","1","0","1","6","58","11","4","13","1","1","1","5","1","41","29.10.12"
"050804","18","Вінницька область","фельдшерсько-акушерський пункт, оглядова кімната
вул.Жовтнева, 54, с.Анциполівка, Немирівський р-н, Вінницька обл., 22882","96","18","99","17","61","17","78","","0","61","17","78","4","74","0","0","2","0","1","1","35","4","0","4","0","0","1","0","0","26","29.10.12"
"050805","18","Вінницька область","будинок культури, актовий зал
пл.Незалежності, 2, с.Кірове, Немирівський р-н, Вінницька обл., 22833","1176","492","1156","53","632","52","684","","0","632","52","684","19","665","0","1","6","2","2","38","213","33","1","63","5","5","2","19","2","273","29.10.12"
"050806","18","Вінницька область","клуб, актовий зал
вул.Садова, 26, с.Селевинці, Немирівський р-н, Вінницька обл., 22801","316","84","310","37","198","34","232","","0","198","34","232","8","224","0","0","2","2","1","5","88","8","0","17","3","2","1","3","1","91","28.10.12"
"050807","18","Вінницька область","школа, їдальня
вул.Пришкільна, 7, с.Монастирок, Немирівський р-н, Вінницька обл., 22801","208","62","203","13","134","12","146","","0","134","12","146","6","140","0","1","0","1","0","4","56","7","0","4","0","0","0","1","0","66","29.10.12"
"050808","18","Вінницька область","будинок культури, танцювальний зал
вул.Леніна, 2, с.Ковалівка, Немирівський р-н, Вінницька обл., 22830","1104","416","1094","20","669","19","688","","0","669","19","688","18","670","13","2","5","1","5","17","309","28","1","19","2","6","3","22","0","237","29.10.12"
"050809","18","Вінницька область","школа, актовий зал
вул.Н.Крупської, 3, с.Ковалівка, Немирівський р-н, Вінницька обл., 22830","1588","679","1573","45","864","45","909","","0","864","45","909","31","878","13","3","12","5","8","25","309","55","4","44","8","10","3","48","2","329","29.10.12"
"050810","18","Вінницька область","клуб, хол
вул.Дружби, 31, с.Потоки, Немирівський р-н, Вінницька обл., 22832","172","32","169","12","129","11","140","","0","129","11","140","2","138","1","1","0","0","1","2","89","4","0","18","2","1","0","3","2","14","29.10.12"
"050811","18","Вінницька область","адмінбудинок ВСК ""Надія"", зал засідань
вул.Перемоги, 16, с.Коржівка, Немирівський р-н, Вінницька обл., 22856","200","47","198","38","115","38","153","","0","115","38","153","1","152","1","0","1","0","0","1","112","2","1","21","0","1","0","2","0","10","28.10.12"
"050812","18","Вінницька область","будинок культури, актовий зал
вул.Леніна, 3, с.Криківці, Немирівський р-н, Вінницька обл., 22834","368","102","366","33","234","32","266","","0","234","32","266","7","259","0","1","2","1","0","1","112","3","1","11","0","0","0","3","1","123","29.10.12"
"050813","18","Вінницька область","клуб, актовий зал
вул.Миру, 2, с.Будки, Немирівський р-н, Вінницька обл., 22835","184","28","185","15","141","15","156","","0","141","15","156","4","152","1","1","0","1","1","5","63","6","0","3","1","1","1","0","0","68","29.10.12"
"050814","18","Вінницька область","клуб, актовий зал
вул.Клубна, 48, с.Сорокотяжинці, Немирівський р-н, Вінницька обл., 22835","176","40","173","25","112","24","136","","0","112","24","136","11","125","1","1","3","1","1","2","43","5","0","11","1","0","2","1","0","53","29.10.12"
"050815","18","Вінницька область","клуб, актовий зал
вул.Першотравнева, 15, с.Кудлаї, Немирівський р-н, Вінницька обл., 22820","240","65","237","24","152","23","175","","0","152","23","175","2","173","2","2","1","1","1","0","107","5","1","1","0","1","0","5","0","46","29.10.12"
"050816","18","Вінницька область","школа, спортивний зал
вул.Шкільна, 10, с.Дубовець, Немирівський р-н, Вінницька обл., 22820","264","80","264","29","155","29","184","","0","155","29","184","1","183","2","2","1","0","0","6","73","9","0","5","0","0","0","5","0","80","29.10.12"
"050817","18","Вінницька область","будинок культури, актовий зал
вул.Леніна, 116, с.Марксове, Немирівський р-н, Вінницька обл., 22872","704","205","701","51","449","50","499","","0","449","50","499","11","488","8","5","4","2","1","8","266","1","62","5","0","2","9","16","0","99","29.10.12"
"050818","18","Вінницька область","школа, коридор
вул.Леніна, 10, с.Медвежа, Немирівський р-н, Вінницька обл., 22822","428","100","429","27","302","26","328","","0","302","26","328","15","313","3","3","7","1","2","8","145","3","2","31","1","4","0","8","0","95","29.10.12"
"050819","18","Вінницька область","школа, кабінет початкових класів
вул.Чапаєва, 1, с.Гостинне, Немирівський р-н, Вінницька обл., 22823","292","94","289","22","176","22","198","","0","176","22","198","4","194","1","0","4","4","1","3","120","15","1","5","2","2","0","5","1","30","29.10.12"
"050820","18","Вінницька область","школа, спортивний зал
вул.Миру, 11, с.Мельниківці, Немирівський р-н, Вінницька обл., 22860","268","72","264","31","165","31","196","","0","165","31","196","4","192","0","1","0","1","0","3","121","4","0","6","1","0","2","1","0","52","29.10.12"
"050821","18","Вінницька область","клуб, коридор
вул.Леніна, 22, с.Червоне, Немирівський р-н, Вінницька обл., 22861","420","66","416","37","317","37","354","","0","317","37","354","6","348","3","4","8","1","1","4","179","15","2","14","0","2","1","5","2","107","29.10.12"
"050822","18","Вінницька область","школа, коридор
вул.Гагаріна, 28, с.Мухівці, Немирівський р-н, Вінницька обл., 22840","1168","325","1165","52","792","51","843","","0","792","51","843","18","825","7","0","4","4","0","22","434","32","1","47","2","5","4","18","0","245","29.10.12"
"050823","18","Вінницька область","клуб, хол
вул.Леніна, 45А, с.Шолудьки, Немирівський р-н, Вінницька обл., 22842","168","25","168","13","131","12","143","","0","131","12","143","12","131","0","1","0","1","0","2","45","2","0","10","2","0","0","3","0","65","29.10.12"
"050824","18","Вінницька область","клуб, актовий зал
вул.Жовтнева, 22А, с.Мала Бушинка, Немирівський р-н, Вінницька обл., 22841","104","24","103","6","75","5","80","","0","75","5","80","6","74","0","0","0","0","1","1","45","2","1","1","0","0","1","4","0","18","29.10.12"
"050825","18","Вінницька область","будинок культури, актовий зал
вул.Леніна, 39, с.Никифорівці, Немирівський р-н, Вінницька обл., 22821","340","86","341","38","217","37","254","","0","217","37","254","11","243","3","1","0","2","2","8","118","17","1","20","4","3","0","3","0","61","29.10.12"
"050826","18","Вінницька область","клуб-бібліотека, актовий зал
вул.Леніна, 5, с.Лука, Немирівський р-н, Вінницька обл., 22821","240","68","239","24","148","24","172","","0","148","24","172","5","167","1","2","1","1","0","3","119","7","1","6","0","2","0","2","1","21","29.10.12"
"050827","18","Вінницька область","школа, хол
вул.Мельника, 26, с.Нові Обиходи, Немирівський р-н, Вінницька обл., 22856","512","177","503","52","285","50","335","","0","285","50","335","9","326","5","0","2","1","1","7","154","14","0","10","2","2","2","9","2","115","29.10.12"
"050828","18","Вінницька область","клуб, хол
вул.Бугова, 24, с.Новоселівка, Немирівський р-н, Вінницька обл., 22883","288","78","293","32","183","27","210","","0","183","27","210","8","202","1","0","2","3","1","2","82","6","0","31","2","2","3","7","0","60","29.10.12"
"050829","18","Вінницька область","будинок культури, актовий зал
вул.Центральна, 9, с.Обідне, Немирівський р-н, Вінницька обл., 22811","376","45","375","28","306","25","331","","0","306","25","331","2","329","3","1","3","1","2","1","212","13","1","2","2","2","1","3","3","79","29.10.12"
"050830","18","Вінницька область","будинок культури, зал засідань
вул.Успенська, 3, с.Ометинці, Немирівський р-н, Вінницька обл., 22862","464","128","460","34","307","29","336","","0","307","29","336","9","327","2","4","2","2","3","7","154","2","1","20","2","0","0","15","1","112","29.10.12"
"050831","18","Вінницька область","будинок культури, хол
вул.Леніна, 14, с.Райгород, Немирівський р-н, Вінницька обл., 22880","748","247","742","51","452","49","501","","0","452","49","501","9","492","2","2","3","3","2","4","191","34","3","8","0","0","4","11","4","221","29.10.12"
"050832","18","Вінницька область","клуб, актовий зал
вул.Грабовського, 30, с.Нища Кропивна, Немирівський р-н, Вінницька обл., 22881","168","42","163","10","116","10","126","","0","116","10","126","5","121","0","3","3","0","0","3","49","4","0","0","1","3","0","1","1","53","29.10.12"
"050833","18","Вінницька область","будинок культури, обрядовий зал
вул.Чапаєва, 63, с.Рубань, Немирівський р-н, Вінницька обл., 22831","584","201","587","59","327","56","383","","0","327","56","383","11","372","4","0","4","0","4","14","121","10","2","36","2","1","1","8","1","164","29.10.12"
"050834","18","Вінницька область","будинок культури, хол
вул.Молодіжна, 13А, с.Семенки, Немирівський р-н, Вінницька обл., 22881","232","58","231","24","151","23","174","","0","151","23","174","12","162","2","0","1","1","1","1","83","3","2","2","0","1","0","0","1","64","29.10.12"
"050835","18","Вінницька область","бібліотека, читальний зал
вул.Перемоги, 11А, с.Салинці, Немирівський р-н, Вінницька обл., 22882","108","26","105","16","67","15","82","","0","67","15","82","2","80","1","1","1","2","0","1","48","0","0","4","0","1","0","0","1","20","29.10.12"
"050836","18","Вінницька область","сільська рада, зал засідань
вул.Центральна, 35, с.Скрицьке, Немирівський р-н, Вінницька обл., 22883","152","49","148","8","95","8","103","","0","95","8","103","1","102","0","1","3","0","1","2","68","6","1","8","0","0","0","3","0","9","29.10.12"
"050837","18","Вінницька область","будинок культури, актовий зал
вул.Леніна, 21, с.Сокілець, Немирівський р-н, Вінницька обл., 22846","616","179","608","60","381","56","437","","0","381","56","437","14","423","2","4","3","1","1","6","209","12","1","16","0","0","1","15","0","152","29.10.12"
"050838","18","Вінницька область","клуб, актовий зал
вул.Олексіївська, 30, с.Олексіївка, Немирівський р-н, Вінницька обл., 22846","100","26","98","16","58","16","74","","0","58","16","74","2","72","1","0","2","0","0","0","18","3","0","0","0","1","0","0","0","47","29.10.12"
"050839","18","Вінницька область","школа, коридор
вул.Центральна, 15, с.Сподахи, Немирівський р-н, Вінницька обл., 22812","524","144","513","58","322","58","380","","0","322","58","380","10","370","6","2","2","5","3","9","216","11","4","8","1","3","3","5","1","91","29.10.12"
"050840","18","Вінницька область","будинок культури, актовий зал
вул.Леніна, 21Б, с.Стрільчинці, Немирівський р-н, Вінницька обл., 22843","376","62","370","33","281","33","314","","0","281","33","314","11","303","2","1","0","4","0","10","175","10","1","2","0","2","1","9","2","84","29.10.12"
"050841","18","Вінницька область","будинок культури, хол
вул.Леонтовича, 4, с.Чуків, Немирівський р-н, Вінницька обл., 22851","688","224","680","49","415","49","464","","0","415","49","464","13","451","7","4","3","1","5","28","158","21","1","35","3","1","2","24","1","157","29.10.12"
"050842","18","Вінницька область","клуб, актовий зал
вул.Мельниченка, 17, с.Остапківці, Немирівський р-н, Віінницька обл., 22853","168","44","163","15","109","15","124","","0","109","15","124","4","120","0","0","2","0","1","5","41","7","0","41","0","1","1","1","0","20","29.10.12"
"050843","18","Вінницька область","клуб, актовий зал
вул.Леніна, 9, с.Перепеличчя, Немирівський р-н, Вінницька обл., 22854","112","24","112","19","70","18","88","","0","70","18","88","1","87","0","0","5","0","1","0","41","3","1","0","0","0","0","2","1","33","29.10.12"
"050844","18","Вінницька область","будинок культури, хол
вул.Центральна, 9, с.Юрківці, Немирівський р-н, Вінницька обл., 22863","536","145","533","32","360","31","391","","0","360","31","391","7","384","0","4","0","0","1","13","247","4","2","21","4","3","2","11","0","72","29.10.12"
"050845","18","Вінницька область","клуб, актовий зал
вул.І.Богуна, 72, с.Язвинки, Немирівський р-н, Вінницька обл., 22826","216","62","211","20","135","19","154","","0","135","19","154","8","146","1","1","3","2","2","2","68","5","1","1","0","0","1","4","0","55","29.10.12"
"050846","18","Вінницька область","будинок культури, актовий зал
вул.Молодіжна, 35, с.Гунька, Немирівський р-н, Вінницька обл., 22826","516","134","513","31","353","29","382","","0","353","29","382","10","372","4","3","2","1","1","11","171","9","1","17","3","6","2","12","0","129","29.10.12"
"050847","18","Вінницька область","школа, кабінет початкових класів
вул.Радянська, 26А, с.Супрунівка, Немирівський р-н, Вінницька обл., 22825","132","38","127","1","94","0","94","","0","94","0","94","1","93","1","1","2","1","2","2","61","2","0","4","0","0","2","2","0","13","29.10.12"
"050848","18","Вінницька область","Немирівська центральна лікарня, хол поліклініки
вул.Євдокименко, 21, м.Немирів, Немирівський р-н, Вінницька обл., 22800","112","42","75","45","30","40","70","","0","30","40","70","1","69","2","2","1","0","1","2","28","1","1","4","1","0","1","1","0","24","30.10.12"
"050849","18","Вінницька область","музична школа, актова зала
вул.Кірова, 12, смт Оратів, Оратівський р-н, Вінницька обл., 22600","1452","492","1433","53","911","49","960","","0","911","49","960","23","937","18","5","15","6","4","67","301","53","3","74","8","8","0","17","4","354","29.10.12"
"050850","18","Вінницька область","будинок культури, зал
вул.Леніна, 82, смт Оратів, Оратівський р-н, Вінницька обл., 22600","1236","519","1229","36","686","31","717","","0","686","31","717","14","703","12","2","10","3","2","40","233","38","1","24","4","11","0","14","4","305","29.10.12"
"050851","18","Вінницька область","сільський клуб, зал
вул.Перемоги, 4, с.Прибережне, Оратівський р-н, Вінницька обл., 22600","176","62","174","10","106","8","114","","0","106","8","114","4","110","1","0","2","1","0","2","55","2","0","12","1","3","1","1","0","29","29.10.12"
"050852","18","Вінницька область","будинок культури, зал
вул.Леніна, 52, с.Балабанівка, Оратівський р-н, Вінницька обл., 22653","748","247","743","77","426","75","501","","0","426","75","501","9","492","7","1","6","3","2","10","191","11","2","11","3","3","1","4","0","237","29.10.12"
"050853","18","Вінницька область","ПрАТ ""Агрофорт"", актова зала
вул.Кірова, 20, с.Велика Ростівка, Оратівський р-н, Вінницька обл., 22630","464","116","455","50","301","47","348","","0","301","47","348","18","330","6","1","7","5","1","21","134","6","1","49","3","3","1","10","0","82","29.10.12"
"050854","18","Вінницька область","будинок культури, зал
вул.Центральна, 16, с.Животівка, Оратівський р-н, Вінницька обл., 22623","548","134","535","58","356","58","414","","0","356","58","414","17","397","9","2","4","2","0","23","163","15","3","5","1","5","2","9","2","152","28.10.12"
"050855","18","Вінницька область","будинок культури, зал
вул.Центральна, 3, с.Заруддя, Оратівський р-н, Вінницька обл., 22643","468","108","466","41","324","36","360","","0","324","36","360","8","352","5","1","5","1","1","5","159","10","0","9","3","1","1","7","2","142","28.10.12"
"050856","18","Вінницька область","сільський клуб, зал
вул.Радгоспна, 6, с.Гоноратка, Оратівський р-н, Вінницька обл., 22600","220","70","215","16","136","14","150","","0","136","14","150","4","146","0","1","1","0","0","9","62","7","0","1","2","2","0","5","0","56","28.10.12"
"050857","18","Вінницька область","школа, актова зала
вул.Шкільна, 25, с.Кожанка, Оратівський р-н, Вінницька обл., 22611","432","99","428","66","276","57","333","","0","276","57","333","13","320","1","1","8","2","0","6","156","6","1","28","2","2","1","2","3","101","29.10.12"
"050858","18","Вінницька область","сільський клуб, зал
вул.Леніна, 19, с.Кошлани, Оратівський р-н, Вінницька обл., 22644","256","14","259","31","211","31","242","","0","211","31","242","0","242","0","0","0","0","1","0","205","0","0","2","0","0","0","0","0","34","28.10.12"
"050859","18","Вінницька область","школа, кл. 9
вул.Ворошилова, 5, с.Дібровинці, Оратівський р-н, Вінницька обл., 22645","216","45","216","20","151","20","171","","0","151","20","171","8","163","0","0","0","0","0","4","125","5","2","7","0","0","0","3","0","17","29.10.12"
"050860","18","Вінницька область","сільський клуб, зал
вул.Жовтнева, 7А, с.Лопатинка, Оратівський р-н, Вінницька обл., 22632","392","112","389","31","249","31","280","","0","249","31","280","7","273","2","0","6","1","3","10","115","6","2","16","6","1","0","7","0","98","29.10.12"
"050861","18","Вінницька область","будинок культури, зал
вул.Першотравнева, 31, с.Медівка, Оратівський р-н, Вінницька обл., 22631","456","43","466","41","375","38","413","","0","375","38","413","1","412","4","0","4","1","0","16","226","4","1","11","3","2","0","9","1","130","28.10.12"
"050862","18","Вінницька область","будинок культури, зал
вул.Перемоги, 46Б, с.Новоживотів, Оратівський р-н, Вінницька обл., 22620","976","274","967","105","612","90","702","","0","612","90","702","17","685","7","1","5","1","1","15","340","27","4","22","3","8","1","17","0","233","29.10.12"
"050863","18","Вінницька область","сільський клуб, зал
вул.Миру, 33, с.Оратів, Оратівський р-н, Вінницька обл., 22650","608","196","600","25","390","22","412","","0","390","22","412","13","399","5","1","5","2","1","15","146","11","2","92","3","3","2","5","0","106","29.10.12"
"050864","18","Вінницька область","будинок культури, зал
вул.Леніна, 49, с.Осична, Оратівський р-н, Вінницька обл., 22624","440","105","434","42","294","41","335","","0","294","41","335","7","328","1","1","6","1","1","7","193","6","1","9","1","1","2","4","1","93","28.10.12"
"050865","18","Вінницька область","сільська рада, зал засідань
вул.Фрунзе, 41, с.Очитків, Оратівський р-н, Вінницька обл., 22610","352","116","348","30","210","26","236","","0","210","26","236","9","227","3","1","3","1","0","3","79","2","1","2","1","1","2","4","26","98","28.10.12"
"050866","18","Вінницька область","сільський клуб, зал
вул.Перемоги, 22А, с.Люлинці, Оратівський р-н, Вінницька обл., 22610","140","12","139","13","115","13","128","","0","115","13","128","4","124","0","1","1","1","1","6","71","2","0","4","0","0","0","1","12","24","28.10.12"
"050867","18","Вінницька область","сільський будинок культури, зал
вул.Леніна, 29, с.Підвисоке, Оратівський р-н, Вінницька обл., 22655","356","76","353","37","246","34","280","","0","246","34","280","9","271","2","3","2","1","0","11","141","4","1","3","0","1","1","4","0","97","29.10.12"
"050868","18","Вінницька область","школа, актова зала
вул.Софії Козлової, 29, с.Рожична, Оратівський р-н, Вінницька обл., 22650","268","53","273","23","193","22","215","","0","193","22","215","4","211","0","0","1","0","1","6","125","3","0","8","0","1","0","3","0","63","28.10.12"
"050869","18","Вінницька область","дитячий садок, ігрова кімната
вул.Київська, 1, с.Оратівка, Оратівський р-н, Вінницька обл., 22650","160","24","158","15","123","13","136","","0","123","13","136","2","134","3","0","2","0","0","2","79","3","0","0","0","1","2","2","1","39","28.10.12"
"050870","18","Вінницька область","будинок культури, зал
вул.Леніна, 1, с.Сабарівка, Оратівський р-н, Вінницька обл., 22651","352","77","348","28","248","27","275","","0","248","27","275","4","271","3","0","2","2","1","11","157","3","1","7","1","5","1","7","0","70","29.10.12"
"050871","18","Вінницька область","сільський клуб, зал
вул.Леніна, 18Б, с.Скала, Оратівський р-н, Вінницька обл., 22616","468","92","462","46","331","45","376","","0","331","45","376","10","366","1","0","6","0","4","17","255","7","0","8","2","0","0","2","1","63","29.10.12"
"050872","18","Вінницька область","сільський клуб, зал
вул.Леніна, 7А, с.Скоморошки, Оратівський р-н, Вінницька обл., 22615","860","322","859","78","475","63","538","","0","475","63","538","17","521","3","4","11","4","3","11","299","14","1","35","2","2","3","10","0","119","28.10.12"
"050873","18","Вінницька область","сільський клуб, зал
вул.Леніна, 9А, с.Вербівка, Оратівський р-н, Вінницька обл., 22616","232","30","227","31","172","30","202","","0","172","30","202","0","202","1","0","1","0","0","2","134","10","2","12","0","0","0","0","0","40","28.10.12"
"050874","18","Вінницька область","сільський клуб, зал
вул.Леніна, 42, с.Кам’яногірка, Оратівський р-н, Вінницька обл., 22615","180","13","179","26","141","26","167","","0","141","26","167","1","166","1","0","4","1","0","2","119","2","1","1","0","0","0","0","0","35","29.10.12"
"050875","18","Вінницька область","будинок культури, зал
вул.Перемоги, 4А, с.Сологубівка, Оратівський р-н, Вінницька обл., 22634","408","126","400","17","268","14","282","","0","268","14","282","11","271","4","3","5","1","2","11","119","8","1","8","1","2","1","7","1","97","28.10.12"
"050876","18","Вінницька область","будинок культури, зал
вул.Шевченка, 26, с.Стрижаків, Оратівський р-н, Вінницька обл., 22640","172","33","170","27","112","27","139","","0","112","27","139","4","135","1","2","0","1","0","4","61","0","1","16","1","0","1","4","0","43","28.10.12"
"050877","18","Вінницька область","сільський клуб, зал
вул.Щорса, 40, с.Синарна, Оратівський р-н, Вінницька обл., 22640","236","43","237","22","171","22","193","","0","171","22","193","3","190","0","0","2","0","0","4","65","4","1","8","1","1","0","3","0","101","28.10.12"
"050878","18","Вінницька область","сільський клуб, зал
вул.Молодіжна, 47, с.Угарове, Оратівський р-н, Вінницька обл., 22625","272","68","273","32","176","28","204","","0","176","28","204","6","198","2","1","2","0","2","5","89","3","2","4","0","1","1","4","0","82","28.10.12"
"050879","18","Вінницька область","будинок культури, зал
вул.Леніна, 37, с.Фронтівка, Оратівський р-н, Вінницька обл., 22654","452","115","441","58","279","58","337","","0","279","58","337","9","328","1","2","3","4","1","6","155","11","0","7","3","5","1","4","1","124","28.10.12"
"050880","18","Вінницька область","будинок культури, зал
вул.Заіки, 26, с.Чагів, Оратівський р-н, Вінницька обл., 22635","612","109","611","55","450","53","503","","0","450","53","503","6","497","5","0","6","1","1","16","125","7","1","35","3","1","0","13","0","283","29.10.12"
"050881","18","Вінницька область","дитячий садок, ігрова кімната
вул.Польова, 24, с.Мала Ростівка, Оратівський р-н, Вінницька обл., 22635","160","26","161","18","117","17","134","","0","117","17","134","5","129","3","0","1","1","0","4","40","5","0","4","2","1","0","1","0","67","29.10.12"
"050882","18","Вінницька область","школа, актова зала
вул.Зелена, 50, с.Мервин, Оратівський р-н, Вінницька обл., 22636","316","95","309","30","193","28","221","","0","193","28","221","10","211","2","0","2","1","0","7","86","7","0","15","1","1","0","4","1","84","28.10.12"
"050883","18","Вінницька область","Чернявська ЗОШ
вул.Першотравнева, 22, с.Чернявка, Оратівський р-н, Вінницька обл., 22612","724","49","718","75","600","75","675","","0","600","75","675","8","667","8","0","14","3","1","7","379","13","3","10","0","1","0","2","2","224","28.10.12"
"050884","18","Вінницька область","школа, актова зала
вул.Леніна, 50, с.Човновиця, Оратівський р-н, Вінницька обл., 22613","512","104","508","48","362","46","408","","0","362","46","408","4","404","3","0","3","1","3","4","261","11","0","30","1","1","0","8","0","78","28.10.12"
"050885","18","Вінницька область","будинок механізатора, актова зала
вул.Липова, 1, с.Закриниччя, Оратівський р-н, Вінницька обл., 22613","88","23","85","17","50","15","65","","0","50","15","65","0","65","2","0","1","0","0","1","30","3","1","2","0","0","0","2","0","23","29.10.12"
"050886","18","Вінницька область","будинок культури, зал
вул.Шевченка, 19, с.Юшківці, Оратівський р-н, Вінницька обл., 22652","368","69","366","30","270","29","299","","0","270","29","299","3","296","0","2","2","1","0","6","149","2","0","14","1","1","1","4","5","108","28.10.12"
"050887","18","Вінницька область","СВК ""Яблуневий"", актова зала
вул.Карла Маркса, 2, с.Яблуновиця, Оратівський р-н, Вінницька обл., 22642","232","46","228","16","170","16","186","","0","170","16","186","7","179","1","2","0","0","0","2","116","2","0","6","2","1","3","4","0","40","28.10.12"
"050888","18","Вінницька область","сільський клуб, зал
вул.Радянська, 2, с.Скибин, Оратівський р-н, Вінницька обл., 22642","56","0","58","14","42","14","56","","0","42","14","56","0","56","0","0","0","0","0","0","51","0","0","1","0","1","0","0","0","3","29.10.12"
"050889","18","Вінницька область","будинок культури, зал
вул.Київська, 85, с.Якимівка, Оратівський р-н, Вінницька обл., 22622","880","258","868","93","540","82","622","","0","540","82","622","2","620","0","0","0","0","0","2","429","1","0","1","1","1","1","3","0","181","29.10.12"
"050890","18","Вінницька область","сільський клуб, зал
вул.Космонавтів, 2А, с.Бугаївка, Оратівський р-н, Вінницька обл., 22622","176","34","178","20","124","18","142","","0","124","18","142","5","137","0","0","1","1","1","1","72","4","0","0","0","0","1","5","1","50","28.10.12"
"050891","18","Вінницька область","центральна районна лікарня, адмінприміщення, актова зала
вул.Пирогова, 2, смт Оратів, Оратівський р-н, Вінницька обл., 22600","60","1","60","14","45","14","59","","0","45","14","59","1","58","0","0","1","0","0","2","39","2","1","1","1","0","0","0","0","11","28.10.12"
"050921","18","Вінницька область","кінотеатр імені Терлецького, фойє
вул.Б.Хмельницького, 85, м.Погребище, Погребищенський р-н, Вінницька обл., 22200","1980","761","1944","25","1197","22","1219","","0","1197","22","1219","34","1185","13","2","141","2","2","52","380","44","3","127","2","1","2","23","1","390","29.10.12"
"050922","18","Вінницька область","будинок культури, фойє
вул.Київська, 39, м.Погребище, Погребищенський р-н, Вінницька обл., 22200","2100","843","2080","18","1239","18","1257","","0","1239","18","1257","32","1225","8","6","114","15","6","51","485","41","0","66","1","10","3","36","0","383","29.10.12"
"050923","18","Вінницька область","СО ""Погребищенські електромережі"", актова зала
вул.Коцюбинського, 23, м.Погребище, Погребищенський р-н, Вінницька обл., 22200","1896","906","1861","21","974","16","990","","0","974","16","990","16","974","5","1","77","2","4","23","372","30","2","99","7","5","2","16","3","326","29.10.12"
"050924","18","Вінницька область","міський клуб-бібліотека, глядацька зала
вул.Чкалова, 217, м.Погребище, Погребищенський р-н, Вінницька обл., 22200","548","243","542","27","284","21","305","","0","284","21","305","13","292","4","0","21","0","0","13","120","16","1","37","0","1","0","4","2","73","29.10.12"
"050925","18","Вінницька область","Погребищенський медичний коледж, актова зала
вул.П.Тичини, 76, м.Погребище, Погребищенський р-н, Вінницька обл., 22200","1388","613","1373","15","761","14","775","","0","761","14","775","17","758","8","1","101","8","3","28","230","24","0","86","7","1","4","19","2","236","29.10.12"
"050926","18","Вінницька область","школа, їдальня
вул.Миру, 14, с.Адамівка, Погребищенський р-н, Вінницька обл., 22261","424","142","421","31","252","30","282","","0","252","30","282","9","273","2","2","16","2","2","4","124","10","2","20","0","3","2","8","0","76","29.10.12"
"050927","18","Вінницька область","сільський клуб, актова зала
вул.Залізнична, 28, с-ще Погребище Перше, Погребищенський р-н, Вінницька обл., 22261","456","170","449","18","268","18","286","","0","268","18","286","10","276","2","0","14","1","0","5","119","18","0","22","3","4","2","12","1","73","28.10.12"
"050928","18","Вінницька область","будинок культури, фойє
вул.В.Речмедіна, 24А, с.Андрушівка, Погребищенський р-н, Вінницька обл., 22255","735","258","724","67","412","65","477","","0","412","65","477","13","464","2","0","17","1","0","13","289","9","3","16","1","1","0","12","0","100","29.10.12"
"050929","18","Вінницька область","ФАП, бібліотека
вул.Шевченка, 3, с.Паріївка, Погребищенський р-н, Вінницька обл., 22255","96","28","93","11","57","11","68","","0","57","11","68","1","67","0","1","3","2","1","3","50","1","0","2","0","0","0","1","0","3","29.10.12"
"050930","18","Вінницька область","сільська рада, актова зала
вул.Перемоги, 33, с.Бабинці, Погребищенський р-н, Вінницька обл., 22224","392","109","380","31","252","31","283","","0","252","31","283","11","272","0","1","3","0","4","4","125","6","0","10","0","1","2","0","2","114","29.10.12"
"050931","18","Вінницька область","сільський клуб, актова зала
вул.Кооперативна, 4, с.Бистрик, Погребищенський р-н, Вінницька обл., 22231","44","10","46","7","27","7","34","","0","27","7","34","0","34","0","0","1","0","0","0","13","0","0","0","0","0","0","0","1","19","29.10.12"
"050932","18","Вінницька область","школа, фойє
вул.Жовтнева, 20, с.Білашки, Погребищенський р-н, Вінницька обл., 22215","228","35","227","35","161","32","193","","0","161","32","193","2","191","0","0","4","0","0","0","148","4","0","11","0","0","0","2","0","22","29.10.12"
"050933","18","Вінницька область","школа, каб.1
вул.Травнева, 2, с.Вишнівка, Погребищенський р-н, Вінницька обл., 22215","92","22","90","8","62","8","70","","0","62","8","70","0","70","0","1","0","0","0","1","50","0","0","0","2","1","0","0","0","15","28.10.12"
"050934","18","Вінницька область","сільський клуб, глядацька зала
вул.Кооперативна, 32, с.Смаржинці, Погребищенський р-н, Вінницька обл., 22215","168","54","165","10","106","8","114","","0","106","8","114","2","112","0","1","1","0","0","4","64","1","0","13","0","0","0","2","1","25","29.10.12"
"050935","18","Вінницька область","будинок культури, глядацький зал
вул.Іскри й Кочубея, 34, с.Борщагівка, Погребищенський р-н, Вінницька обл., 22233","352","76","347","29","250","26","276","","0","250","26","276","28","248","1","2","9","1","2","12","108","7","5","9","2","1","0","5","0","84","28.10.12"
"050936","18","Вінницька область","сільський клуб, глядацький зал
вул.Будьонного, 9, с.Скибинці, Погребищенський р-н, Вінницька обл., 22234","164","29","163","17","119","16","135","","0","119","16","135","6","129","0","0","8","1","1","6","64","8","0","2","2","0","0","1","2","34","29.10.12"
"050937","18","Вінницька область","будинок культури, глядацька зала
вул.Центральна, 1А, с.Гопчиця, Погребищенський р-н, Вінницька обл., 22216","1104","501","1093","21","584","19","603","","0","584","19","603","14","589","6","0","23","4","4","27","306","24","5","31","4","3","2","16","2","132","29.10.12"
"050938","18","Вінницька область","будинок культури, фойє
вул.Кооперативна, 5В, с.Дзюньків, Погребищенський р-н, Вінницька обл., 22232","872","343","865","36","497","32","529","","0","497","32","529","19","510","4","4","14","0","2","15","292","16","3","68","3","6","1","9","2","71","29.10.12"
"050939","18","Вінницька область","будинок культури, актова зала
вул.Шкільна, 5, с.Довгалівка, Погребищенський р-н, Вінницька обл., 22236","420","90","415","23","308","22","330","","0","308","22","330","10","320","2","1","8","1","1","5","222","7","2","8","0","4","2","5","0","52","29.10.12"
"050940","18","Вінницька область","будинок культури, фойє
вул.Шкільна, 10, с.Збаржівка, Погребищенський р-н, Вінницька обл., 22235","324","109","317","18","199","16","215","","0","199","16","215","4","211","2","1","5","0","2","9","117","2","2","5","1","1","4","7","0","53","28.10.12"
"050941","18","Вінницька область","сільський клуб, глядацький зал
вул.Центральна, 74, с.Обозівка, Погребищенський р-н, Вінницька обл., 22232","52","9","52","2","41","2","43","","0","41","2","43","1","42","0","0","0","1","0","1","19","2","0","8","0","0","0","1","0","10","28.10.12"
"050942","18","Вінницька область","сільський клуб, к.1
вул.Жовтнева, 9, с.Травневе, Погребищенський р-н, Вінницька обл., 22235","76","26","76","15","37","13","50","","0","37","13","50","0","50","0","0","0","0","0","1","32","0","1","7","0","1","0","2","0","6","29.10.12"
"050943","18","Вінницька область","сільський клуб, глядацька зала
вул.Садова, 20, с.Левківка, Погребищенський р-н, Вінницька обл., 22243","240","75","237","9","156","9","165","","0","156","9","165","5","160","2","0","7","3","2","8","67","3","2","17","1","0","1","1","1","45","29.10.12"
"050944","18","Вінницька область","сільський клуб, глядацька зала
вул.Ювілейна, 22, с.Ординці, Погребищенський р-н, Вінницька обл., 22244","324","110","319","14","200","14","214","","0","200","14","214","9","205","2","1","6","2","3","9","117","6","0","17","3","0","0","2","0","37","29.10.12"
"050945","18","Вінницька область","школа, фойє
вул.Центральна, 61, с.Мончин, Погребищенський р-н, Вінницька обл., 22246","420","94","411","62","265","61","326","","0","265","61","326","1","325","6","2","13","0","3","3","221","5","0","12","2","3","0","3","1","51","29.10.12"
"050946","18","Вінницька область","сільський клуб, фойє
вул.Центральна, 21А, с.Сопин, Погребищенський р-н, Вінницька обл., 22247","288","82","289","37","172","34","206","","0","172","34","206","3","203","1","3","3","2","1","3","87","9","2","30","0","1","1","5","2","53","29.10.12"
"050947","18","Вінницька область","сільська рада, зал засідань
вул.Кооперативна, 1А, с.Морозівка, Погребищенський р-н, Вінницька обл., 22220","452","109","445","32","311","32","343","","0","311","32","343","9","334","2","0","44","14","5","40","2","0","0","212","2","0","4","4","2","3","28.10.12"
"050948","18","Вінницька область","адмінприміщення ФГ ""Бухнівське"", кім. агронома
вул.Кооперативна, 1А, с.Бухни, Погребищенський р-н, Вінницька обл., 22221","352","87","352","31","234","31","265","","0","234","31","265","3","262","2","2","7","1","1","13","121","5","0","24","2","1","1","16","2","64","29.10.12"
"050949","18","Вінницька область","будинок культури, глядацька зала
вул.Садова, 6, с.Новофастів, Погребищенський р-н, Вінницька обл., 22223","628","191","568","49","390","47","437","","0","390","47","437","14","423","1","0","7","0","1","4","278","13","1","6","1","2","0","4","0","105","29.10.12"
"050950","18","Вінницька область","ФАП, оглядовий кабінет
вул.Кооперативна, 6А, с.Бурківці, Погребищенський р-н, Вінницька обл., 22223","52","13","52","4","35","4","39","","0","35","4","39","5","34","0","0","1","0","0","2","15","3","0","0","1","1","1","0","0","10","28.10.12"
"050951","18","Вінницька область","будинок культури, глядацька зала
вул.Центральна, 35А, с.Очеретня, Погребищенський р-н, Вінницька обл., 22253","516","173","515","58","287","56","343","","0","287","56","343","10","333","4","2","14","2","3","8","197","6","0","28","1","0","0","3","1","64","29.10.12"
"050952","18","Вінницька область","сільський клуб, актова зала
вул.Центральна, 62, с.Довжок, Погребищенський р-н, Вінницька обл., 22254","196","68","193","20","108","20","128","","0","108","20","128","4","124","0","0","6","0","1","6","74","5","0","13","1","0","0","4","1","13","28.10.12"
"050953","18","Вінницька область","сільський клуб, глядацька зала
вул.Центральна, 5А, с-ще Погребище Друге, Погребищенський р-н, Вінницька обл., 22254","368","155","359","9","206","7","213","","0","206","7","213","5","208","1","0","3","0","0","3","119","2","0","7","0","0","0","2","1","70","28.10.12"
"050954","18","Вінницька область","будинок культури, актова зала
вул.Першотравнева, 24А, с.Павлівка, Погребищенський р-н, Вінницька обл., 22260","668","240","661","31","398","30","428","","0","398","30","428","14","414","3","1","11","5","1","10","216","15","1","40","4","1","2","6","0","98","29.10.12"
"050955","18","Вінницька область","сільський клуб, фойє
вул.Піщанка, 40, с.Круподеринці, Погребищенський р-н, Вінницька обл., 22203","292","79","283","22","192","21","213","","0","192","21","213","5","208","0","1","3","1","0","1","153","2","0","5","1","1","0","2","0","38","30.10.12"
"050956","18","Вінницька область","будинок культури, глядацька зала
вул.Центральна, 15Б, с.Педоси, Погребищенський р-н, Вінницька обл., 22209","372","92","366","46","239","41","280","","0","239","41","280","3","277","7","2","14","2","2","8","169","3","3","13","1","0","1","3","0","49","29.10.12"
"050957","18","Вінницька область","сільський клуб, глядацька зала
вул.Центральна, 22В, с.Малинки, Погребищенський р-н, Вінницька обл., 22209","236","68","229","23","146","22","168","","0","146","22","168","4","164","0","0","4","1","3","4","110","3","0","3","0","2","2","0","0","32","29.10.12"
"050958","18","Вінницька область","будинок культури, фойє
вул.Броніцького, 13, с.Плисків, Погребищенський р-н, Вінницька обл., 22252","1020","422","1008","63","537","61","598","","0","537","61","598","13","585","2","2","10","4","1","10","348","9","0","58","2","0","1","8","8","122","29.10.12"
"050959","18","Вінницька область","школа, фойє
вул.Інтернаціональна, 92, с.Розкопане, Погребищенський р-н, Вінницька обл., 22263","548","170","526","49","329","49","378","","0","329","49","378","10","368","1","3","5","3","0","4","204","5","1","13","0","1","2","1","1","124","29.10.12"
"050960","18","Вінницька область","будинок культури, фойє
вул.Садова, 40, с.Саражинці, Погребищенський р-н, Вінницька обл., 22230","244","47","238","31","169","28","197","","0","169","28","197","5","192","0","3","6","1","0","7","121","8","0","3","0","0","0","2","0","41","29.10.12"
"050961","18","Вінницька область","сільський клуб, фойє
вул.Травнева, 44, с.Жовтневе, Погребищенський р-н, Вінницька обл., 22230","52","16","51","9","28","8","36","","0","28","8","36","1","35","0","0","1","0","0","0","23","1","0","2","0","0","0","0","0","8","28.10.12"
"050962","18","Вінницька область","сільський клуб, фойє
вул.Тракторна, 19, с.Кур’янці, Погребищенський р-н, Вінницька обл., 22231","176","36","172","18","122","18","140","","0","122","18","140","4","136","1","0","4","0","0","3","78","0","0","5","1","2","2","0","0","40","29.10.12"
"050963","18","Вінницька область","сільський клуб, фойє
вул.Зелена, 56, с.Юнашки, Погребищенський р-н, Вінницька обл., 22230","132","33","130","12","87","12","99","","0","87","12","99","1","98","0","0","3","0","0","1","68","1","0","5","0","1","0","1","0","18","29.10.12"
"050964","18","Вінницька область","сільська рада, зал засідань
вул.Шаляпіна, 1А, с.Сніжна, Погребищенський р-н, Вінницька обл., 22222","400","125","394","31","246","29","275","","0","246","29","275","10","265","3","0","8","1","1","3","179","6","1","17","1","1","1","5","0","38","29.10.12"
"050965","18","Вінницька область","гуртожиток, к.2
вул.Кооперативна, 1А, с.Задорожнє, Погребищенський р-н, Вінницька обл., 22222","56","20","54","3","34","2","36","","0","34","2","36","0","36","0","0","1","2","0","1","26","0","0","2","0","0","0","0","0","4","29.10.12"
"050966","18","Вінницька область","ФАП, оглядовий кабінет
вул.Червоноармійська, 1, с.Озерна, Погребищенський р-н, Вінницька обл., 22222","40","11","37","4","25","4","29","","0","25","4","29","2","27","0","0","0","0","0","0","21","1","0","1","0","0","0","0","0","4","29.10.12"
"050967","18","Вінницька область","будинок культури, фойє
вул.Поштова, 31, с.Спичинці, Погребищенський р-н, Вінницька обл., 22250","280","72","274","31","177","31","208","","0","177","31","208","1","207","3","0","4","1","0","2","141","5","0","13","1","1","0","2","0","34","29.10.12"
"050968","18","Вінницька область","сільський клуб, фойє
вул.Комуністична, 35, с.Васильківці, Погребищенський р-н, Вінницька обл., 22250","80","20","73","17","46","14","60","","0","46","14","60","2","58","0","0","1","0","0","1","32","1","0","7","1","0","0","2","0","13","29.10.12"
"050969","18","Вінницька область","школа, фойє
вул.Комсомольська, 14, с.Станилівка, Погребищенський р-н, Вінницька обл., 22214","348","122","340","23","205","21","226","","0","205","21","226","0","226","0","0","6","1","1","7","143","7","3","4","2","0","1","2","0","49","29.10.12"
"050970","18","Вінницька область","будинок культури, глядацька зала
вул.Леніна, 23, с.Талалаї, Погребищенський р-н, Вінницька обл., 22242","152","25","151","13","114","13","127","","0","114","13","127","4","123","1","0","7","1","1","2","60","4","0","4","0","1","0","3","0","39","29.10.12"
"050971","18","Вінницька область","сільська рада, актова зала
вул.Горького, 30, с.Старостинці, Погребищенський р-н, Вінницька обл., 22212","392","111","385","63","220","61","281","","0","220","61","281","4","277","1","2","9","2","2","10","137","3","0","12","0","0","0","4","2","93","29.10.12"
"050972","18","Вінницька область","ФАП, к.1
вул.Вигінна, 7, с.Іваньки, Погребищенський р-н, Вінницька обл., 22212","36","3","35","12","21","12","33","","0","21","12","33","1","32","0","0","1","1","0","0","20","0","0","0","0","0","0","0","0","10","29.10.12"
"050973","18","Вінницька область","будинок культури, к.1
вул.Колгоспна, 33, с.Ліщинці, Погребищенський р-н, Вінницька обл., 22213","260","80","256","24","156","24","180","","0","156","24","180","3","177","0","1","2","1","0","3","102","4","0","2","0","1","0","3","0","58","28.10.12"
"050974","18","Вінницька область","будинок культури, глядацький зал
вул.Театральна, 42, с.Чапаєвка, Погребищенський р-н, Вінницька обл., 22245","256","59","252","26","172","25","197","","0","172","25","197","5","192","3","1","11","4","1","6","100","5","1","6","1","1","0","5","0","47","29.10.12"
"050975","18","Вінницька область","школа, фойє
вул.Шкільна, 5, с.Булаї, Погребищенський р-н, Вінницька обл., 22245","236","64","232","30","146","26","172","","0","146","26","172","4","168","1","2","7","2","0","5","113","0","2","12","0","0","0","1","0","23","29.10.12"
"050976","18","Вінницька область","школа, фойє
вул.Хоменка В.П., 14А, с.Черемошне, Погребищенський р-н, Вінницька обл., 22240","516","137","507","46","334","45","379","","0","334","45","379","8","371","1","2","12","2","0","6","178","14","1","40","3","2","3","13","1","93","29.10.12"
"050977","18","Вінницька область","контора САТ ""Погребищенське"", фойє
вул.Центральна, 1, с.Веселівка, Погребищенський р-н, Вінницька обл., 22242","100","43","97","6","54","3","57","","0","54","3","57","0","57","3","0","2","0","1","0","43","0","0","1","0","1","0","0","0","6","29.10.12"
"050978","18","Вінницька область","ФАП, фізкабінет
вул.Колгоспна, 16, с.Кулешів, Погребищенський р-н, Вінницька обл., 22242","112","8","113","15","90","14","104","","0","90","14","104","2","102","2","1","3","0","2","4","68","4","0","4","0","0","1","1","0","12","29.10.12"
"050979","18","Вінницька область","школа, фойє
вул.Шкільна, 18, с.Степанки, Погребищенський р-н, Вінницька обл., 22242","240","83","232","23","134","23","157","","0","134","23","157","3","154","0","0","3","0","2","13","50","4","0","10","2","0","0","4","0","66","28.10.12"
"050980","18","Вінницька область","будинок культури, фойє
вул.Трудова, 36, с.Ширмівка, Погребищенський р-н, Вінницька обл., 22210","392","93","388","39","267","32","299","","0","267","32","299","13","286","1","1","11","1","3","6","137","6","2","13","0","0","1","5","0","99","29.10.12"
"050981","18","Вінницька область","школа, фойє
вул.Шкільна, 5, с.Свитинці, Погребищенський р-н, Вінницька обл., 22211","148","29","148","17","102","17","119","","0","102","17","119","1","118","0","0","4","1","2","1","73","3","1","6","1","0","0","2","0","24","29.10.12"
"050982","18","Вінницька область","школа, к.1
вул.Колгоспна, 6, с.Соснівка, Погребищенський р-н, Вінницька обл., 22211","116","16","115","9","91","9","100","","0","91","9","100","3","97","0","0","2","1","0","4","58","0","0","2","0","0","0","2","0","28","28.10.12"
"050983","18","Вінницька область","центральна районна лікарня, актова зала
вул.П.Тичини, 54, м.Погребище, Погребищенський р-н, Вінницька обл., 22200","92","2","129","12","79","11","90","","0","79","11","90","3","87","1","1","2","0","0","0","65","0","2","4","0","0","1","0","0","11","29.10.12"
"050984","18","Вінницька область","соціальний центр ""Милосердя"", фойє
вул.Пирогова, 6, с.Плисків, Погребищенський р-н, Вінницька обл., 22252","24","0","27","0","24","0","24","","0","24","0","24","0","24","0","0","0","0","0","0","24","0","0","0","0","0","0","0","0","0","28.10.12"
