"№ ВД","OBO","Назва регіону України","Місцезнаходження та адреса приміщення для голосування","1) К-сть одержаних бюлетенів","2) К-сть невикористаних бюлетенів","3) К-сть виборців, внесених до списку виборців","4) К-сть виборців, внесених до витягу зі списку виборців","5) К-сть виборців, які отримали бюлетені у приміщенні","6) К-сть виборців, які отримали за місцем перебування","7) Сумарна к-сть виборців, які отримали бюлетені","8) К-сть бюлетенів, що виявилися у кожній скринці","9) К-сть бюлетенів, що не підлягають врахуванню","10) К-сть виборців, які взяли участь у голос. у приміщенні для гол.","11) К-сть виборців, які взяли участь у голос. за місцем перебування","12) К-сть виборців, які взяли участь у голосуванні на виборчій дільниці","13) К-сть бюлетенів, визнаних недійсними","14) Сумарна к-сть голосів виборців ЗА","Бойдаченко
Антон
Павлович","Волковський
Володимир
Григорович","Заболотний
Григорій
Михайлович","Капітан
Олександр
Олександрович","Кирилюк
Максим
Анатолійович","Кольцов
Микола
Гнатович","Кучер
Микола
Іванович","Мальченко
Олександр
Андрійович","Мельник
Юрій
Іванович","Попенко
Ігор
Петрович","Чумак
Сергій
Вікторович","Дата підписання протоколу"
"050072","17","Вінницька область","школа №3, актова зала
вул.Червоноармійська, 56, м.Бершадь, Бершадський р-н, Вінницька обл., 24400","2346","980","2306","26","1348","18","1366","","0","1348","18","1366","33","1333","116","2","881","15","12","7","291","0","5","2","2","29.10.12"
"050073","17","Вінницька область","школа №1, фойє
вул.50 років ВЛКСМ, 15, м.Бершадь, Бершадський р-н, Вінницька обл., 24400","2466","1062","2419","15","1391","13","1404","","0","1391","13","1404","41","1363","124","7","910","15","15","13","266","3","4","3","3","30.10.12"
"050074","17","Вінницька область","районний будинок культури, фойє
вул.Червоноармійська, 5, м.Бершадь, Бершадський р-н, Вінницька обл., 24400","2381","1038","2368","8","1335","8","1343","","0","1335","8","1343","29","1314","119","3","871","26","21","10","250","1","5","4","4","29.10.12"
"050075","17","Вінницька область","будинок культури спиртзаводу, фойє
вул.50 років Жовтня, 3, м.Бершадь, Бершадський р-н, Вінницька обл., 24400","1332","539","1321","4","790","3","793","","0","790","3","793","26","767","79","0","463","14","12","7","187","2","2","0","1","29.10.12"
"050076","17","Вінницька область","будинок культури цукрозаводу, фойє
вул.50 років Жовтня, 212, м.Бершадь, Бершадський р-н, Вінницька обл., 24400","2082","924","2049","19","1144","14","1158","","0","1144","14","1158","41","1117","84","3","578","17","29","16","368","2","6","3","11","29.10.12"
"050077","17","Вінницька область","будинок культури, фойє
050077 вул.Перемоги, 3, с.Баланівка, Бершадський р-н, Вінницька обл., 24413","1656","593","1647","26","1037","26","1063","","0","1037","26","1063","28","1035","53","1","432","29","2","4","510","1","2","1","0","29.10.12"
"050078","17","Вінницька область","школа, фойє
050078 вул.Перемоги, 15, с.Баланівка, Бершадський р-н, Вінницька обл., 24413","960","390","953","7","563","7","570","","0","563","7","570","15","555","21","0","225","10","2","2","290","1","1","0","3","29.10.12"
"050079","17","Вінницька область","школа, фойє
вул.Леніна, 285, с.Бирлівка, Бершадський р-н, Вінницька обл., 24414","1758","602","1741","55","1104","52","1156","","0","1104","52","1156","32","1124","45","2","488","6","4","3","561","5","6","3","1","29.10.12"
"050080","17","Вінницька область","будинок культури, фойє
вул.Шевченка, 50, с.Велика Киріївка, Бершадський р-н, Вінницька обл., 24455","1416","522","1419","55","842","52","894","","0","842","52","894","23","871","62","4","593","17","8","6","170","6","4","0","1","29.10.12"
"050081","17","Вінницька область","школа, фойє
вул.Леніна, 17, с.Війтівка, Бершадський р-н, Вінницька обл., 24412","1656","667","1636","9","981","8","989","","0","981","8","989","15","974","29","1","600","3","8","3","312","8","4","5","1","01.11.12"
"050082","17","Вінницька область","будинок культури, фойє
вул.Леніна, 50, с.Війтівка, Бершадський р-н, Вінницька обл., 24412","1620","568","1611","11","1045","7","1052","","0","1045","7","1052","36","1016","69","3","576","12","17","2","317","4","6","5","5","29.10.12"
"050083","17","Вінницька область","будинок культури, фойє
вул.Центральна, 80А, с.Голдашівка, Бершадський р-н, Вінницька обл., 24464","588","204","573","49","336","48","384","","0","336","48","384","12","372","3","1","276","2","2","0","86","0","2","0","0","30.10.12"
"050084","17","Вінницька область","школа, фойє
вул.Некрасова, 10, с.Джулинка, Бершадський р-н, Вінницька обл., 24450","1356","567","1353","30","759","30","789","","0","759","30","789","27","762","124","4","328","12","14","4","260","0","5","8","3","29.10.12"
"050085","17","Вінницька область","будинок культури, фойє
вул.Центральна, 32, с.Джулинка, Бершадський р-н, Вінницька обл., 24450","1440","537","1427","46","857","46","903","","0","857","46","903","33","870","150","0","424","4","5","7","261","5","0","9","5","29.10.12"
"050086","17","Вінницька область","школа, фойє
пров.Шкільний, 6, с.Берізки-Бершадські, Бершадський р-н, Вінницька обл., 24451","642","191","635","46","406","45","451","","0","406","45","451","23","428","0","6","265","13","3","2","136","0","0","3","0","29.10.12"
"050087","17","Вінницька область","будинок культури, фойє
вул.Миру, 2, с.Дяківка, Бершадський р-н, Вінницька обл., 24444","462","113","466","21","329","20","349","","0","329","20","349","7","342","5","2","185","13","3","3","127","1","0","0","3","29.10.12"
"050088","17","Вінницька область","будинок культури, фойє
вул.Ковальчука, 1, с.Кидрасівка, Бершадський р-н, Вінницька обл., 24465","360","79","360","59","224","57","281","","0","224","57","281","6","275","4","2","233","0","1","0","35","0","0","0","0","28.10.12"
"050089","17","Вінницька область","будинок культури, фойє
вул.Лесі Українки, 30А, с.Кошаринці, Бершадський р-н, Вінницька обл., 24411","468","135","465","26","307","26","333","","0","307","26","333","12","321","26","0","91","5","7","4","181","1","2","1","3","28.10.12"
"050090","17","Вінницька область","будинок культури, фойє
вул.Незалежності, 40, с.Красносілка, Бершадський р-н, Вінницька обл., 24421","1470","499","1465","40","931","40","971","","0","931","40","971","15","956","123","2","422","7","11","4","319","1","3","61","3","29.10.12"
"050091","17","Вінницька область","будинок культури, фойє
вул.Кушніра, 2А, с.Лісниче, Бершадський р-н, Вінницька обл., 24462","870","293","853","43","534","43","577","","0","534","43","577","2","575","9","2","457","7","3","0","93","0","3","0","1","29.10.12"
"050092","17","Вінницька область","школа, фойє
вул.Дружби, 61А, с.Вовчок, Бершадський р-н, Вінницька обл., 24462","282","70","278","2","210","2","212","","0","210","2","212","4","208","3","3","136","9","1","1","55","0","0","0","0","29.10.12"
"050093","17","Вінницька область","будинок культури, фойє
вул.Шкільна, 24В, с.Маньківка, Бершадський р-н, Вінницька обл., 24422","1146","378","1138","28","746","22","768","","0","746","22","768","35","733","32","2","505","5","14","2","143","7","0","20","3","29.10.12"
"050094","17","Вінницька область","сільська рада, хол
вул.Миру, 42А, с.Крушинівка, Бершадський р-н, Вінницька обл., 24423","828","277","822","24","534","17","551","","0","534","17","551","20","531","20","2","371","5","9","0","118","0","0","5","1","29.10.12"
"050095","17","Вінницька область","сільська рада, хол
вул.Шевченка, 70А, с.Шумилів, Бершадський р-н, Вінницька обл., 24424","474","132","468","39","306","36","342","","0","306","36","342","9","333","14","2","196","5","3","3","109","0","0","1","0","29.10.12"
"050096","17","Вінницька область","будинок культури, фойє
вул.Лещенка, 4, с.Михайлівка, Бершадський р-н, Вінницька обл., 24463","576","152","571","53","371","53","424","","0","371","53","424","8","416","3","2","289","2","0","0","118","0","0","1","1","28.10.12"
"050097","17","Вінницька область","будинок культури, фойє
вул.Соборна, 1, с.Романівка, Бершадський р-н, Вінницька обл., 24463","222","34","213","25","163","25","188","","0","163","25","188","6","182","5","1","103","0","7","0","66","0","0","0","0","30.10.12"
"050098","17","Вінницька область","сільський клуб, фойє
вул.Гагаріна, 1, с.М’якохід, Бершадський р-н, Вінницька обл., 24420","600","171","587","27","402","27","429","","0","402","27","429","11","418","22","3","198","0","6","2","176","1","5","5","0","30.10.12"
"050099","17","Вінницька область","сільський клуб, фойє
вул.Л.Медвідя, 45, с.М’якохід, Бершадський р-н, Вінницька обл., 24420","300","59","293","20","221","20","241","","0","221","20","241","13","228","21","1","104","2","2","0","97","0","1","0","0","28.10.12"
"050100","17","Вінницька область","будинок культури, фойє
вул.Леніна, 86, с.Осіївка, Бершадський р-н, Вінницька обл., 24456","930","343","920","60","529","58","587","","0","529","58","587","13","574","17","1","337","14","4","1","189","3","1","4","3","29.10.12"
"050101","17","Вінницька область","сільський клуб, фойє
вул.Бугова, 18, с.Осіївка, Бершадський р-н, Вінницька обл., 24456","138","32","134","14","92","14","106","","0","92","14","106","3","103","0","0","37","2","0","0","63","0","0","1","0","28.10.12"
"050102","17","Вінницька область","сільський клуб, фойє
вул.Солтановського, 60, с.Мала Киріївка, Бершадський р-н, Вінницька обл., 24457","492","167","486","45","281","44","325","","0","281","44","325","6","319","5","2","191","6","7","0","104","0","1","3","0","29.10.12"
"050103","17","Вінницька область","будинок культури, фойє
вул.Головна, 65, с.Поташня, Бершадський р-н, Вінницька обл., 24461","1044","350","1031","59","637","57","694","","0","637","57","694","15","679","2","1","416","23","5","2","219","5","5","0","1","29.10.12"
"050104","17","Вінницька область","будинок культури, фойє
вул.Леніна, 181, с.П’ятківка, Бершадський р-н, Вінницька обл., 24415","1236","445","1219","40","753","38","791","","0","753","38","791","13","778","10","2","152","7","16","1","586","1","2","0","1","28.10.12"
"050105","17","Вінницька область","будинок культури, фойє
вул.Горького, 14, с.Глинське, Бершадський р-н, Вінницька обл., 24415","168","31","169","19","121","16","137","","0","121","16","137","2","135","2","0","40","1","7","0","83","2","0","0","0","28.10.12"
"050106","17","Вінницька область","будинок культури, фойє
вул.Гагаріна, 48, с.Серебрія, Бершадський р-н, Вінницька обл., 24441","360","106","353","17","237","17","254","","0","237","17","254","10","244","7","2","132","1","0","0","92","2","6","1","1","29.10.12"
"050107","17","Вінницька область","школа, фойє
вул.Леніна, 7, с.Березівка, Бершадський р-н, Вінницька обл., 24442","366","158","360","1","207","1","208","","0","207","1","208","6","202","10","0","69","2","2","0","116","0","0","1","2","05.11.12"
"050108","17","Вінницька область","будинок культури, фойє
вул.Маковійчука, 2, с.Серединка, Бершадський р-н, Вінницька обл., 24440","588","179","579","31","380","29","409","","0","380","29","409","18","391","11","3","155","1","5","3","203","0","1","6","3","29.10.12"
"050109","17","Вінницька область","будинок культури, фойє
вул.Центральна, 60, с.Ставки, Бершадський р-н, Вінницька обл., 24452","954","396","945","18","542","16","558","","0","542","16","558","27","531","32","1","272","5","9","2","194","1","5","1","9","29.10.12"
"050110","17","Вінницька область","будинок культури, фойє
вул.Радянська, 4А, с.Сумівка, Бершадський р-н, Вінницька обл., 24410","822","223","810","55","545","54","599","","0","545","54","599","19","580","23","2","263","3","4","1","272","1","1","8","2","28.10.12"
"050111","17","Вінницька область","будинок культури, фойє
вул.Центральна, 36А, с.Тирлівка, Бершадський р-н, Вінницька обл., 24434","396","103","399","16","278","15","293","","0","278","15","293","7","286","5","4","144","4","8","0","112","5","2","1","1","29.10.12"
"050112","17","Вінницька область","будинок культури, фойє
вул.Святкова, 21, с.Тернівка, Бершадський р-н, Вінницька обл., 24443","822","296","809","68","458","68","526","","0","458","68","526","11","515","5","2","315","3","18","2","164","2","1","1","2","29.10.12"
"050113","17","Вінницька область","будинок культури, фойє
вул.Центральна, 2, с.Устя, Бершадський р-н, Вінницька обл., 24453","1056","351","1043","28","679","26","705","","0","679","26","705","14","691","68","1","468","8","7","5","128","1","2","1","2","29.10.12"
"050114","17","Вінницька область","АТП ТОВ ""Устя"", фойє
вул.Перемоги, 109, с.Устя, Бершадський р-н, Вінницька обл., 24453","750","252","741","27","473","25","498","","0","473","25","498","11","487","14","1","380","6","5","4","72","1","1","1","2","29.10.12"
"050115","17","Вінницька область","сільський клуб, фойє
пров.Піонерський, 1, с.Лугова, Бершадський р-н, Вінницька обл., 24454","390","111","385","17","264","15","279","","0","264","15","279","5","274","22","1","156","5","3","1","81","0","2","0","3","29.10.12"
"050116","17","Вінницька область","фельдшерсько-акушерський пункт, хол
вул.Зеленогайська, 126, с.Флорине, Бершадський р-н, Вінницька обл., 24405","1080","486","1067","16","579","15","594","","0","579","15","594","18","576","21","1","376","7","7","4","154","1","1","1","3","29.10.12"
"050117","17","Вінницька область","школа, фойє
вул.Чкалова, 106, с.Флорине, Бершадський р-н, Вінницька обл., 24405","2478","1023","2459","6","1449","6","1455","","0","1449","6","1455","39","1416","82","5","957","11","14","4","333","0","0","2","8","29.10.12"
"050118","17","Вінницька область","будинок культури, фойє
вул.Шевченка, 76А, с.Чернятка, Бершадський р-н, Вінницька обл., 24430","942","332","934","51","560","50","610","","0","560","50","610","21","589","29","1","283","4","30","1","226","1","3","10","1","29.10.12"
"050119","17","Вінницька область","будинок культури, фойє
вул.Патріотична, 40А, с.Хмарівка, Бершадський р-н, Вінницька обл., 24431","390","149","393","29","213","28","241","","0","213","28","241","10","231","12","1","125","2","3","2","74","5","3","2","2","28.10.12"
"050120","17","Вінницька область","будинок культури, фойє
вул.Кавуна, 2, с.Шляхова, Бершадський р-н, Вінницька обл., 24432","1512","528","1504","117","878","106","984","","0","878","106","984","31","953","73","3","500","17","32","5","303","5","5","6","4","29.10.12"
"050121","17","Вінницька область","сільський клуб, фойє
вул.Жовтнева, 28А, с.Завітне, Бершадський р-н, Вінницька обл., 24432","138","31","137","18","89","18","107","","0","89","18","107","5","102","0","0","55","2","1","1","42","1","0","0","0","29.10.12"
"050122","17","Вінницька область","сільський клуб, фойє
вул.Котовського, 79А, с.Теофілівка, Бершадський р-н, Вінницька обл., 24432","366","80","356","32","255","31","286","","0","255","31","286","9","277","14","0","148","3","1","0","111","0","0","0","0","29.10.12"
"050123","17","Вінницька область","сільська рада, хол
вул.Леніна, 1, с.Яланець, Бершадський р-н, Вінницька обл., 24460","1572","529","1560","62","982","61","1043","","0","982","61","1043","18","1025","23","0","721","6","28","1","242","2","0","0","2","29.10.12"
"050124","17","Вінницька область","Бершадська центральна районна лікарня, хол
вул.Будкевича, 2, м.Бершадь, Бершадський р-н, Вінницька обл., 24400","252","166","135","25","64","22","86","","0","64","22","86","2","84","2","1","44","1","1","4","31","0","0","0","0","28.10.12"
"050193","17","Вінницька область","кінотеатр ""Мир"", фойє
пл.Миру, 3, м.Гайсин, Гайсинський р-н, Вінницька обл., 23700","708","258","698","3","449","1","450","","0","449","1","450","13","437","74","3","157","19","16","4","136","4","8","9","7","29.10.12"
"050194","17","Вінницька область","школа №3, спортивний зал
вул.Плеханова, 33, м.Гайсин, Гайсинський р-н, Вінницька обл., 23700","2118","1009","2083","19","1091","18","1109","","0","1091","18","1109","46","1063","213","5","462","29","60","1","264","12","2","14","1","29.10.12"
"050195","17","Вінницька область","медичний коледж, спортивний зал
вул.Б.Хмельницького, 46, м.Гайсин, Гайсинський р-н, Вінницька обл., 23700","1446","623","1471","23","801","22","823","","0","801","22","823","42","781","192","4","246","18","43","3","246","7","6","12","4","29.10.12"
"050196","17","Вінницька область","ДП ""Гайсинське лісове господарство"", актовий зал
вул.М.Кривоноса, 20, м.Гайсин, Гайсинський р-н, Вінницька обл., 23700","1260","534","1251","10","718","8","726","","0","718","8","726","36","690","205","5","230","13","32","3","155","7","6","28","6","29.10.12"
"050197","17","Вінницька область","музична школа, актовий зал
вул.1 Травня, 27, м.Гайсин, Гайсинський р-н, Вінницька обл., 23700","1482","681","1444","12","791","10","801","","0","791","10","801","25","776","161","1","313","25","38","3","194","7","2","26","6","29.10.12"
"050198","17","Вінницька область","школа №4, спортивний зал
вул.Гагаріна, 1, м.Гайсин, Гайсинський р-н, Вінницька обл., 23700","1284","567","1224","8","709","8","717","","0","709","8","717","32","685","147","1","259","21","29","0","202","3","3","15","5","29.10.12"
"050199","17","Вінницька область","школа №1, актовий зал
вул.Перемоги, 2, м.Гайсин, Гайсинський р-н, Вінницька обл., 23700","1824","855","1810","16","957","12","969","","0","957","12","969","29","940","212","1","353","23","62","1","252","11","6","17","2","29.10.12"
"050200","17","Вінницька область","районна дитяча бібліотека, приміщення бібліотеки
вул.Чайковського, 1, м.Гайсин, Гайсинський р-н, Вінницька обл., 23700","1692","720","1629","12","962","10","972","","0","962","10","972","39","933","196","3","281","37","69","0","290","10","6","33","8","29.10.12"
"050201","17","Вінницька область","школа №6, коридор
вул.К.Маркса, 99, м.Гайсин, Гайсинський р-н, Вінницька обл., 23700","2052","893","1988","16","1147","12","1159","","0","1147","12","1159","47","1112","222","5","378","34","73","3","341","9","9","31","7","29.10.12"
"050202","17","Вінницька область","автошкола ТСО України, навчальні кімнати
вул.Південна, 53, м.Гайсин, Гайсинський р-н, Вінницька обл., 23700","1601","729","1581","10","864","8","872","","0","864","8","872","25","847","204","1","275","19","28","2","289","5","1","20","3","29.10.12"
"050203","17","Вінницька область","АТП ТОВ ""ПК""Зоря Поділля"", актовий зал
вул.Північна, 63, м.Гайсин, Гайсинський р-н, Вінницька обл., 23700","1878","832","1864","8","1040","6","1046","","0","1040","6","1046","42","1004","243","4","430","11","32","3","226","14","6","27","8","29.10.12"
"050204","17","Вінницька область","СО ""Гайсинські ЕМ"", актовий зал
вул.І.Богуна, 124, м.Гайсин, Гайсинський р-н, Вінницька обл., 23700","1092","477","1090","8","609","6","615","","0","609","6","615","25","590","116","5","258","19","23","2","142","2","5","15","3","29.10.12"
"050205","17","Вінницька область","школа-інтернат-гімназія, коридор
вул.1 Травня, 52, м.Гайсин, Гайсинський р-н, Вінницька обл., 23700","1530","697","1506","16","819","14","833","","0","819","14","833","12","821","147","3","273","30","58","1","274","11","4","16","4","29.10.12"
"050206","17","Вінницька область","будинок культури, фойє
вул.1 Травня, 72, с.Бондурі, Гайсинський р-н, Вінницька обл., 23722","504","157","497","36","313","34","347","","0","313","34","347","9","338","9","1","113","2","10","0","189","11","2","1","0","28.10.12"
"050207","17","Вінницька область","сільський клуб, танцювальний зал
вул.Жовтнева, 1А, с.Шура-Бондурівська, Гайсинський р-н, Вінницька обл., 23722","276","68","273","30","178","30","208","","0","178","30","208","3","205","9","1","31","3","9","2","148","0","0","2","0","28.10.12"
"050208","17","Вінницька область","будинок культури, фойє
вул.1 Травня, 46А, с.Бубнівка, Гайсинський р-н, Вінницька обл., 23744","738","216","725","11","513","9","522","","0","513","9","522","25","497","33","3","289","7","7","0","151","4","1","2","0","29.10.12"
"050209","17","Вінницька область","сільський клуб, танцювальний зал
вул.Гагаріна, 41А, с.Дмитренки, Гайсинський р-н, Вінницька обл., 23744","198","49","201","4","146","3","149","","0","146","3","149","1","148","8","1","83","1","5","1","49","0","0","0","0","29.10.12"
"050210","17","Вінницька область","сільський клуб, танцювальний зал
вул.Братів Герасименків, 5А, с.Новоселівка, Гайсинський р-н, Вінницька обл., 23744","66","14","60","4","48","4","52","","0","48","4","52","3","49","1","0","26","1","0","0","0","21","0","0","0","29.10.12"
"050211","17","Вінницька область","будинок культури, фойє
вул.50-річчя Радянської влади, 3, с.Гранів, Гайсинський р-н, Вінницька обл., 23731","654","217","646","42","399","38","437","","0","399","38","437","8","429","17","2","128","11","26","1","231","2","5","5","1","29.10.12"
"050212","17","Вінницька область","школа, столова
вул.Леніна, 9, с.Гранів, Гайсинський р-н, Вінницька обл., 23731","660","258","654","44","369","33","402","","0","369","33","402","9","393","21","1","109","7","8","2","237","1","2","4","1","30.10.12"
"050213","17","Вінницька область","контора ПРАТ ""Зернопродукт"", зал засідань
вул.Суворова, 21, с.Гранів, Гайсинський р-н, Вінницька обл., 23731","510","145","503","36","331","34","365","","0","331","34","365","10","355","27","1","70","3","8","0","240","2","0","1","3","28.10.12"
"050214","17","Вінницька область","будинок культури, фойє
вул.Леніна, 31, с.Грузьке, Гайсинський р-н, Вінницька обл., 23756","456","149","450","28","280","27","307","","0","280","27","307","12","295","10","2","96","3","6","0","176","1","0","0","1","29.10.12"
"050215","17","Вінницька область","будинок культури, фойє
вул.Леніна, 84, с.Губник, Гайсинський р-н, Вінницька обл., 23746","1452","456","1442","48","953","43","996","","0","953","43","996","39","957","64","0","331","5","9","2","538","0","2","3","3","29.10.12"
"050216","17","Вінницька область","сільський клуб, танцювальний зал
вул.Леніна, 22, с.Гунча, Гайсинський р-н, Вінницька обл., 23724","390","126","384","26","240","24","264","","0","240","24","264","13","251","46","2","76","3","4","1","117","1","1","0","0","29.10.12"
"050217","17","Вінницька область","будинок культури, фойє
вул.Леніна, 3, с.Адамівка, Гайсинський р-н, Вінницька обл., 23724","186","35","188","21","134","17","151","","0","134","17","151","1","150","14","1","74","5","1","0","54","0","0","1","0","29.10.12"
"050218","17","Вінницька область","будинок культури, актовий зал
вул.Леніна, 30Б, с.Жерденівка, Гайсинський р-н, Вінницька обл., 23750","498","125","494","31","342","31","373","","0","342","31","373","8","365","10","4","224","3","4","2","113","1","0","1","3","29.10.12"
"050219","17","Вінницька область","сільський клуб, танцювальний зал
вул.1 Травня, 21, с.Розівка, Гайсинський р-н, Вінницька обл., 23700","36","9","32","0","27","0","27","","0","27","0","27","0","27","0","0","16","0","0","0","11","0","0","0","0","29.10.12"
"050220","17","Вінницька область","сільський клуб, танцювальний зал
вул.Кооперативна, 37, с.Тимар, Гайсинський р-н, Вінницька обл., 23700","234","73","230","29","135","26","161","","0","135","26","161","7","154","14","2","42","2","12","0","81","0","0","1","0","28.10.12"
"050221","17","Вінницька область","будинок культури, фойє
вул.Леніна, 11, с.Зятківці, Гайсинський р-н, Вінницька обл., 23751","828","259","823","49","523","46","569","","0","523","46","569","12","557","22","1","408","11","7","2","102","2","0","2","0","28.10.12"
"050222","17","Вінницька область","кафе ""Сигнал"", приміщення кафе
вул.Залізнична, 9, с-ще Зятківці, Гайсинський р-н, Вінницька обл., 23751","174","51","170","5","118","5","123","","0","118","5","123","9","114","5","0","50","5","1","3","47","0","2","0","1","28.10.12"
"050223","17","Вінницька область","сільський клуб, танцювальний зал
вул.Чкалова, 1, с.Бур’яни, Гайсинський р-н, Вінницька обл., 23751","60","18","58","6","36","6","42","","0","36","6","42","3","39","0","0","15","1","0","0","23","0","0","0","0","28.10.12"
"050224","17","Вінницька область","будинок культури, фойє
вул.Леніна, 60А, с.Карбівка, Гайсинський р-н, Вінницька обл., 23725","894","391","883","34","476","27","503","","0","476","27","503","28","475","31","1","173","10","13","2","238","3","1","2","1","29.10.12"
"050225","17","Вінницька область","сільський клуб, танцювальний зал
вул.Жанова, 51, с.Кисляк, Гайсинський р-н, Вінницька обл., 23726","726","326","710","39","365","35","400","","0","364","35","399","23","376","66","1","120","8","7","1","162","6","1","2","2","29.10.12"
"050226","17","Вінницька область","будинок культури, фойє
вул.Леніна, 90А, с.Кіблич, Гайсинський р-н, Вінницька обл., 23755","810","179","809","54","579","52","631","","0","579","52","631","12","619","40","2","345","11","6","0","204","5","1","2","3","29.10.12"
"050227","17","Вінницька область","сільський клуб, танцювальний зал
вул.50 років СРСР, 38А, с.Мелешків, Гайсинський р-н, Вінницька обл., 23755","474","98","481","26","352","24","376","","0","352","24","376","10","366","3","1","295","8","6","0","51","1","0","1","0","29.10.12"
"050228","17","Вінницька область","сільський клуб, танцювальний зал
вул.Перемоги, 83Б, с.Огіївка, Гайсинський р-н, Вінницька обл., 23755","252","87","254","23","145","20","165","","0","145","20","165","7","158","9","0","95","8","7","0","36","1","0","1","1","29.10.12"
"050229","17","Вінницька область","будинок культури, актовий зал
вул.Котовського, 16Б, с.Краснопілка, Гайсинський р-н, Вінницька обл., 23733","1134","245","1125","87","809","80","889","","0","809","80","889","11","878","41","1","163","17","12","4","633","1","5","0","1","29.10.12"
"050230","17","Вінницька область","будинок культури, фойє
1 пров.Леніна, 4, с.Кузьминці, Гайсинський р-н, Вінницька обл., 23712","612","221","597","18","376","15","391","","0","376","15","391","18","373","12","1","147","14","19","4","170","1","3","0","2","28.10.12"
"050231","17","Вінницька область","сільський клуб, танцювальний зал
вул.Б.Хмельницького, 57, с.Сокільці, Гайсинський р-н, Вінницька обл., 23712","114","28","116","14","75","11","86","","0","75","11","86","2","84","6","0","42","1","2","0","29","1","1","1","1","29.10.12"
"050232","17","Вінницька область","сільський клуб, танцювальний зал
вул.Леніна, 11, с.Щурівці, Гайсинський р-н, Вінницька обл., 23712","252","71","248","20","163","18","181","","0","163","18","181","10","171","12","1","65","7","8","0","75","2","0","1","0","29.10.12"
"050233","17","Вінницька область","будинок культури, фойє
вул.Площа Миру, 11, с.Кунка, Гайсинський р-н, Вінницька обл., 23713","708","195","690","63","453","60","513","","0","453","60","513","15","498","15","3","252","5","10","3","204","1","3","1","1","29.10.12"
"050234","17","Вінницька область","будинок культури, актовий зал
вул.Леніна, 17, с.Куна, Гайсинський р-н, Вінницька обл., 23714","1398","496","1397","30","875","27","902","","0","875","27","902","31","871","113","3","471","14","21","1","235","3","4","4","2","29.10.12"
"050235","17","Вінницька область","сільський клуб, танцювальний зал
вул.Якова Іщенка, 4, с.Кочурів, Гайсинський р-н, Вінницька обл., 23700","144","34","149","5","106","4","110","","0","106","4","110","6","104","6","0","37","3","4","0","53","1","0","0","0","29.10.12"
"050236","17","Вінницька область","сільський клуб, танцювальний зал
вул.Леніна, 65, с.Крутогорб, Гайсинський р-н, Вінницька обл., 23716","396","127","403","17","254","15","269","","0","254","15","269","7","262","16","0","134","6","5","0","99","0","0","2","0","28.10.12"
"050237","17","Вінницька область","будинок культури, актовий зал
вул.К.Маркса, 30, с.Мар’янівка, Гайсинський р-н, Вінницька обл., 23716","732","279","746","19","442","11","453","","0","442","11","453","21","432","67","1","183","10","22","3","135","3","2","6","0","29.10.12"
"050238","17","Вінницька область","будинок культури, актовий зал
вул.Леніна, 29, с.Кущинці, Гайсинський р-н, Вінницька обл., 23753","456","143","453","26","289","24","313","","0","289","24","313","15","298","46","0","152","6","6","0","83","2","0","2","1","29.10.12"
"050239","17","Вінницька область","сільський клуб, фойє
вул.Жовтнева, 52, с.Борсуки, Гайсинський р-н, Вінницька обл., 23700","204","54","188","8","142","8","150","","0","142","8","150","5","145","4","1","90","6","6","0","37","1","0","0","0","28.10.12"
"050240","17","Вінницька область","сільський клуб, танцювальний зал
вул.1 Травня, 77, с.Гнатівка, Гайсинський р-н, Вінницька обл., 23754","330","83","325","18","229","18","247","","0","229","18","247","13","234","11","0","178","9","5","0","30","0","0","1","0","29.10.12"
"050241","17","Вінницька область","будинок культури, фойє
вул.1 Травня, 20, с.Ладижинські Хутори, Гайсинский р-н, Вінницька обл., 23745","474","137","469","14","324","13","337","","0","324","13","337","7","330","7","0","192","4","4","0","118","1","1","2","1","29.10.12"
"050242","17","Вінницька область","будинок культури, фойє
вул.Клубна, 9, с.Митків, Гайсинський р-н, Вінницька обл., 23734","522","147","518","80","300","75","375","","0","300","75","375","5","370","11","0","46","2","3","1","305","0","0","0","2","28.10.12"
"050243","17","Вінницька область","сільський клуб, танцювальний зал
вул.Шкільна, 6, с.Тишківка, Гайсинський р-н, Вінницька обл., 23734","162","49","155","18","97","16","113","","0","97","16","113","2","111","9","0","50","4","2","0","45","0","1","0","0","29.10.12"
"050244","17","Вінницька область","будинок культури, фойє
вул.Молодіжна, 15А, с.Михайлівка, Гайсинський р-н, Вінницька обл., 23732","1074","268","1057","71","736","70","806","","0","736","70","806","10","796","60","2","454","12","14","2","242","4","0","2","4","29.10.12"
"050245","17","Вінницька область","школа, коридор
вул.Першотравнева, 11А, с.Мітлинці, Гайсинський р-н, Вінницька обл., 23720","588","215","577","36","347","26","373","","0","347","26","373","11","362","7","3","81","2","17","0","247","2","1","1","1","29.10.12"
"050246","17","Вінницька область","дитячий садок, актовий зал
вул.Шкільна, 40, с.Шура-Мітлинецька, Гайсинський р-н, Вінницька обл., 23721","270","93","268","10","167","10","177","","0","167","10","177","7","170","11","3","34","4","2","1","115","0","0","0","0","29.10.12"
"050247","17","Вінницька область","сільський клуб, танцювальний зал
вул.Кооперативна, 24А, с-ще Карбівське, Гайсинський р-н, Вінницька обл., 23721","84","24","82","5","55","5","60","","0","55","5","60","1","59","0","1","29","0","0","0","29","0","0","0","0","28.10.12"
"050248","17","Вінницька область","будинок культури, фоєй
вул.Леніна, 10, с.Нараївка, Гайсинський р-н, Вінницька обл., 23730","720","131","718","59","530","59","589","","0","530","59","589","8","581","12","1","53","11","9","1","493","0","0","1","0","28.10.12"
"050249","17","Вінницька область","будинок культури, 2 фойє
вул.Шкільна, 4, с.Носівці, Гайсинський р-н, Вінницька обл., 23710","624","126","623","37","461","37","498","","0","461","37","498","6","492","10","0","67","10","2","0","397","2","0","2","2","29.10.12"
"050250","17","Вінницька область","дитячий садок, актовий зал
вул.Космонавтів, 35, с.Косанове, Гайсинський р-н, Вінницька обл., 23710","480","121","485","25","336","23","359","","0","336","23","359","16","343","14","2","115","5","10","1","188","0","3","2","3","29.10.12"
"050251","17","Вінницька область","сільська рада, фойє
вул.1 Травня, 48, с.Семерічка, Гайсинський р-н, Вінницька обл., 23723","258","72","245","27","160","26","186","","0","160","26","186","3","183","3","0","31","0","8","0","137","2","0","0","2","29.10.12"
"050252","17","Вінницька область","будинок культури, актовий зал
вул.Шевченка, 3, с.Рахни, Гайсинський р-н, Вінницька обл., 23700","270","54","270","20","196","20","216","","0","196","20","216","3","213","5","0","32","3","6","0","166","0","1","0","0","29.10.12"
"050253","17","Вінницька область","будинок культури, актовий зал
вул.Леніна, 56А, с.Степашки, Гайсинський р-н, Вінницька обл., 23743","570","165","574","47","363","42","405","","0","363","42","405","11","394","22","2","155","6","2","1","205","0","0","1","0","29.10.12"
"050254","17","Вінницька область","будинок культури, актовий зал
вул.Леніна, 9А, с.Харпачка, Гайсинський р-н, Вінницька обл., 23742","666","210","663","18","443","13","456","","0","443","13","456","19","437","20","4","134","14","13","2","240","2","6","1","1","30.10.12"
"050255","17","Вінницька область","школа, столова
вул.В.Бабія, 19, с.Чечелівка, Гайсинський р-н, Вінницька обл., 23735","774","182","766","58","541","51","592","","0","541","51","592","17","575","63","3","285","6","26","4","177","3","3","5","0","29.10.12"
"050256","17","Вінницька область","школа, фойє
вул.Паламарчука, 66, с.Рахнівка, Гайсинський р-н, Вінницька обл., 23700","384","90","381","25","269","25","294","","0","269","25","294","14","280","16","0","169","0","7","0","83","1","2","1","1","29.10.12"
"050257","17","Вінницька область","будинок культури, зал засідань
вул.Гагарина, 1А, с.Тарасівка, Гайсинський р-н, Вінницька обл., 23700","294","65","294","20","210","19","229","","0","210","19","229","2","227","16","0","107","6","3","0","91","3","1","0","0","28.10.12"
"050258","17","Вінницька область","будинок культури, фойє
вул.Жовтнева, 20, с.Ярмолинці, Гайсинський р-н, Вінницька обл., 23740","642","195","645","21","426","21","447","","0","426","21","447","25","422","30","2","202","8","14","0","159","1","1","4","1","29.10.12"
"050259","17","Вінницька область","сільський клуб, танцювальний зал
вул.1 Травня, 6, с.Басаличівка, Гайсинський р-н, Вінницька обл., 23740","240","60","239","26","154","26","180","","0","154","26","180","7","173","13","1","96","1","4","0","58","0","0","0","0","28.10.12"
"050260","17","Вінницька область","Гайсинська центральна районна лікарня, приймальне відділення
вул.Гурвіча, 1, м.Гайсин, Гайсинський р-н, Вінницька обл., 23700","54","17","48","28","17","20","37","","0","17","20","37","3","34","1","0","8","1","1","0","22","0","1","0","0","29.10.12"
"050985","17","Вінницька область","школа №1, вестибюль
вул.Незалежності, 20, смт Теплик, Теплицький р-н, Вінницька обл., 23800","1800","712","1778","22","1069","19","1088","","0","1069","19","1088","20","1068","132","2","487","57","21","2","343","6","8","9","1","29.10.12"
"050986","17","Вінницька область","будинок культури, вестибюль
вул.Незалежності, 37, смт Теплик, Теплицький р-н, Вінницька обл., 23800","1554","620","1533","19","916","18","934","","0","916","18","934","21","913","146","2","359","28","36","3","314","7","9","2","7","29.10.12"
"050987","17","Вінницька область","школа №2, актова зала
вул.Агрономічна, 25, смт Теплик, Теплицький р-н, Вінницька обл., 23800","1920","755","1894","25","1142","23","1165","","0","1142","23","1165","19","1146","137","4","521","42","28","4","384","3","4","15","4","29.10.12"
"050988","17","Вінницька область","школа, фойє
вул.Леніна, 12, с.Бджільна, Теплицький р-н, Вінницька обл., 23840","786","252","766","34","503","31","534","","0","503","31","534","20","514","32","2","201","18","9","1","239","4","4","2","2","29.10.12"
"050989","17","Вінницька область","сільський клуб, зала
вул.Першотравнева, 42, с.Червона Долина, Теплицький р-н, Вінницька обл., 23840","138","32","135","13","94","12","106","","0","94","12","106","1","105","9","1","64","4","0","0","22","1","2","1","1","29.10.12"
"050990","17","Вінницька область","школа, спортивний зал
вул.Шкільна, 6, с.Брідок, Теплицький р-н, Вінницька обл., 23824","504","138","504","34","332","34","366","","0","332","34","366","13","353","22","2","178","15","5","2","124","2","0","1","2","29.10.12"
"050991","17","Вінницька область","будинок культури, фойє
вул.Центральна, 11, с.Велика Мочулка, Теплицький р-н, Вінницька обл., 23823","612","210","593","11","391","11","402","","0","391","11","402","7","395","13","0","273","4","5","0","94","0","5","1","0","28.10.12"
"050992","17","Вінницька область","школа, спортивний зал
вул.Шкільна, 14, с.Велика Мочулка, Теплицький р-н, Вінницька обл., 23823","528","236","513","8","284","8","292","","0","284","8","292","10","282","10","0","182","2","2","0","81","2","0","1","2","30.10.12"
"050993","17","Вінницька область","будинок культури, фойє
вул.Леніна, 3, с.Веселівка, Теплицький р-н, Вінницька обл., 23850","630","212","619","60","363","55","418","","0","363","55","418","25","393","23","2","168","17","17","1","152","1","6","0","6","28.10.12"
"050994","17","Вінницька область","сільський клуб, фойє
вул.Набережна, 2, с.Завадівка, Теплицький р-н, Вінницька обл., 23832","438","136","426","27","275","27","302","","0","275","27","302","7","295","7","2","116","13","2","0","148","1","2","0","4","29.10.12"
"050995","17","Вінницька область","сільський клуб, зала
вул.Центральна, 7, с.Залужжя, Теплицький р-н, Вінницька обл., 23806","690","199","677","18","473","18","491","","0","473","18","491","11","480","14","3","315","12","10","0","120","0","5","1","0","28.10.12"
"050996","17","Вінницька область","будинок культури, кімната дозвілля молоді
вул.Молодіжна, 3, с.Кивачівка, Теплицький р-н, Вінницька обл., 23810","510","132","501","9","369","9","378","","0","369","9","378","7","371","10","0","101","4","1","0","253","1","1","0","0","29.10.12"
"050997","17","Вінницька область","сільський клуб, актова зала
вул.1-го Травня, 5, с.Цвіліхівка, Теплицький р-н, Вінницька обл., 23810","180","43","167","11","128","9","137","","0","128","9","137","6","131","12","1","59","4","3","0","49","2","1","0","0","29.10.12"
"050998","17","Вінницька область","сільський клуб, фойє
вул.Шкільна, 3, с.Комарівка, Теплицький р-н, Вінницька обл., 23812","330","89","320","16","231","10","241","","0","231","10","241","4","237","21","0","136","12","8","0","58","1","0","0","1","05.11.12"
"050999","17","Вінницька область","сільський магазин, зала
вул.Донівська, 4, с.Іванів, Теплицький р-н, Вінницька обл., 23812","228","68","222","16","146","14","160","","0","146","14","160","8","152","8","2","66","9","3","0","60","2","1","1","0","30.10.12"
"051000","17","Вінницька область","школа, фойє
вул.Шевченка, 9, с.Костюківка, Теплицький р-н, Вінницька обл., 23844","312","93","305","20","200","19","219","","0","200","19","219","11","208","6","0","105","5","3","4","82","1","1","0","1","29.10.12"
"051001","17","Вінницька область","школа, спортивний зал
вул.Радянська, 35, с.Мала Мочулка, Теплицький р-н, Вінницька обл., 23834","816","200","806","43","573","43","616","","0","573","43","616","4","612","12","5","476","11","3","1","101","1","1","1","0","28.10.12"
"051002","17","Вінницька область","сільський клуб, фойє
вул.Освітня, 17, с.Мишарівка, Теплицький р-н, Вінницька обл., 23835","258","75","255","34","150","33","183","","0","150","33","183","11","172","1","1","118","15","1","0","35","0","1","0","0","28.10.12"
"051003","17","Вінницька область","будинок культури, фойє
вул.Леніна, 110, с.Метанівка, Теплицький р-н, Вінницька обл., 23831","636","195","631","30","412","29","441","","0","412","29","441","18","423","21","4","150","26","14","1","197","2","6","1","1","28.10.12"
"051004","17","Вінницька область","сільський клуб, зала
вул.Івана Діброви, 6, с.Орлівка, Теплицький р-н, Вінницька обл., 23833","510","154","504","30","327","29","356","","0","327","29","356","21","335","38","3","195","7","10","0","77","3","0","0","2","30.10.12"
"051005","17","Вінницька область","будинок культури, зала
вул.Центральна, 17А, с.Петрашівка, Теплицький р-н, Вінницька обл., 23830","534","196","524","37","303","35","338","","0","303","35","338","12","326","3","1","93","13","7","0","199","3","0","1","6","28.10.12"
"051006","17","Вінницька область","школа, фойє
вул.Шкільна, 1, с.Побірка, Теплицький р-н, Вінницька обл., 23825","444","135","438","28","281","28","309","","0","281","28","309","4","305","5","0","143","0","4","0","149","1","1","0","2","28.10.12"
"051007","17","Вінницька область","сільський клуб, зала
вул.Леніна, 9, с.Погоріла, Теплицький р-н, Вінницька обл., 23854","612","152","599","73","390","70","460","","0","390","70","460","34","426","51","6","174","7","4","3","169","2","1","6","3","29.10.12"
"051008","17","Вінницька область","сільська рада, актова зала
вул.Леніна, 5, с.Пологи, Теплицький р-н, Вінницька обл., 23841","378","99","369","42","240","39","279","","0","240","39","279","3","276","4","1","197","12","8","0","49","0","3","1","1","29.10.12"
"051009","17","Вінницька область","сільський клуб, зала
вул.Радянська, 5, с.Лозовата, Теплицький р-н, Вінницька обл., 23841","120","33","106","8","79","8","87","","0","79","8","87","1","86","1","0","62","3","1","0","16","2","1","0","0","29.10.12"
"051010","17","Вінницька область","будинок культури, зала
вул.Перемоги, 160, с.Росоша, Теплицький р-н, Вінницька обл., 23851","534","154","523","39","343","37","380","","0","343","37","380","13","367","14","0","191","16","18","0","118","3","2","3","2","29.10.12"
"051011","17","Вінницька область","сільський клуб, зала
вул.Щорса, 33, с.Кожухівка, Теплицький р-н, Вінницька обл., 23851","186","38","188","30","119","29","148","","0","119","29","148","2","146","7","0","77","4","1","0","54","0","1","0","2","29.10.12"
"051012","17","Вінницька область","сільський клуб, хол
вул.1Травня, 31, с.Кам’янки, Теплицький р-н, Вінницька обл., 23851","144","43","139","17","86","15","101","","0","86","15","101","5","96","0","0","33","4","1","0","54","0","1","2","1","29.10.12"
"051013","17","Вінницька область","сільський клуб, фойє
вул.Леніна, 48, с.Саша, Теплицький р-н, Вінницька обл., 23843","306","83","307","23","204","19","223","","0","204","19","223","8","215","15","0","96","11","1","0","88","1","1","2","0","29.10.12"
"051014","17","Вінницька область","дитячий навчальний заклад, актова зала
пров.Леніна, 8, с.Соболівка, Теплицький р-н, Вінницька обл., 23820","930","440","917","34","461","29","490","","0","461","29","490","25","465","65","4","143","16","4","2","218","2","3","7","1","29.10.12"
"051015","17","Вінницька область","школа, вестибюль
вул.Братів Скакодубів, 2, с.Соболівка, Теплицький р-н, Вінницька обл., 23820","738","278","727","36","424","36","460","","0","424","36","460","11","449","38","0","202","23","10","3","164","2","6","0","1","29.10.12"
"051016","17","Вінницька область","школа, спортивний зал
вул.Суворова, 12, с.Соболівка, Теплицький р-н, Вінницька обл., 23820","804","290","791","52","470","44","514","","0","470","44","514","22","492","79","0","182","9","18","3","192","0","3","4","2","28.10.12"
"051017","17","Вінницька область","школа, кл.1
вул.Богдана Хмельницького, 1, с.Антонівка, Теплицький р-н, Вінницька обл., 23821","210","61","204","15","135","14","149","","0","135","14","149","3","146","0","0","88","3","0","0","53","1","0","1","0","29.10.12"
"051018","17","Вінницька область","школа, фойє
вул.Перемоги, 13, с.Сокиряни, Теплицький р-н, Вінницька обл., 23842","300","62","297","31","212","26","238","","0","212","26","238","17","221","9","1","126","9","4","1","70","0","0","1","0","01.11.12"
"051019","17","Вінницька область","школа, хол
вул.Леніна, 3А, с.Степанівка, Теплицький р-н, Вінницька обл., 23814","732","291","719","4","437","4","441","","0","437","4","441","13","428","35","2","197","14","4","0","171","1","2","2","0","29.10.12"
"051020","17","Вінницька область","дитячий садок, зала
вул.Чапаєва, 51А, с.Важне, Теплицький р-н, Вінницька обл., 23814","270","74","267","4","193","3","196","","0","193","3","196","7","189","12","0","55","4","1","3","113","0","0","0","1","29.10.12"
"051021","17","Вінницька область","сільський клуб, хол
вул.Івана Франка, сільський клуб, с.Карабелівка, Теплицький р-н, Вінницька обл., 23816","450","100","442","33","317","33","350","","0","317","33","350","10","340","22","0","132","25","8","2","148","0","1","1","1","30.10.12"
"051022","17","Вінницька область","сільський клуб, хол
вул.Леонтовича, 4, с.Марківка, Теплицький р-н, Вінницька обл., 23815","318","88","317","23","207","23","230","","0","0","0","230","6","224","22","2","73","3","4","0","118","1","0","1","0","05.11.12"
"051023","17","Вінницька область","контора ТОВ""Кублич ХПП"", зала
вул.Залізнична, 12, с-ще Кублич, Теплицький р-н, Вінницька обл., 23814","168","48","165","2","118","2","120","","0","118","2","120","1","119","4","0","77","0","0","0","37","1","0","0","0","29.10.12"
"051024","17","Вінницька область","сільський клуб, зала
вул.Садова, 13, с.Стражгород, Теплицький р-н, Вінницька обл., 23807","564","171","557","6","388","5","393","","0","388","5","393","8","385","19","6","231","25","5","0","93","2","2","0","2","30.10.12"
"051025","17","Вінницька область","сільський клуб, фойє
вул.Центральна, 105, с.Розкошівка, Теплицький р-н, Вінницька обл., 23813","420","114","408","7","299","7","306","","0","299","7","306","16","290","24","2","135","16","12","1","92","1","1","0","6","29.10.12"
"051026","17","Вінницька область","сільський клуб, фойє
вул.Мічуріна, 1А, с.Тополівка, Теплицький р-н, Вінницька обл., 23811","426","155","404","16","255","16","271","","0","255","16","271","7","264","15","0","132","4","6","2","102","0","1","2","0","29.10.12"
"051027","17","Вінницька область","цукровий завод, агітпункт
вул.Заводська, 1, с.Удич, Теплицький р-н, Вінницька обл., 23853","684","284","673","47","361","39","400","","0","361","39","400","18","382","18","1","199","52","10","2","96","0","0","1","3","29.10.12"
"051028","17","Вінницька область","сільський клуб, зала
вул.1Травня, 2, с.Шиманівка, Теплицький р-н, Вінницька обл., 23822","324","124","315","1","199","1","200","","0","199","1","200","4","196","1","0","51","0","0","1","143","0","0","0","0","28.10.12"
"051029","17","Вінницька область","лікарня, фізіотерапевтичний кабінет 2
вул.Незалежності, 2, смт Теплик, Теплицький р-н, Вінницька обл., 23800","132","92","43","18","22","18","40","","0","22","18","40","0","40","3","0","15","2","2","0","16","0","1","0","1","29.10.12"
"051030","17","Вінницька область","амбулаторія сімейної медицини, хол
вул.Яблунева, 1, с.Соболівка, Теплицький р-н, Вінницька обл., 23820","24","8","16","16","0","16","16","","0","0","16","16","0","16","2","0","7","0","1","0","6","0","0","0","0","29.10.12"
"051129","17","Вінницька область","районний будинок культури, фойє
вул.Леніна, 56, смт Тростянець, Тростянецький р-н, Вінницька обл., 24300","1884","685","1866","14","1185","14","1199","","0","1185","14","1199","34","1165","106","2","448","8","12","1","568","2","11","4","3","29.10.12"
"051130","17","Вінницька область","школа №2, коридор
вул.Леніна, 94, смт Тростянець, Тростянецький р-н, Вінницька обл., 24300","2226","861","2211","22","1347","18","1365","","0","1347","18","1365","34","1331","78","6","497","21","7","1","703","7","1","0","10","29.10.12"
"051131","17","Вінницька область","приміщення райавтодору, актовий зал
вул.ХХ Партз’їзду, 42, смт Тростянець, Тростянецький р-н, Вінницька обл., 24300","2208","843","2141","34","1331","34","1365","","0","1331","34","1365","32","1333","127","1","484","26","16","5","659","1","12","0","2","29.10.12"
"051132","17","Вінницька область","будинок культури, фойє
вул.Леніна, 1, с.Глибочок, Тростянецький р-н, Вінницька обл., 24340","600","161","598","42","398","41","439","","0","398","41","439","5","434","10","1","127","19","5","3","261","0","8","0","0","29.10.12"
"051133","17","Вінницька область","клуб-бібліотека, фойє
вул.Смовзюка, 38А, с.Скибинці, Тростянецький р-н, Вінницька обл., 24341","180","51","174","28","104","25","129","","0","104","25","129","6","123","4","1","33","2","0","0","81","0","2","0","0","28.10.12"
"051134","17","Вінницька область","будинок культури, актова зала
вул.Леніна, 59А, с.Гордіївка, Тростянецький р-н, Вінницька обл., 24313","906","178","895","53","678","50","728","","0","678","50","728","12","716","21","0","135","2","3","2","547","1","3","0","2","29.10.12"
"051135","17","Вінницька область","сільський клуб, актова зала
вул.Піонерська, 19А, с.Велика Стратіївка, Тростянецький р-н, Вінницька обл., 24314","552","144","546","19","389","19","408","","0","389","19","408","6","402","22","0","72","5","2","1","299","1","0","0","0","30.10.12"
"051136","17","Вінницька область","сільський клуб, актова зала, 2-й поверх
вул.Набережна, 41А, с.Митківка, Тростянецький р-н, Вінницька обл., 24313","66","14","60","7","45","7","52","","0","45","7","52","2","50","0","0","16","0","1","0","33","0","0","0","0","30.10.12"
"051137","17","Вінницька область","будинок обрядових подій, актова зала
вул.Леніна, 194, с.Летківка, Тростянецький р-н, Вінницька обл., 24310","1164","443","1158","41","682","39","721","","0","682","39","721","14","707","26","0","247","9","2","1","416","0","2","1","3","29.10.12"
"051138","17","Вінницька область","школа, приміщення гардеробу
вул.Леніна, 136, с.Летківка, Тростянецький р-н, Вінницька обл., 24310","1182","493","1173","37","654","35","689","","0","654","35","689","18","671","39","0","244","18","9","1","349","2","6","0","3","29.10.12"
"051139","17","Вінницька область","сільський будинок культури, фойє
вул.Леніна, 14А, с.Оляниця, Тростянецький р-н, Вінницька обл., 24326","978","272","970","61","646","60","706","","0","646","60","706","18","688","22","3","237","2","7","1","411","2","1","1","1","29.10.12"
"051140","17","Вінницька область","будинок культури, фойє
вул.Котовського, 1, с.Тростянчик, Тростянецький р-н, Вінницька обл., 24342","1152","366","1142","38","748","38","786","","0","748","38","786","25","761","17","0","301","6","5","1","419","0","12","0","0","29.10.12"
"051141","17","Вінницька область","будинок культури, актова зала
вул.Гагаріна, 41, с.Четвертинівка, Тростянецький р-н, Вінницька обл., 24327","1068","306","1059","51","715","47","762","","0","715","47","762","23","739","18","1","285","14","9","2","406","1","1","1","1","29.10.12"
"051142","17","Вінницька область","школа, фойє
вул.Могильчака, 9, с.Демидівка, Тростянецький р-н, Вінницька обл., 24343","594","163","583","45","394","37","431","","0","394","37","431","15","416","6","0","90","5","2","1","310","1","1","0","0","29.10.12"
"051143","17","Вінницька область","будинок культури, фойє
вул.Котовського, 2, с.Ободівка, Тростянецький р-н, Вінницька обл., 24353","1578","658","1559","28","901","19","920","","0","901","19","920","37","883","31","5","421","8","25","2","379","1","4","1","6","29.10.12"
"051144","17","Вінницька область","школа, спортивний зал
вул.Леніна, 179, с.Ободівка, Тростянецький р-н, Вінницька обл., 24353","768","316","761","10","442","10","452","","0","442","10","452","20","432","13","5","156","6","10","1","236","0","2","0","3","29.10.12"
"051145","17","Вінницька область","будинок культури, фойє, 1-й поверх
вул.Мічуріна, 1, с.Савинці, Тростянецький р-н, Вінницька обл., 24335","708","244","707","43","428","36","464","","0","428","36","464","15","449","11","4","309","14","1","1","106","0","2","0","1","28.10.12"
"051146","17","Вінницька область","сільський клуб, фойє
вул.Дружби, 88, с.Китайгород, Тростянецький р-н, Вінницька обл., 24335","228","68","222","11","149","11","160","","0","149","11","160","9","151","4","0","94","5","10","0","35","0","2","0","1","29.10.12"
"051147","17","Вінницька область","сільський клуб, фойє
вул.Довжок, 60, с-ще Довжок, Тростянецький р-н, Вінницька обл., 24335","156","48","154","8","102","6","108","","0","102","6","108","0","108","0","0","74","9","2","1","21","1","0","0","0","28.10.12"
"051148","17","Вінницька область","сільський будинок культури, фойє
вул.Леніна, 131, с.Торканівка, Тростянецький р-н, Вінницька обл., 24361","684","211","674","61","415","58","473","","0","415","58","473","6","467","13","1","109","10","14","2","314","2","2","0","0","29.10.12"
"051149","17","Вінницька область","будинок культури, актова зала
вул.Леніна, 76, с.Цибулівка, Тростянецький р-н, Вінницька обл., 24360","1194","404","1181","63","732","58","790","","0","732","58","790","28","762","5","1","275","14","9","0","452","1","2","1","2","29.10.12"
"051150","17","Вінницька область","будинок культури, фойє
вул.Леніна, 1, с.Нова Ободівка, Тростянецький р-н, Вінницька обл., 24357","1224","490","1215","8","727","7","734","","0","727","7","734","32","702","19","1","338","13","9","1","311","1","4","1","4","29.10.12"
"051151","17","Вінницька область","клуб цукрового заводу, фойє
вул.Призаводська, 20, с.Нова Ободівка, Тростянецький р-н, Вінницька обл., 24357","840","356","834","17","467","17","484","","0","467","17","484","16","468","17","4","154","5","14","2","267","0","2","1","2","29.10.12"
"051152","17","Вінницька область","сільський клуб, фойє
вул.Леніна, 369, с.Мала Стратіївка, Тростянецький р-н, Вінницька обл., 24352","492","149","488","28","315","28","343","","0","315","28","343","8","335","13","0","181","5","3","0","131","0","1","0","1","30.10.12"
"051153","17","Вінницька область","будинок культури, актова зала
вул.Шкільна, 23, с.Бережанка, Тростянецький р-н, Вінницька обл., 24356","360","123","358","3","234","3","237","","0","234","3","237","12","225","3","4","119","1","5","2","85","0","5","1","0","29.10.12"
"051154","17","Вінницька область","сільський будинок культури, фойє
вул.Леніна, 30В, с.Олександрівка, Тростянецький р-н, Вінницька обл., 24333","930","354","916","20","561","15","576","","0","561","15","576","20","556","31","3","318","17","5","2","168","0","8","1","3","29.10.12"
"051155","17","Вінницька область","школа, коридор
вул.Шкільна, 1А, с.Демківка, Тростянецький р-н, Вінницька обл., 24334","774","317","765","18","445","12","457","","0","445","12","457","10","447","21","6","243","22","9","2","135","2","2","1","4","29.10.12"
"051156","17","Вінницька область","залізнична станція, зал
вул.Привокзальна, 43/1, с-ще Демківське, Тростянецький р-н, Вінницька обл., 24333","90","16","90","1","73","1","74","","0","73","1","74","3","71","1","0","33","1","1","0","33","0","1","0","1","28.10.12"
"051157","17","Вінницька область","сільський будинок культури, актова зала
вул.С.Мурованого, 9А, с.Капустяни, Тростянецький р-н, Вінницька обл., 24332","1284","429","1275","82","778","77","855","","0","778","77","855","39","816","54","2","387","31","14","0","308","0","3","11","6","29.10.12"
"051158","17","Вінницька область","сільський будинок культури, танцювальний зал
вул.50-річчя Жовтня, 43, с.Буди, Тростянецький р-н, Вінницька обл., 24312","966","316","959","52","598","52","650","","0","598","52","650","18","632","40","3","346","19","7","2","209","0","3","1","2","29.10.12"
"051159","17","Вінницька область","столова, зал
вул.Садова, 20, с-ще Дубина, Тростянецький р-н, Вінницька обл., 24312","138","39","132","0","99","0","99","","0","99","0","99","2","97","1","0","49","6","1","0","38","2","0","0","0","29.10.12"
"051160","17","Вінницька область","будинок культури, фойє
вул.Леніна, 84, с.Верхівка, Тростянецький р-н, Вінницька обл., 24350","618","209","611","9","402","7","409","","0","402","7","409","11","398","7","4","177","11","1","1","192","2","1","1","1","30.10.12"
"051161","17","Вінницька область","сільський клуб, фойє
вул.Леніна, 117, с.Козинці, Тростянецький р-н, Вінницька обл., 24351","528","204","522","7","317","7","324","","0","317","7","324","11","313","9","0","163","7","9","0","122","0","3","0","0","28.10.12"
"051162","17","Вінницька область","школа, фойє
вул.30 років Перемоги, 1, с.Ілляшівка, Тростянецький р-н, Вінницька обл., 24330","678","237","673","15","433","8","441","","0","433","8","441","16","425","17","1","182","6","10","0","199","0","1","7","2","29.10.12"
"051163","17","Вінницька область","сільський будинок культури, актова зала
вул.Партизанська, 2, с.Красногірка, Тростянецький р-н, Вінницька обл., 24331","288","109","279","15","168","11","179","","0","168","11","179","12","167","4","0","48","8","3","0","99","0","2","3","0","29.10.12"
"051164","17","Вінницька область","районна лікарня, актова зала
вул.Мічуріна, 66, смт Тростянець, Тростянецький р-н, Вінницька обл., 24300","186","149","59","33","19","18","37","","0","19","18","37","2","35","0","0","0","12","1","0","0","21","0","1","0","29.10.12"
"051624","17","Вінницька область","палац культури ""Прометей"", диско-зал
вул.П.Кравчика, 4, м.Ладижин, Вінницька обл., 24321","2106","819","2085","23","1267","20","1287","","0","1267","20","1287","35","1252","112","12","596","25","34","3","457","2","7","1","3","29.10.12"
"051625","17","Вінницька область","школа №4, вестибюль
вул.Будівельників, 63, м.Ладижин, Вінницька обл., 24321","2160","776","2103","31","1361","23","1384","","0","1361","23","1384","41","1343","125","11","702","17","21","3","443","3","8","4","6","29.10.12"
"051626","17","Вінницька область","будинок культури ""Лада"", диско-зал
вул.Карла Маркса, 39, м.Ладижин, Вінницька обл., 24321","918","342","908","20","557","19","576","","0","557","19","576","13","563","59","3","256","5","20","1","212","3","1","3","0","29.10.12"
"051627","17","Вінницька область","школа №1, вестибюль
вул.Леніна, 2, м.Ладижин, Вінницька обл., 24321","1728","731","1707","56","955","42","997","","0","955","42","997","38","959","57","11","390","10","14","2","466","2","3","2","2","29.10.12"
"051628","17","Вінницька область","будинок культури ПАТ ""Біолік"", актова зала
вул.Леніна, 120, м.Ладижин, Вінницька обл., 24321","1152","436","1139","15","702","14","716","","0","702","14","716","17","699","60","2","355","9","10","0","257","0","1","0","5","29.10.12"
"051629","17","Вінницька область","будинок культури, глядацька зала
вул.Першотравнева, 57, с.Лукашівка, м.Ладижин, Вінницька обл., 24325","594","227","600","45","326","41","367","","0","326","41","367","14","353","15","4","145","4","6","2","175","0","2","0","0","28.10.12"
"051630","17","Вінницька область","адмінбудівля Ладижинського кар’єроуправління, зал засідань
вул.Ружицьких, 9, с-ще Губник, м.Ладижин, Вінницька обл., 24324","288","107","291","5","176","5","181","","0","176","5","181","2","179","4","0","92","0","0","0","83","0","0","0","0","29.10.12"
"051631","17","Вінницька область","Ладижинський коледж Вінницького національного аграрного університету, вестибюль
вул.П.Кравчика, 3, м.Ладижин, Вінницька обл., 24321","1104","393","1091","8","705","6","711","","0","705","6","711","21","690","70","4","337","6","12","1","251","1","5","1","2","29.10.12"
"051632","17","Вінницька область","школа №3, вестибюль
вул.П.Кравчика, 53, м.Ладижин, Вінницька обл., 24321","2100","712","2071","30","1364","24","1388","","0","1364","24","1388","40","1348","101","21","668","43","36","3","463","1","4","4","4","29.10.12"
"051633","17","Вінницька область","адмінбудівля житлово-комунального господарства Ладижинської ТЕС, актова зала
вул.Процишина, 12, м.Ладижин, Вінницька обл., 24321","2256","889","2220","16","1357","10","1367","","0","1357","10","1367","46","1321","136","14","649","19","23","2","455","2","10","3","8","29.10.12"
"051634","17","Вінницька область","школа №2, вестибюль
вул.Процишина, 21, м.Ладижин, Вінницька обл., 24321","2238","882","2224","25","1340","16","1356","","0","1340","16","1356","46","1310","125","11","648","36","29","2","444","1","6","3","5","29.10.12"
"051635","17","Вінницька область","ПрАТ ""Ладижинський завод залізобетонних конструкцій"", зал засідань
вул.Наконечного, 184, м.Ладижин, Вінницька обл., 24321","1128","401","1130","9","721","6","727","","0","721","6","727","21","706","58","12","374","15","13","0","224","0","4","1","5","30.10.12"
"051636","17","Вінницька область","Ладижинське міське територіальне медичне об’єднання, вестибюль
вул.Ентузіастів, 24, м.Ладижин, Вінницька обл., 24321","54","25","33","6","24","5","29","","0","24","5","29","0","29","4","2","4","3","0","0","16","0","0","0","0","29.10.12"
"051637","17","Вінницька область","Ладижинська виправна колонія №39, навчальний клас
вул.Гранітна, 15, с-ще Губник, м.Ладижин, Вінницька обл., 24324","564","1","563","65","498","65","563","","0","0","0","563","62","501","54","3","26","20","9","4","355","8","10","5","7","29.10.12"
