"№ ВД","OBO","Назва регіону України","Місцезнаходження та адреса приміщення для голосування","1) К-сть одержаних бюлетенів","2) К-сть невикористаних бюлетенів","3) К-сть виборців, внесених до списку виборців","4) К-сть виборців, внесених до витягу зі списку виборців","5) К-сть виборців, які отримали бюлетені у приміщенні","6) К-сть виборців, які отримали за місцем перебування","7) Сумарна к-сть виборців, які отримали бюлетені","8) К-сть бюлетенів, що виявилися у кожній скринці","9) К-сть бюлетенів, що не підлягають врахуванню","10) К-сть виборців, які взяли участь у голос. у приміщенні для гол.","11) К-сть виборців, які взяли участь у голос. за місцем перебування","12) К-сть виборців, які взяли участь у голосуванні на виборчій дільниці","13) К-сть бюлетенів, визнаних недійсними","14) Сумарна к-сть голосів виборців ЗА","Базелюк
Володимир
Васильович","Барчишен
Олег
Вікторович","Бондарчук
Іван
Миколайович","Дмитрів
Олег
Степанович","Іорданов
Юрій
Іванович","Костирко
Дмитро
Олександрович","Максимчук
Борис
Анатолійович","Порошенко
Петро
Олексійович","Дата підписання протоколу"
"000001","12","Вінницька область","спортивна зала установи
вул.Островського, 2, м. Вінниця, 21100","1008","162","847","9","837","9","846","","0","837","9","846","58","788","24","20","17","5","15","59","24","624","29.10.12"
"050125","12","Вінницька область","Ганський клуб, актовий зал
вул.Піонерська, 1, смт Вороновиця, Вінницький р-н, Вінницька обл., 23252","751","304","762","9","440","7","447","","0","440","7","447","12","435","46","23","9","5","19","19","28","286","29.10.12"
"050126","12","Вінницька область","школа №1, фойє
вул.Гагаріна, 2, смт Вороновиця, Вінницький р-н, Вінницька обл., 23252","1984","736","1946","226","1044","204","1248","","0","1044","204","1248","17","1231","93","22","61","9","77","110","62","797","29.10.12"
"050127","12","Вінницька область","будинок культури, актовий зал
вул.Леніна, 97А, смт Вороновиця, Вінницький р-н, Вінницька обл., 23252","1304","587","1292","21","696","21","717","","0","696","21","717","13","704","58","20","18","2","28","20","42","516","29.10.12"
"050128","12","Вінницька область","школа №2, спортзал
вул.Цукрозаводська, 19, смт Вороновиця, Вінницький р-н, Вінницька обл., 23252","976","367","970","15","594","15","609","","0","594","15","609","15","594","52","19","16","2","20","9","53","423","29.10.12"
"050129","12","Вінницька область","школа, актовий зал
вул.Гагаріна, 11, смт Десна, Вінницький р-н, Вінницька обл., 23240","1080","355","1070","3","722","3","725","","0","722","3","725","8","717","51","22","13","2","26","13","24","566","29.10.12"
"050138","12","Вінницька область","будинок культури, актовий зал
вул.Українська, 28А, с.Великі Крушлинці, Вінницький р-н, Вінницька обл., 23243","712","201","699","85","434","77","511","","0","434","77","511","13","498","17","11","16","1","22","13","14","404","29.10.12"
"050139","12","Вінницька область","будинок культури, актовий зал
вул.Леніна, 65, с.Вінницькі Хутори, Вінницький р-н, Вінницька обл., 23201","2296","907","2294","36","1359","30","1389","","0","1359","30","1389","33","1356","136","40","30","5","83","36","77","949","29.10.12"
"050140","12","Вінницька область","школа естетичного виховання, фойє
вул.Сагайдачного, 95, с.Вінницькі Хутори, Вінницький р-н, Вінницька обл., 23201","2208","888","2188","30","1291","29","1320","","0","1291","29","1320","18","1302","121","47","22","4","88","23","72","925","29.10.12"
"050141","12","Вінницька область","школа, фойє
вул.Леніна, школа, с.Вінницькі Хутори, Вінницький р-н, Вінницька обл., 23201","2248","903","2385","22","1323","22","1345","","0","1323","22","1345","28","1317","135","34","20","4","53","45","60","966","29.10.12"
"050142","12","Вінницька область","будинок культури, фойє
вул.Гагаріна, 27, с.Гавришівка, Вінницький р-н, Вінницька обл., 23202","1384","559","1335","113","721","104","825","","0","721","104","825","12","813","55","35","15","7","33","20","42","606","29.10.12"
"050143","12","Вінницька область","будинок культури, актовий зал
вул.Леніна, 20, с.Гуменне, Вінницький р-н, Вінницька обл., 23203","624","199","622","24","403","22","425","","0","403","22","425","21","404","18","10","10","5","31","15","19","296","29.10.12"
"050144","12","Вінницька область","сільський клуб, фойє
вул.Чапаєва, 2, с.Михайлівка, Вінницький р-н, Вінницька обл., 23203","744","183","742","36","526","35","561","","0","526","35","561","18","543","10","8","10","1","6","15","12","481","29.10.12"
"050146","12","Вінницька область","будинок культури, актовий зал
вул.Леніна, 25, с.Жабелівка, Вінницький р-н, Вінницька обл., 23245","432","136","436","49","249","47","296","","0","249","47","296","7","289","9","8","4","1","9","5","3","250","29.10.12"
"050147","12","Вінницька область","будинок культури, актовий зал
вул.Леніна, 2А, с.Іванівка, Вінницький р-н, Вінницька обл., 23250","472","162","471","34","276","34","310","","0","276","34","310","8","302","11","5","12","2","16","7","21","228","29.10.12"
"050148","12","Вінницька область","початкова школа, фойє
вул.Шевчука, 31, с.Цвіжин, Вінницький р-н, Вінницька обл., 23250","152","41","147","14","99","12","111","","0","99","12","111","2","109","7","7","6","0","4","4","2","79","29.10.12"
"050150","12","Вінницька область","школа, класна кімната
вул.Леніна, 15, с.Горбанівка, Вінницький р-н, Вінницька обл., 23231","440","148","429","19","274","18","292","","0","274","18","292","14","278","13","9","10","0","17","10","15","204","29.10.12"
"050151","12","Вінницька область","ФАП, оглядова
вул.К.Маркса, 10А, с.Рівець, Вінницький р-н, Вінницька обл., 23231","200","49","202","17","136","15","151","","0","136","15","151","1","150","12","7","5","1","3","19","7","96","29.10.12"
"050152","12","Вінницька область","сільський клуб, актовий зал
вул.Леніна, 32, с.Комарів, Вінницький р-н, Вінницька обл., 23251","872","345","875","46","482","45","527","","0","482","45","527","7","520","22","15","12","2","31","32","25","381","29.10.12"
"050153","12","Вінницька область","сільський клуб, фойє
вул.Хмельницьке шосе, сільський клуб, с.Ксаверівка, Вінницький р-н, Вінницька обл., 23220","528","168","527","19","342","18","360","","0","342","18","360","10","350","19","5","27","2","13","2","10","272","29.10.12"
"050157","12","Вінницька область","будинок культури, фойє
вул.Піонерська, 2А, с.Лука-Мелешківська, Вінницький р-н, Вінницька обл., 23234","1792","805","1804","44","947","40","987","","0","947","40","987","21","966","99","35","36","6","32","28","69","661","29.10.12"
"050158","12","Вінницька область","школа, фойє
вул.Піонерська, 1, с.Лука-Мелешківська, Вінницький р-н, Вінницька обл., 23234","1512","716","1512","41","756","40","796","","0","756","40","796","16","780","102","22","24","3","23","9","57","540","29.10.12"
"050159","12","Вінницька область","школа, фойє
вул.Шевченка, 2, с.Прибузьке, Вінницький р-н, Вінницька обл., 23234","312","107","311","15","192","13","205","","0","192","13","205","6","199","12","5","0","3","8","10","9","152","29.10.12"
"050160","12","Вінницька область","адмінприміщення магазину, фойє
вул.Миру, 27, с.Тютьки, Вінницький р-н, Вінницька обл., 23234","496","160","494","29","312","24","336","","0","312","24","336","10","326","11","6","7","4","11","15","34","238","28.10.12"
"050163","12","Вінницька область","будинок культури, актова зала
пров.Незалежності, 5, с.Малі Крушлинці, Вінницький р-н, Вінницька обл., 23242","1304","465","1297","121","731","108","839","","0","731","108","839","20","819","46","11","8","6","64","11","34","639","29.10.12"
"050168","12","Вінницька область","будинок культури, актова зала
вул.Леніна, будинок культури, с.Оленівка, Вінницький р-н, Вінницька обл., 23246","520","194","511","53","280","46","326","","0","280","46","326","11","315","18","8","14","3","26","10","26","210","29.10.12"
"050169","12","Вінницька область","початкова школа, фойє
вул.9-Травня, початкова школа, с.Олександрівка, Вінницький р-н, Вінницька обл., 23246","328","128","329","25","177","23","200","","0","177","23","200","12","188","8","2","6","0","4","13","6","149","28.10.12"
"050170","12","Вінницька область","будинок культури, фойє
вул.Шевченка, 46А, с.Парпурівці, Вінницький р-н, Вінницька обл., 23208","392","125","388","22","246","21","267","","0","246","21","267","1","266","18","16","7","1","13","6","6","199","29.10.12"
"050171","12","Вінницька область","ФАП, оглядова
вул.Л.Українки, 24А, с.Майдан-Чапельський, Вінницький р-н, Вінницька обл., 23208","328","105","331","15","208","15","223","","0","208","15","223","1","222","30","4","6","2","9","4","8","159","29.10.12"
"050172","12","Вінницька область","школа, актовий зал
вул.Богуна, 67Б, с.Хижинці, Вінницький р-н, Вінницька обл., 23208","992","358","980","64","573","61","634","","0","573","61","634","14","620","51","6","17","1","25","12","28","480","29.10.12"
"050173","12","Вінницька область","сільський клуб, фойє
вул.Леніна, 68/1, с.Писарівка, Вінницький р-н, Вінницька обл., 23205","1232","437","1222","29","770","25","795","","0","770","25","795","22","773","53","29","24","5","41","46","46","529","29.10.12"
"050174","12","Вінницька область","сільський клуб, фойє
вул.Леніна, 65/1, с.Щітки, Вінницький р-н, Вінницька обл., 23205","976","349","959","53","576","51","627","","0","575","51","626","16","610","34","26","14","6","44","25","48","413","29.10.12"
"050175","12","Вінницька область","будинок культури, фойє
вул.Леніна, будинок культури, с.Побережне, Вінницький р-н, Вінницька обл., 23256","552","177","536","41","341","34","375","","0","341","34","375","19","356","16","11","4","1","15","8","28","273","29.10.12"
"050176","12","Вінницька область","сільський клуб, фойє
вул.Леніна, 22, с.Кордишівка, Вінницький р-н, Вінницька обл., 23256","264","49","268","18","200","15","215","","0","200","15","215","6","209","6","2","2","3","1","3","5","187","28.10.12"
"050177","12","Вінницька область","будинок культури, фойє
вул.Леніна, будинок культури, с.Пултівці, Вінницький р-н, Вінницька обл., 23262","648","261","637","24","366","21","387","","0","366","21","387","16","371","17","17","14","2","19","10","30","262","28.10.12"
"050178","12","Вінницька область","школа, спортзал
вул.Чкалова, школа, с.Красне, Вінницький р-н, Вінницька обл., 23262","424","128","418","36","260","36","296","","0","260","36","296","19","277","9","5","7","1","9","8","16","222","29.10.12"
"050179","12","Вінницька область","сільський клуб, фойє
вул.Леніна, сільський клуб, с.Лисянка, Вінницький р-н, Вінницька обл., 23262","328","96","317","26","208","24","232","","0","208","24","232","12","220","7","1","3","0","6","16","10","177","29.10.12"
"050180","12","Вінницька область","будинок культури, фойє
вул.Будьонного, будинок культури, с.Сокиринці, Вінницький р-н, Вінницька обл., 23207","960","350","958","59","555","55","610","","0","555","55","610","14","596","48","20","20","2","29","18","40","419","29.10.12"
"050181","12","Вінницька область","будинок культури, фойє
вул.Леніна, 5, с.Сосонка, Вінницький р-н, Вінницька обл., 23218","1824","689","1829","71","1077","58","1135","","0","1077","58","1135","21","1114","22","9","16","1","11","6","8","1041","29.10.12"
"050182","12","Вінницька область","будинок культури, фойє
вул.Леніна, 2, с.Стадниця, Вінницький р-н, Вінницька обл., 23241","1120","347","1120","49","724","49","773","","0","724","49","773","24","749","152","17","18","1","48","18","27","468","28.10.12"
"050183","12","Вінницька область","будинок культури, фойє
вул.Леніна, 1Б, с.Степанівка, Вінницький р-н, Вінницька обл., 23255","936","363","922","70","509","64","573","","0","509","64","573","13","560","17","14","25","5","19","7","42","431","29.10.12"
"050184","12","Вінницька область","будинок культури, актовий зал
вул.Леніна, 116А, с.Широка Гребля, Вінницький р-н, Вінницька обл., 23230","464","131","463","32","304","29","333","","0","304","29","333","11","322","16","17","7","6","10","39","17","210","29.10.12"
"051435","12","Вінницька область","ВАТ ""Інфракон"", хол
вул.Київська, 16, м.Вінниця, 21009","1856","711","1852","16","1132","13","1145","","0","1132","13","1145","19","1126","130","38","68","3","50","41","42","754","29.10.12"
"051436","12","Вінницька область","Вінницький кооперативний інститут, спортзал
вул.Фрунзе, 59, м.Вінниця, 21009","2368","855","2339","13","1501","10","1511","","0","1501","10","1511","29","1482","122","39","139","6","60","66","51","999","30.10.12"
"051437","12","Вінницька область","центральний міський стадіон, спортивна зала
вул.В.Винниченка, 13, м.Вінниця, 21009","2432","985","2299","26","1428","19","1447","","0","1428","19","1447","14","1433","135","39","92","3","46","47","62","1009","29.10.12"
"051438","12","Вінницька область","школа №8, 1-й поверх, спортзала
вул.В.Винниченка, 28, м.Вінниця, 21001","2136","746","2124","17","1377","13","1390","","0","1377","13","1390","26","1364","166","33","71","7","48","33","61","945","29.10.12"
"051439","12","Вінницька область","будинок офіцерів, хол
пл.Перемоги, 1, м.Вінниця, 21001","2184","841","2160","23","1323","20","1343","","0","1323","20","1343","18","1325","137","35","67","2","48","30","68","938","29.10.12"
"051440","12","Вінницька область","школа №31, 1-й поверх, ліве крило, хол
вул.П.Морозова, 13, м.Вінниця, 21022","2288","943","2285","27","1324","21","1345","","0","1324","21","1345","18","1327","148","37","49","4","81","20","87","901","29.10.12"
"051441","12","Вінницька область","школа №31, вестибюль
вул.П.Морозова, 13, м.Вінниця, 21022","2040","776","2013","31","1237","27","1264","","0","1237","27","1264","15","1249","168","42","64","6","39","46","74","810","29.10.12"
"051442","12","Вінницька область","Вінницьке міжрегіональне вище професійне училище №4, актова зала
вул.Червоноармійська, 5, м.Вінниця, 21009","1864","691","1806","25","1153","20","1173","","0","1153","20","1173","18","1155","117","34","53","4","41","34","67","805","29.10.12"
"051443","12","Вінницька область","школа №6, права частина вестибюлю
вул.Червоноармійська, 12, м.Вінниця, 21009","1032","362","1006","14","658","12","670","","0","658","12","670","13","657","85","26","35","1","35","22","25","428","29.10.12"
"051444","12","Вінницька область","школа №6, ліва частина вестибюлю
вул.Червоноармійська, 12, м.Вінниця, 21009","2040","839","2015","38","1167","34","1201","","0","1167","34","1201","12","1189","150","29","67","6","49","35","43","810","29.10.12"
"051445","12","Вінницька область","Вінницька музична школа №2, вестибюль
вул.Червоноармійська, 16, м.Вінниця, 21007","2432","938","2376","12","1482","12","1494","","0","1482","12","1494","22","1472","119","59","104","6","28","53","58","1045","29.10.12"
"051446","12","Вінницька область","міський палац мистецтв ""Зоря"", балетна зала №15
вул.Червоноармійська, 44, м.Вінниця, 21009","2424","929","2376","24","1476","19","1495","","0","1476","19","1495","22","1473","131","45","95","5","64","37","70","1026","29.10.12"
"051447","12","Вінницька область","школа №29, спортивна зала
вул.Київська, 149, м.Вінниця, 21022","2352","1231","2302","12","1112","9","1121","","0","1111","9","1120","29","1091","92","31","31","6","73","13","82","763","29.10.12"
"051448","12","Вінницька область","школа №29, їдальня
вул.Київська, 149, м.Вінниця, 21022","1960","941","1689","21","998","21","1019","","0","998","21","1019","15","1004","137","38","28","3","41","34","79","644","29.10.12"
"051449","12","Вінницька область","Вище професійне училище №7, клуб
вул.Київська, 118, м.Вінниця, 21022","2128","1040","2100","3","1085","3","1088","","0","1085","3","1088","17","1071","76","34","14","2","107","18","73","747","29.10.12"
"051450","12","Вінницька область","Вінницький торгово-економічний коледж КНТЕУ, хол
вул.Київська, 80, м.Вінниця, 21022","2496","1074","2303","26","1402","20","1422","","0","1402","20","1422","26","1396","148","56","53","6","62","34","99","938","29.10.12"
"051451","12","Вінницька область","школа №5, їдальня
вул.П. Морозова, 18, м.Вінниця, 21032","2336","907","2291","19","1416","13","1429","","0","1416","13","1429","26","1403","188","48","53","3","66","22","97","926","29.10.12"
"051452","12","Вінницька область","школа №30, 1-й поверх, праве крило, хол
вул.Червоноармійська, 62, м.Вінниця, 21007","2232","1040","2228","19","1176","16","1192","","0","1176","16","1192","16","1176","80","53","65","10","48","50","53","817","29.10.12"
"051453","12","Вінницька область","об’єднання ""Комплекс-1"", вестибюль
вул.Фрунзе, 4, м.Вінниця, 21007","1368","580","1358","10","780","8","788","","0","780","8","788","18","770","67","36","33","1","32","17","30","554","29.10.12"
"051454","12","Вінницька область","ВДПУ ім. М.Коцюбинського, гурт.2, кім.101
вул.50-річчя Перемоги, 22, м.Вінниця, 21009","1896","813","2034","6","1079","4","1083","","0","1079","4","1083","11","1072","73","45","47","3","22","25","107","750","29.10.12"
"051455","12","Вінницька область","ВДПУ ім.М.Коцюбинського, актова зала
вул.Острозького, 32, м.Вінниця, 21001","1560","650","1623","10","903","7","910","","0","903","7","910","30","880","73","34","39","2","29","16","92","595","29.10.12"
"051456","12","Вінницька область","Вінницький транспортний коледж, гурт.2, фойє
вул.Некрасова, 28, м.Вінниця, 21001","2375","939","2399","16","1422","14","1436","","0","1422","14","1436","25","1411","120","50","35","8","75","26","78","1019","29.10.12"
"051457","12","Вінницька область","школа №32, 1-й поверх, хол
вул.Некрасова, 48, м.Вінниця, 21100","2096","984","2059","16","1099","13","1112","","0","1099","13","1112","26","1086","117","39","42","7","42","19","61","759","29.10.12"
"051458","12","Вінницька область","школа №32, 2-й поверх, хол
вул.Некрасова, 48, м.Вінниця, 21100","2248","939","2257","13","1303","6","1309","","0","1303","6","1309","27","1282","118","35","59","4","51","33","69","913","29.10.12"
"051459","12","Вінницька область","школа №29, зала хореографії
вул.Київська, 149, м.Вінниця, 21022","2264","1113","2235","8","1147","4","1151","","0","1147","4","1151","25","1126","115","38","37","4","103","20","54","755","29.10.12"
"051460","12","Вінницька область","Вище професійне училище №7, актова зала
вул.Київська, 118, м.Вінниця, 21022","2400","1002","2374","16","1388","10","1398","","0","1388","10","1398","25","1373","159","55","55","3","152","34","90","825","29.10.12"
"051461","12","Вінницька область","центр професійно-технічної освіти №1, вестибюль навчального корпусу
вул.Тарногродського, 27, м.Вінниця, 21022","2424","1272","2292","8","1150","2","1152","","0","1150","2","1152","13","1139","105","31","28","4","69","8","66","828","29.10.12"
"051462","12","Вінницька область","Вінницька філія Київського інституту бізнесу і технологій, 2-й поверх, хол
вул.Тарногродського, 46, м.Вінниця, 21022","2336","994","2424","5","1339","3","1342","","0","1339","3","1342","28","1314","97","35","26","3","85","17","70","981","29.10.12"
"051463","12","Вінницька область","училище торгівлі та харчових технологій, хол
вул.Гонти, 39, м.Вінниця, 21017","1576","679","1565","15","883","14","897","","0","883","14","897","20","877","39","24","22","2","42","16","46","686","29.10.12"
"051464","12","Вінницька область","Вінницький інститут економіки ТНЕУ, ауд.110
вул.Гонти, 37, м.Вінниця, 21017","816","392","804","4","420","4","424","","0","420","4","424","15","409","22","9","19","3","14","7","15","320","29.10.12"
"051465","12","Вінницька область","школа №12, спортивна зала
вул.Карла Маркса, 3, м.Вінниця, 21034","2320","1002","2291","30","1295","23","1318","","0","1295","23","1318","25","1293","101","31","95","7","51","40","64","904","29.10.12"
"051466","12","Вінницька область","школа №12, актова зала
вул.Карла Маркса, 3, м.Вінниця, 21034","1472","600","1455","7","868","4","872","","0","868","4","872","17","855","60","30","30","4","37","21","38","635","29.10.12"
"051467","12","Вінницька область","школа №13, актова зала
вул.Карла Маркса, 1, м.Вінниця, 21034","2440","1017","2411","22","1409","14","1423","","0","1409","14","1423","23","1400","117","39","58","4","56","24","77","1025","29.10.12"
"051468","12","Вінницька область","школа №13, мала спортзала
вул.Карла Маркса, 1, м.Вінниця, 21034","1696","685","1679","9","1006","5","1011","","0","1006","5","1011","19","992","110","42","49","3","45","18","42","683","29.10.12"
"051469","12","Вінницька область","Вище професійно-технічне училище №11, майстерні
вул.Чехова, 10, м.Вінниця, 21034","2184","852","2173","1","1331","1","1332","","0","1331","1","1332","22","1310","101","47","44","5","45","40","59","969","29.10.12"
"051470","12","Вінницька область","Вінницька автомобільна школа ТСОУ, коридор
вул.Чехова, 11, м.Вінниця, 21034","2368","1081","2351","20","1270","17","1287","","0","1270","17","1287","19","1268","96","44","69","3","32","52","65","907","29.10.12"
"051471","12","Вінницька область","Вінницький центр ПТО переробної промисловості, вестибюль
вул.Ватутіна, 72, м.Вінниця, 21011","2208","1016","2199","25","1177","15","1192","","0","1177","15","1192","22","1170","116","21","15","2","55","13","58","890","29.10.12"
"051472","12","Вінницька область","бібліотека-філія №7, читальна зала
вул.Баженова, 32, м.Вінниця, 21036","2488","1145","2449","18","1330","13","1343","","0","1329","13","1342","24","1318","107","23","43","5","62","18","65","995","29.10.12"
"051473","12","Вінницька область","спортшкола ""Вінниця"", спортзала 1
вул.Баженова, 34, м.Вінниця, 21011","2384","1009","2362","11","1367","8","1375","","0","1367","8","1375","18","1357","101","39","42","3","55","16","74","1027","29.10.12"
"051474","12","Вінницька область","школа №27, мала спортзала
вул.Ватутіна, 42, м.Вінниця, 21011","2456","1014","2427","19","1431","11","1442","","0","1431","11","1442","21","1421","138","46","48","4","61","23","73","1028","30.10.12"
"051475","12","Вінницька область","школа №27, їдальня
вул.Ватутіна, 42, м.Вінниця. 21011","2432","1014","2404","18","1406","12","1418","","0","1406","12","1418","31","1387","127","47","38","4","47","18","76","1030","29.10.12"
"051476","12","Вінницька область","управління БМП №392, 1-й поверх, клуб
пров.Залізничний, 10, м.Вінниця, 21034","2224","854","2205","24","1356","14","1370","","0","1356","14","1370","12","1358","149","43","32","2","63","21","62","986","30.10.12"
"051548","12","Вінницька область","школа №22, вестибюль
вул.Д.Нечая, 21, м.Вінниця, 21012","2392","1112","2372","27","1259","21","1280","","0","1259","21","1280","20","1260","115","28","37","1","36","26","43","974","29.10.12"
"051549","12","Вінницька область","школа №19, актова зала
вул.Северина Наливайка, 17, м.Вінниця, 21003","2400","1149","2170","23","1233","18","1251","","0","1233","18","1251","22","1229","132","51","52","6","51","36","47","854","29.10.12"
"051550","12","Вінницька область","Вінницький гуманітарно-педагогічний коледж, гуртожиток, фойє
вул.Нагірна, 13А, м.Вінниця, 21019","1632","694","1682","15","924","14","938","","0","924","14","938","25","913","97","27","30","5","61","15","51","627","30.10.12"
"051551","12","Вінницька область","Вінницький гуманітарно-педагогічний коледж, фойє
вул.Нагірна, 13, м.Вінниця, 21019","2056","784","2217","33","1252","20","1272","","0","1252","20","1272","39","1233","149","41","39","5","54","24","55","866","29.10.12"
"051552","12","Вінницька область","центр первинної медико-санітарної допомоги №4, 2-й повех, хол
вул.Маяковського, 138, м.Вінниця, 21019","2032","1030","1678","20","985","17","1002","","0","985","17","1002","16","986","115","37","38","3","63","31","64","635","29.10.12"
"051553","12","Вінницька область","школа №11, 2-й поверх, ліве крило, хол
вул.Стаханівська, 38, м.Вінниця, 21019","2096","916","2064","26","1160","20","1180","","0","1160","20","1180","20","1160","122","53","55","3","49","28","48","802","29.10.12"
"051554","12","Вінницька область","школа №11, 2-й поверх, праве крило, хол
вул.Стаханівська, 38, м.Вінниця, 21019","1992","769","2059","22","1208","15","1223","","0","1208","15","1223","28","1195","158","16","53","4","51","30","57","826","29.10.12"
"051555","12","Вінницька область","школа №11, актова зала
вул.Стаханівська, 38, м.Вінниця, 21019","2224","1005","2210","17","1204","15","1219","","0","1204","15","1219","17","1202","147","40","44","4","69","12","49","837","29.10.12"
"051556","12","Вінницька область","Вінницька обласна автошкола ВСА, клас 5
вул.Б.Хмельницького, 32, м.Вінниця, 21001","1480","618","1456","8","858","4","862","","0","858","4","862","19","843","83","25","18","2","35","16","38","626","29.10.12"
"051557","12","Вінницька область","школа №22, ліве крило
вул.Д.Нечая, 21, м.Вінниця, 21012","1992","920","1995","17","1063","9","1072","","0","1063","9","1072","19","1053","106","29","20","5","51","16","54","772","29.10.12"
"051558","12","Вінницька область","Вінницький коледж Національного університету харчових технологій, фойє
вул.Привокзальна, 44, м.Вінниця, 21100","2496","1150","2456","23","1328","18","1346","","0","1328","18","1346","16","1330","165","42","47","8","57","32","88","891","30.10.12"
"051559","12","Вінницька область","підлітковий клуб, актова зала
вул.Щорса, 8, м.Вінниця, 21012","1832","759","1775","21","1059","14","1073","","0","1059","14","1073","13","1060","128","24","36","3","51","28","42","748","29.10.12"
"051560","12","Вінницька область","товариство ""Вінницягаз"", актова зала
пров.Щорса, 24, м.Вінниця, 21012","2432","1065","2387","28","1340","27","1367","","0","1340","27","1367","33","1334","125","24","27","3","61","23","57","1014","29.10.12"
"051561","12","Вінницька область","клуб ""Соняшник"", танцювальна зала
вул.А.Іванова, 8, м.Вінниця, 21034","2416","971","2383","33","1416","29","1445","","0","1416","29","1445","20","1425","146","47","37","3","55","18","67","1052","30.10.12"
"051562","12","Вінницька область","Вище професійно-технічне училище №11, хол
вул.Немирівське шосе, 78, м.Вінниця, 21034","2488","1072","2467","18","1399","17","1416","","0","1399","17","1416","22","1394","154","46","31","4","47","17","76","1019","29.10.12"
"051563","12","Вінницька область","школа №20, вестибюль, праве крило
вул.Блюхера, 250, м.Вінниця, 21050","2512","1458","1936","6","1049","5","1054","","0","1049","5","1054","21","1033","106","30","24","4","66","19","54","730","29.10.12"
"051564","12","Вінницька область","школа №20, вестибюль, ліве крило
вул.Блюхера, 250, м.Вінниця, 21050","2224","845","2377","36","1351","28","1379","","0","1351","28","1379","16","1363","144","43","25","5","89","18","81","958","29.10.12"
"051565","12","Вінницька область","школа №20, їдальня
вул.Блюхера, 250, м.Вінниця, 21050","2424","1116","2399","28","1284","24","1308","","0","1284","24","1308","28","1280","139","44","43","0","70","15","66","903","29.10.12"
"051566","12","Вінницька область","Вінницький будівельний технікум, вестибюль
просп.Коцюбинського, 53, м.Вінниця, 21100","1616","662","1597","15","943","11","954","","0","943","11","954","17","937","112","34","44","4","35","19","42","647","29.10.12"
"051567","12","Вінницька область","центр первинної медико-санітарної допомоги №5, клуб
вул.50-річчя Перемоги, 49, м.Вінниця, 21001","2448","959","2404","30","1460","29","1489","","0","1460","29","1489","19","1470","157","47","63","7","52","44","72","1028","29.10.12"
"051568","12","Вінницька область","ПАТ ""Вінницягаз"", 1-й поверх, хол
вул.Шмідта, 32, м.Вінниця, 21018","2360","937","2345","26","1403","20","1423","","0","1403","20","1423","18","1405","48","154","65","4","51","39","67","977","29.10.12"
"051569","12","Вінницька область","міський військомат, 2-й поверх, хол
вул.Папаніна, 14, м.Вінниця, 21001","1616","713","1542","9","898","5","903","","0","898","5","903","23","880","90","43","41","5","39","32","44","586","29.10.12"
"051570","12","Вінницька область","клуб ""Лідер"", актова зала
вул.Привокзальна, 2/1, м.Вінниця, 21001","1608","673","1583","19","924","11","935","","0","924","11","935","15","920","92","31","42","2","30","34","45","644","29.10.12"
"051571","12","Вінницька область","Вище художнє професійно-технічне училище №5, хол
вул.Лебединського, 13, м.Вінниця, 21034","1096","479","1093","4","613","4","617","","0","613","4","617","4","613","52","21","14","3","20","12","38","453","29.10.12"
"051572","12","Вінницька область","лікарня швидкої допомоги, конференцзал
вул.Київська, 68, м.Вінниця, 21032","256","107","199","95","86","63","149","","0","86","63","149","2","147","10","7","4","1","4","5","8","108","29.10.12"
"051573","12","Вінницька область","пологовий будинок №2, актова зала
просп.Коцюбинського, 50, м.Вінниця, 21001","112","41","71","0","71","0","71","","0","71","0","71","4","67","4","3","1","0","2","10","9","38","29.10.12"
"051574","12","Вінницька область","вузлова клінічна лікарня, приміщення фізіотерапевтичного відділення
просп.Коцюбинського, 6, м.Вінниця, 21001","72","44","29","5","23","5","28","","0","23","5","28","4","24","1","0","0","0","0","2","2","19","29.10.12"
"051587","12","Вінницька область","міська клінічна лікарня №3, вестибюль лікарні
вул.Маяковського, 138, м.Вінниця, 21019","152","99","69","49","18","35","53","","0","18","35","53","4","49","4","1","4","0","3","3","2","32","29.10.12"
"051588","12","Вінницька область","центр матері та дитини, актова зала
вул.Маяковського, 138, м.Вінниця, 21019","176","151","26","0","25","0","25","","0","25","0","25","1","24","2","1","0","1","1","1","5","13","28.10.12"
"051589","12","Вінницька область","установа виконання покарань, кімната психо-емоційного розвантаження
вул.Островського, 2, м.Вінниця, 21001","448","6","442","376","66","376","442","","0","66","376","442","18","424","10","4","4","0","5","11","5","385","29.10.12"
"051590","12","Вінницька область","виправна колонія, каб.9
вул.Привокзальна, 26, м.Вінниця, 21001","752","54","732","0","698","0","698","","0","698","0","698","23","675","4","3","0","0","6","6","4","652","29.10.12"
