"№ ВД","OBO","Назва регіону України","Місцезнаходження та адреса приміщення для голосування","1) К-сть одержаних бюлетенів","2) К-сть невикористаних бюлетенів","3) К-сть виборців, внесених до списку виборців","4) К-сть виборців, внесених до витягу зі списку виборців","5) К-сть виборців, які отримали бюлетені у приміщенні","6) К-сть виборців, які отримали за місцем перебування","7) Сумарна к-сть виборців, які отримали бюлетені","8) К-сть бюлетенів, що виявилися у кожній скринці","9) К-сть бюлетенів, що не підлягають врахуванню","10) К-сть виборців, які взяли участь у голос. у приміщенні для гол.","11) К-сть виборців, які взяли участь у голос. за місцем перебування","12) К-сть виборців, які взяли участь у голосуванні на виборчій дільниці","13) К-сть бюлетенів, визнаних недійсними","14) Сумарна к-сть голосів виборців ЗА","Бочаров
Михайло
Григорович","Будкевич
Андрій
Андрійович","Головко
Михайло
Йосифович","Гульовський
Володимир
Орестович","Клименко
Володимир
Олександрович","Ковальчук
Іван
Григорович","Липка
Василь
Іванович","Ломакович
Віталій
Афанасійович","Муц
Орест
Павлович","Негода
Любомир
Миколайович","Пліш
Іван
Едуардович","Самойлович
Костянтин
Альбінович","Тарасенко
Андрій
Іванович","Дата підписання протоколу"
"610328","164","Тернопільська область","магазин ПП Складанюк В.Д., торговий зал
вул.Івана Франка, бічна, 2А, с.Базаринці, Збаразький р-н, Тернопільська обл., 47305","516","129","521","22","365","22","387","","0","365","22","387","4","383","10","1","272","8","40","1","10","24","17","0","0","0","0","29.10.12"
"610329","164","Тернопільська область","сільський клуб, танцювальний зал, вул.Довга, 22, с.Тарасівка
вул.Довга, 24, с.Тарасівка, Збаразький р-н, Тернопільська обл., 47305","330","87","331","29","215","28","243","","0","215","28","243","8","235","6","2","116","6","45","1","10","22","27","0","0","0","0","29.10.12"
"610330","164","Тернопільська область","сільський клуб, концертний зал
вул.Лісова, 1, с.Чорний Ліс, Збаразький р-н, Тернопільська обл., 47305","114","25","114","7","82","7","89","","0","82","7","89","0","89","3","0","50","2","8","1","6","8","10","0","1","0","0","29.10.12"
"610331","164","Тернопільська область","школа, актова зала
вул.Шкільна, 12, с.Бодаки, Збаразький р-н, Тернопільська обл., 47323","798","310","789","62","427","61","488","","0","427","61","488","7","481","13","5","264","7","64","4","8","41","71","0","2","1","1","29.10.12"
"610332","164","Тернопільська область","сільський клуб, концертний зал
вул.Нова, 6, с.Бутин, Збаразький р-н, Тернопільська обл., 47313","468","176","469","37","255","37","292","","0","255","37","292","3","289","8","2","139","3","61","4","3","29","37","0","2","0","1","29.10.12"
"610333","164","Тернопільська область","будинок культури, концертний зал
вул.Кавказька, 13, с.Великі Вікнини, Збаразький р-н, Тернопільська обл., 47320","702","286","693","21","395","21","416","","0","395","21","416","11","405","6","4","140","16","133","1","1","35","64","2","2","0","1","29.10.12"
"610334","164","Тернопільська область","сільський клуб, концертний зал
вул.Миру, 1, с.Малі Вікнини, Збаразький р-н, Тернопільська обл., 47320","354","99","351","21","234","21","255","","0","234","21","255","1","254","5","3","108","5","89","1","1","17","24","0","0","1","0","29.10.12"
"610335","164","Тернопільська область","культурно-спортивний комплекс, фойє
вул.Сільська, 26, с.Котюжино, Збаразький р-н, Тернопільська обл., 47320","420","133","415","17","270","17","287","","0","270","17","287","8","279","3","3","125","6","71","2","0","15","49","3","1","0","1","29.10.12"
"610336","164","Тернопільська область","будинок культури, концертний зал
вул.Коцюбинського, 5В, с.Великий Кунинець, Збаразький р-н, Тернопільська обл., 47311","720","232","713","48","443","45","488","","0","443","45","488","19","469","6","2","208","8","128","6","3","34","70","1","1","1","1","29.10.12"
"610337","164","Тернопільська область","сільський клуб, концертний зал
вул.Гагаріна, 35, с.Малий Кунинець, Збаразький р-н, Тернопільська обл., 47311","168","59","162","22","97","12","109","","0","97","12","109","0","109","0","1","35","5","50","2","0","2","13","0","0","1","0","29.10.12"
"610338","164","Тернопільська область","школа, спортивний зал
вул.І.Франка, 66, с.Вищі Луб’янки, Збаразький р-н, Тернопільська обл., 47362","816","196","804","63","560","60","620","","0","560","60","620","12","608","8","2","326","70","159","3","2","23","14","1","0","0","0","29.10.12"
"610339","164","Тернопільська область","сільський клуб, концертний зал
вул.Богдана Хмельницького, 82, с.Новий Роговець, Збаразький р-н, Тернопільська обл., 47362","294","80","290","35","180","34","214","","0","180","34","214","1","213","1","0","118","5","37","0","0","12","40","0","0","0","0","29.10.12"
"610340","164","Тернопільська область","школа, фойє
вул.Грушевського, 21, смт Вишнівець, Збаразький р-н, Тернопільська обл., 47313","1800","782","1780","52","972","46","1018","","0","972","46","1018","23","995","13","4","482","19","178","4","5","127","158","1","2","1","1","29.10.12"
"610341","164","Тернопільська область","музична школа, фойє
пров.Богдана Хмельницького, 7, смт Вишнівець, Збаразький р-н, Тернопільська обл., 47313","1020","441","996","32","549","30","579","","0","549","30","579","20","559","21","4","244","31","82","9","8","64","95","1","0","0","0","29.10.12"
"610342","164","Тернопільська область","школа, актова зала
вул.Широка, школа, с.Гніздичне, Збаразький р-н, Тернопільська обл., 47332","888","292","878","88","517","79","596","","0","517","79","596","16","580","27","3","195","31","206","8","5","30","68","1","3","1","2","29.10.12"
"610343","164","Тернопільська область","школа, актова зала
вул.Івана Франка, школа, с.Хоми, Збаразький р-н, Тернопільська обл., 47332","168","35","173","23","111","22","133","","0","111","22","133","1","132","6","1","38","2","41","0","0","10","33","0","0","0","1","29.10.12"
"610344","164","Тернопільська область","сільський клуб, глядацький зал
вул.Центральна, сільський клуб, с.Чеснівський Раковець, Збаразький р-н, Тернопільська обл., 47332","204","53","197","26","128","23","151","","0","128","23","151","1","150","6","0","47","2","19","0","0","6","70","0","0","0","0","29.10.12"
"610345","164","Тернопільська область","школа, фойє
вул.Молодіжна, 4, с.Дзвиняча, Збаразький р-н, Тернопільська обл., 47312","690","327","686","50","327","36","363","","0","327","36","363","12","351","2","1","69","7","94","4","2","84","85","0","1","0","2","29.10.12"
"610346","164","Тернопільська область","сільська рада, актова зала
вул.Шкільна, 11, с.Доброводи, Збаразький р-н, Тернопільська обл., 47341","1296","391","1284","95","814","91","905","","0","814","91","905","14","891","13","1","543","39","107","1","3","111","71","1","1","0","0","29.10.12"
"610347","164","Тернопільська область","сільська рада, актова зала
вул.Лесі Українки, 42, с.Добромірка, Збаразький р-н, Тернопільська обл., 47363","378","137","372","25","216","25","241","","0","216","25","241","3","238","1","0","126","21","48","1","1","18","21","0","0","0","1","29.10.12"
"610348","164","Тернопільська область","будинок культури, танцювальний зал
вул.Шевченківська, 18, с.Залісці, Збаразький р-н, Тернопільська обл., 47310","1044","385","1028","93","571","88","659","","0","571","88","659","11","648","0","2","35","4","581","2","0","4","20","0","0","0","0","29.10.12"
"610349","164","Тернопільська область","сільський клуб, концертний зал
вул.Збаразька, 1А, с.Залужжя, Збаразький р-н, Тернопільська обл., 47306","882","235","877","38","609","38","647","","0","609","38","647","4","643","18","1","381","26","69","0","3","92","51","1","0","1","0","29.10.12"
"610350","164","Тернопільська область","сільський клуб, концертний зал
вул.Байди Вишнівецького, 50, с.Івашківці, Збаразький р-н, Тернопільська обл., 47306","174","58","169","9","107","9","116","","0","107","9","116","5","111","5","1","43","7","6","0","4","14","28","0","1","2","0","28.10.12"
"610351","164","Тернопільська область","сільський клуб, концертний зал
вул.Морозенка-бічна, 1, с.Ліски, Збаразький р-н, Тернопільська обл., 47306","282","89","284","8","185","8","193","","0","185","8","193","3","190","2","0","74","3","64","0","6","19","22","0","0","0","0","29.10.12"
"610352","164","Тернопільська область","школа, спортивний зал
вул.Шкільна, 2, с.Зарубинці, Збаразький р-н, Тернопільська обл., 47343","516","160","509","25","335","21","356","","0","335","21","356","10","346","6","0","216","11","37","0","0","45","28","1","1","0","1","29.10.12"
"610353","164","Тернопільська область","школа, спортивний зал
вул.Грушевського,4А, с.Заруддя, Збаразький р-н, Тернопільська обл., 47333","564","157","575","48","359","48","407","","0","359","48","407","8","399","11","1","170","17","82","1","22","68","25","1","0","1","0","29.10.12"
"610354","164","Тернопільська область","сільський клуб, концертний зал
вул.Тимошенка, 32А, с.Витківці, Збаразький р-н, Тернопільська обл., 47333","162","36","156","13","115","11","126","","0","115","11","126","3","123","10","0","41","2","41","5","1","16","6","1","0","0","0","29.10.12"
"610355","164","Тернопільська область","сільський клуб, концертний зал
вул.Шевченка, сільський клуб, с.Олишківці, Збаразький р-н, Тернопільська обл., 47333","408","84","403","50","276","48","324","","0","276","48","324","7","317","16","0","93","10","56","0","2","114","23","1","0","1","1","29.10.12"
"610356","164","Тернопільська область","гуртожиток професійно-технічного училища №25, актова зала
вул.Данила Галицького, 48, м.Збараж, Збаразький р-н, Тернопільська обл., 47302","846","259","843","7","580","7","587","","0","580","7","587","11","576","23","1","308","41","75","2","7","78","38","2","0","1","0","29.10.12"
"610357","164","Тернопільська область","міська рада, актова зала
вул.Богдана Хмельницького, 4, м.Збараж, Збаразький р-н, Тернопільська обл., 47302","2221","875","2200","32","1316","30","1346","","0","1316","30","1346","20","1326","48","5","781","61","184","4","8","123","110","1","0","0","1","29.10.12"
"610358","164","Тернопільська область","школа №2, фойє
вул.Чорновола, 1, м.Збараж, Збаразький р-н, Тернопільська обл., 47300","1380","558","1359","13","810","12","822","","0","810","12","822","25","797","29","4","477","28","4","115","63","4","70","1","0","1","1","29.10.12"
"610359","164","Тернопільська область","музична школа, актова зала
вул.Незалежності, 5, м.Збараж, Збаразький р-н, Тернопільська обл., 47300","2197","895","2156","14","1290","12","1302","","0","1290","12","1302","24","1278","43","4","726","59","194","5","12","135","97","2","0","1","0","29.10.12"
"610360","164","Тернопільська область","дитячий садочок №1, музичний зал
вул.Грушевського, 68, м.Збараж, Збаразький р-н, Тернопільська обл., 47300","2466","1006","2441","11","1450","10","1460","","0","1450","10","1460","22","1438","65","4","767","69","265","6","11","124","118","4","1","2","2","29.10.12"
"610361","164","Тернопільська область","школа №3, їдальня
вул.Заводська, 19, м.Збараж, Збаразький р-н, Тернопільська обл., 47300","1704","658","1680","11","1041","5","1046","","0","1041","5","1046","18","1028","82","2","544","43","163","6","2","69","110","2","1","1","3","29.10.12"
"610362","164","Тернопільська область","сільська рада, кімната урочистих подій
вул.Нова, 2, с.Іванчани, Збаразький р-н, Тернопільська обл., 47340","498","93","490","36","369","36","405","","0","369","36","405","11","394","10","1","182","19","42","0","3","86","47","2","0","0","2","29.10.12"
"610363","164","Тернопільська область","сільський клуб, фойє
вул.Центральна, 53, с.Мала Березовиця, Збаразький р-н, Тернопільська обл., 47340","174","41","170","18","117","16","133","","0","117","16","133","5","128","3","2","80","2","14","0","0","9","18","0","0","0","0","29.10.12"
"610364","164","Тернопільська область","сільський клуб, концертний зал
вул.Молодіжна, 37, с.Капустинці, Збаразький р-н, Тернопільська обл., 47350","180","42","176","10","128","10","138","","0","128","10","138","4","134","1","0","63","6","22","0","0","15","27","0","0","0","0","29.10.12"
"610365","164","Тернопільська область","сільський клуб, концертний зал
вул.Мельничина, 4, с.Мусорівці, Збаразький р-н, Тернопільська обл., 47350","228","66","223","30","133","29","162","","0","133","29","162","6","156","1","2","74","3","40","0","2","11","20","0","1","1","1","29.10.12"
"610366","164","Тернопільська область","сільський клуб, великий зал
вул.Центральна, 15, с.Киданці, Збаразький р-н, Тернопільська обл., 47374","606","126","597","43","439","41","480","","0","439","41","480","11","469","4","1","241","17","74","2","0","63","64","1","1","1","0","29.10.12"
"610367","164","Тернопільська область","школа, спортивний зал
вул.Шевченка, 2, с.Кобилля, Збаразький р-н, Тернопільська обл., 47334","600","150","588","52","401","49","450","","0","401","49","450","3","447","60","3","249","10","58","2","0","41","23","0","1","0","0","29.10.12"
"610368","164","Тернопільська область","сільська рада, концертний зал
вул.Морозенка, 1, с.Колодне, Збаразький р-н, Тернопільська обл., 47335","492","132","485","61","301","59","360","","0","301","59","360","10","350","16","0","102","14","94","3","4","20","91","1","2","1","2","29.10.12"
"610369","164","Тернопільська область","сільська рада, зал засідань
вул.Морозенка, 1, с.Колодне, Збаразький р-н, Тернопільська обл., 47335","456","173","449","55","241","42","283","","0","241","42","283","4","279","17","0","94","13","64","4","5","25","54","2","1","0","0","29.10.12"
"610370","164","Тернопільська область","сільський клуб, концертний зал
вул.Молодіжна, сільський клуб, с.Болязуби, Збаразький р-н, Тернопільська обл., 47381","420","118","409","41","265","37","302","","0","265","37","302","9","293","33","4","109","19","60","3","2","26","34","1","1","0","1","29.10.12"
"610371","164","Тернопільська область","школа, спортивний зал
вул.Гагаріна, школа, с.Коханівка, Збаразький р-н, Тернопільська обл., 47331","216","77","210","16","126","13","139","","0","126","13","139","2","137","4","1","50","5","56","0","0","5","14","0","1","1","0","29.10.12"
"610372","164","Тернопільська область","сільський клуб, концертний зал
вул.Березова, сільський клуб, с.Гнидава, Збаразький р-н, Тернопільська обл., 47331","258","87","253","17","154","17","171","","0","154","17","171","7","164","3","0","64","7","53","2","1","17","16","0","0","1","0","29.10.12"
"610373","164","Тернопільська область","фельдшерсько-акушерський пункт, фойє
вул.Шевченка, фельдшерсько-акушерський пункт, с.Діброва, Збаразький р-н, Тернопільська обл., 47331","180","60","173","17","104","16","120","","0","104","16","120","2","118","3","0","37","4","1","32","1","6","33","1","0","0","0","28.10.12"
"610374","164","Тернопільська область","школа, спортивний зал
вул.Шкільна, 6, с.Красносільці, Збаразький р-н, Тернопільська обл., 47351","318","76","313","15","227","15","242","","0","227","15","242","8","234","2","1","129","8","28","0","2","43","16","1","1","0","3","29.10.12"
"610375","164","Тернопільська область","будинок культури, концертний зал
вул.Стефаника, 59, с.Розношинці, Збаразький р-н, Тернопільська обл., 47353","258","62","259","17","179","17","196","","0","179","17","196","3","193","1","1","100","8","18","1","3","23","35","2","0","0","1","29.10.12"
"610376","164","Тернопільська область","школа, актова зала
вул.Дружби, школа, с.Кретівці, Збаразький р-н, Тернопільська обл., 47382","456","104","449","46","309","43","352","","0","309","43","352","7","345","8","0","230","6","29","2","1","33","35","0","0","1","0","29.10.12"
"610377","164","Тернопільська область","сільський клуб, концертний зал
вул.Гагаріна, 32А, с.Лози, Збаразький р-н, Тернопільська обл., 47321","456","128","450","30","299","29","328","","0","299","29","328","7","321","1","0","141","3","42","1","1","60","69","0","2","1","0","29.10.12"
"610378","164","Тернопільська область","будинок культури, концертний зал
вул.Шкільна, будинок культури, с.Кривчики, Збаразький р-н, Тернопільська обл., 47321","540","156","538","51","338","46","384","","0","338","46","384","10","374","8","0","125","10","95","3","3","39","82","1","5","0","3","29.10.12"
"610379","164","Тернопільська область","сільська рада, кабінет голови
вул.Сонячна, 34, с.Максимівка, Збаразький р-н, Тернопільська обл., 47372","684","182","676","74","430","72","502","","0","430","72","502","9","493","6","2","285","11","91","4","1","27","61","2","0","0","3","29.10.12"
"610380","164","Тернопільська область","сільскьий клуб, концертний зал
вул.Романтична, 1, с.Гори-Стрийовецькі, Збаразький р-н, Тернопільська обл., 47372","144","47","144","19","80","17","97","","0","80","17","97","0","97","1","0","55","5","10","1","0","6","17","1","1","0","0","29.10.12"
"610381","164","Тернопільська область","сільський клуб, концертний зал
вул.Шкільна, 12, с.Чагарі-Збаразькі, Збаразький р-н, Тернопільська обл., 47372","228","47","229","40","141","40","181","","0","141","40","181","1","180","0","0","125","1","24","0","1","11","16","1","0","0","1","29.10.12"
"610382","164","Тернопільська область","сільська рада, зал засідань
вул.Богдана Хмельницького, 70, с.Нижчі Луб’янки, Збаразький р-н, Тернопільська обл., 47361","1074","367","1059","68","640","67","707","","0","640","67","707","10","697","22","3","364","76","152","5","4","37","27","3","0","2","2","29.10.12"
"610383","164","Тернопільська область","сільський клуб, концертний зал
вул.Нова, 14, с.Новики, Збаразький р-н, Тернопільська обл., 47342","300","58","296","19","224","18","242","","0","224","18","242","2","240","1","1","141","16","30","1","3","18","28","0","1","0","0","29.10.12"
"610384","164","Тернопільська область","сільський клуб, концертний зал
вул.Шевченка, 52, с.Опрілівці, Збаразький р-н, Тернопільська обл., 47342","504","152","497","49","303","49","352","","0","303","49","352","4","348","3","1","203","18","35","2","2","36","45","1","1","0","1","29.10.12"
"610385","164","Тернопільська область","сільський клуб, концертний зал
вул.Чорновола, 29, с.Охримівці, Збаразький р-н, Тернопільська обл., 47370","192","60","184","26","109","23","132","","0","109","23","132","7","125","4","2","37","19","12","2","3","9","36","1","0","0","0","29.10.12"
"610386","164","Тернопільська область","будинок культури, фойє
вул.Грушевського, 55А, с.Великий Раковець, Збаразький р-н, Тернопільська обл., 47330","450","153","446","15","285","12","297","","0","285","12","297","9","288","19","3","131","11","38","2","1","36","47","0","0","0","0","29.10.12"
"610387","164","Тернопільська область","бібліотека, читальний зал
вул.Богдана Хмельницького, бібліотека, с.Малий Раковець, Збаразький р-н, Тернопільська обл., 47330","150","34","146","16","100","16","116","","0","100","16","116","1","115","3","1","51","1","16","0","0","22","21","0","0","0","0","29.10.12"
"610388","164","Тернопільська область","будинок культури, концертний зал
вул.Тернопільська, 4, с.Романове Село, Збаразький р-н, Тернопільська обл., 47375","690","212","684","48","435","43","478","","0","435","43","478","13","465","5","3","198","72","55","1","1","46","72","3","0","7","2","28.10.12"
"610389","164","Тернопільська область","сільський клуб, концертний зал
вул.Джули, 3, с.Синява, Збаразький р-н, Тернопільська обл., 47352","552","126","546","51","382","44","426","","0","382","44","426","8","418","4","2","293","15","62","1","2","20","16","1","1","0","1","29.10.12"
"610390","164","Тернопільська область","сільський клуб, концертний зал
вул.Лесі Українки, 43, с.Синягівка, Збаразький р-н, Тернопільська обл., 47352","216","48","218","28","141","27","168","","0","141","27","168","1","167","4","0","92","9","12","0","3","26","21","0","0","0","0","29.10.12"
"610391","164","Тернопільська область","сільський клуб, концертний зал
вул.Шлях, 37, с.Старий Вишнівець, Збаразький р-н, Тернопільська обл., 47322","936","393","930","26","518","25","543","","0","518","25","543","20","523","10","4","274","16","66","7","2","76","64","1","1","0","2","29.10.12"
"610392","164","Тернопільська область","сільський клуб, концертний зал
вул.Центральна, 5, с.Кинахівці, Збаразький р-н, Тернопільська обл., 47322","594","245","589","37","312","37","349","","0","312","37","349","12","337","7","2","176","8","83","1","3","32","24","0","1","0","0","29.10.12"
"610393","164","Тернопільська область","сільський клуб, концертний зал
вул.Січових Стрільців, сільський клуб, с.Федьківці, Збаразький р-н, Тернопільська обл., 47322","384","125","377","25","236","23","259","","0","236","23","259","4","255","3","0","125","7","47","3","3","21","44","0","0","1","1","29.10.12"
"610394","164","Тернопільська область","пожежна частина, актова зала
вул.Збаразька, 3А, с.Кухаруки, Збаразький р-н, Тернопільська обл., 47322","234","80","232","9","145","9","154","","0","145","9","154","3","151","5","1","65","0","27","3","0","21","25","1","3","0","0","29.10.12"
"610395","164","Тернопільська область","школа-сад, актова зала
вул.Старозбаразька, школа-сад, с.Старий Збараж, Збаразький р-н, Тернопільська обл., 47386","588","147","585","65","376","65","441","","0","376","65","441","12","429","12","1","225","19","90","4","8","40","29","0","0","0","1","28.10.12"
"610396","164","Тернопільська область","школа, актова зала
вул.Грушевського, 7, с.Стриївка, Збаразький р-н, Тернопільська обл., 47371","786","166","785","51","572","48","620","","0","572","48","620","7","613","20","4","411","15","43","2","8","43","64","1","2","0","0","29.10.12"
"610397","164","Тернопільська область","школа, фойє
вул.Івана Франка, 1А, с.Травневе, Збаразький р-н, Тернопільська обл., 47371","366","68","362","25","275","23","298","","0","275","23","298","5","293","5","3","180","10","57","2","3","6","26","0","0","0","1","29.10.12"
"610398","164","Тернопільська область","школа, спортивний зал
вул.Шкільна, школа, с.Чернихівці, Збаразький р-н, Тернопільська обл., 47370","1092","286","1086","75","735","71","806","","0","735","71","806","22","784","18","4","456","55","97","1","6","55","83","5","0","1","3","29.10.12"
"610399","164","Тернопільська область","сільський клуб, концертний зал
вул.Шевченка, 79, с.Шили, Збаразький р-н, Тернопільська обл., 47360","384","111","377","39","236","37","273","","0","236","37","273","3","270","4","0","57","158","33","1","0","7","8","1","0","0","1","29.10.12"
"610400","164","Тернопільська область","школа, кл.1
вул.Сидіра Ковпака, 15, с.Діброва, Збаразький р-н, Тернопільська обл., 47360","96","31","99","7","60","5","65","","0","60","5","65","2","63","1","0","20","19","6","0","0","4","12","0","0","0","1","29.10.12"
"610401","164","Тернопільська область","школа, фойє
вул.Шкільна, школа, с.Шимківці, Збаразький р-н, Тернопільська обл., 47336","492","166","488","34","294","32","326","","0","294","32","326","14","312","8","0","105","11","93","3","1","20","70","1","0","0","0","29.10.12"
"610402","164","Тернопільська область","школа, фойє
вул.Івана Франка, школа, с.Решнівка, Збаразький р-н, Тернопільська обл., 47336","300","65","300","37","199","36","235","","0","199","36","235","4","231","4","1","87","6","59","0","4","20","48","0","1","0","1","29.10.12"
"610403","164","Тернопільська область","ВК-63, виробнича зона приміщення підготовчого цеху
вул.Молодіжна, 9, с.Доброводи, Збаразький р-н, Тернопільська обл., 47341","624","27","597","0","597","0","597","","0","597","0","597","15","582","1","0","2","0","574","1","0","2","0","0","0","1","1","29.10.12"
"610544","164","Тернопільська область","сільський клуб, глядацький зал
вул.Шевченка, 5, с.Білокриниця, Кременецький р-н, Тернопільська обл., 47013","2064","805","2021","28","1231","28","1259","","0","1231","28","1259","23","1236","4","1","614","3","277","20","7","172","118","6","0","9","5","29.10.12"
"610545","164","Тернопільська область","сільський клуб, глядацький зал
вул.Лугова, 13, с.Андруга, Кременецький р-н, Тернопільська обл., 47013","210","65","211","12","135","10","145","","0","135","10","145","14","131","1","0","41","6","24","4","1","36","17","0","0","0","1","28.10.12"
"610546","164","Тернопільська область","сільський клуб, глядацький зал
вул.Глиняна, 19, с.Веселівка, Кременецький р-н, Тернопільська обл., 47071","276","106","273","16","156","14","170","","0","156","14","170","3","167","2","60","0","1","56","2","3","22","21","0","0","0","0","28.10.12"
"610547","164","Тернопільська область","сільський клуб, глядацький зал
вул.Заброддя, 3, с.Лішня, Кременецький р-н, Тернопільська обл., 47013","120","33","115","9","78","9","87","","0","78","9","87","1","86","0","0","31","0","10","2","0","13","30","0","0","0","0","28.10.12"
"610548","164","Тернопільська область","сільський клуб, глядацький зал
вул.Дружби, 56, с.Будки, Кременецький р-н, Тернопільська обл., 47024","798","287","789","43","468","43","511","","0","468","43","511","22","489","1","5","125","7","120","6","2","63","151","6","2","0","1","29.10.12"
"610549","164","Тернопільська область","сільський клуб, глядацький зал
вул.Ювілейна, 2, с.Валігури, Кременецький р-н, Тернопільська обл., 47022","168","51","165","7","111","6","117","","0","111","6","117","5","112","0","0","23","2","18","0","2","22","45","0","0","0","0","29.10.12"
"610550","164","Тернопільська область","сільський клуб, глядацький зал
вул.Шевченка, 4, с.Комарівка, Кременецький р-н, Тернопільська обл., 47022","600","220","594","29","358","22","380","","0","358","22","380","19","361","2","1","103","4","47","3","0","76","123","1","1","0","0","29.10.12"
"610551","164","Тернопільська область","школа, спортивний зал
вул.Л.Українки, 55А, с.Великі Бережці, Кременецький р-н, Тернопільська обл., 47020","1128","451","1119","66","615","62","677","","0","615","62","677","10","667","3","2","330","4","136","13","8","77","84","2","2","5","1","29.10.12"
"610552","164","Тернопільська область","дитячий садок, каб.4
вул.Молодіжна, 25, с.Іква, Кременецький р-н, Тернопільська обл., 47073","606","243","608","30","334","29","363","","0","334","29","363","6","357","3","1","165","3","89","6","1","60","27","0","0","1","1","28.10.12"
"610554","164","Тернопільська область","школа, актова зала
вул.Спортивна, 2, с.Радянське, Кременецький р-н, Тернопільська обл., 47017","1020","367","1011","16","637","16","653","","0","637","16","653","13","640","2","3","296","7","145","3","3","123","53","2","0","1","2","29.10.12"
"610555","164","Тернопільська область","сільський клуб, глядацький зал
вул.Миру, 1А, с.Підлісці, Кременецький р-н, Тернопільська обл., 47078","780","236","768","28","518","26","544","","0","518","26","544","3","541","1","4","279","3","91","5","2","59","94","1","0","1","1","28.10.12"
"610556","164","Тернопільська область","школа, актова зала
вул.Центральна, 8, с.Гаї, Кременецький р-н, Тернопільська обл., 47011","294","81","291","29","188","25","213","","0","188","25","213","2","211","1","0","56","4","41","2","3","34","68","0","0","1","1","29.10.12"
"610557","164","Тернопільська область","фельдшерсько-акушерський пункт, фойє
вул.Леніна, 66, с.Града, Кременецький р-н, Тернопільська обл., 47072","426","123","425","22","282","21","303","","0","282","21","303","7","296","0","0","93","3","102","1","1","28","67","1","0","0","0","28.10.12"
"610558","164","Тернопільська область","готель ""Почаївський світ"", фойє
вул.Теплична, 13, с.Діброва, Кременецький р-н, Тернопільська обл., 47011","138","45","137","7","86","7","93","","0","86","7","93","3","90","0","0","37","0","7","0","0","10","34","0","0","1","1","28.10.12"
"610559","164","Тернопільська область","школа, актова зала
вул.Шкільна, 2, с.Кімната, Кременецький р-н, Тернопільська обл., 47021","624","239","614","30","355","30","385","","0","355","30","385","15","370","8","1","137","5","55","3","3","37","120","0","0","1","0","29.10.12"
"610560","164","Тернопільська область","сільська рада, зал засідань
вул.Котовського, 8, с.Горинка, Кременецький р-н, Тернопільська обл., 47042","1044","399","1035","37","610","35","645","","0","610","35","645","14","631","5","1","283","3","200","6","4","73","50","3","1","1","1","28.10.12"
"610561","164","Тернопільська область","сільський клуб, глядацький зал
вул.Підгірна, 22, с.Кушлин, Кременецький р-н, Тернопільська обл., 47075","582","247","575","28","308","27","335","","0","308","27","335","16","319","3","2","136","6","85","3","4","40","37","0","2","0","1","28.10.12"
"610562","164","Тернопільська область","сільський клуб, глядацький зал
вул.Лісова, 2, с.Духів, Кременецький р-н, Тернопільська обл., 47042","108","46","108","13","51","11","62","","0","51","11","62","3","59","0","0","9","1","5","0","1","3","40","0","0","0","0","28.10.12"
"610563","164","Тернопільська область","сільський клуб, глядацький зал
вул.Шкільна, 11, с.Дунаїв, Кременецький р-н, Тернопільська обл., 47023","390","93","385","27","272","25","297","","0","272","25","297","9","288","0","0","121","5","66","0","1","18","76","0","0","1","0","28.10.12"
"610564","164","Тернопільська область","школа, актова зала
вул.Свередюка, 1, с.Богданівка, Кременецький р-н, Тернопільська обл., 47023","294","87","290","14","194","13","207","","0","194","13","207","2","205","1","0","104","3","28","0","0","24","44","0","1","0","0","28.10.12"
"610565","164","Тернопільська область","сільський клуб, глядацький зал
вул.Шевченка, 54, с.Куликів, Кременецький р-н, Тернопільська обл., 47023","306","69","307","30","209","28","237","","0","209","28","237","1","236","0","0","166","5","33","3","2","6","21","0","0","0","0","29.10.12"
"610566","164","Тернопільська область","школа, актова зала
вул.Миру, 23, с.Савчиці, Кременецький р-н, Тернопільська обл., 47023","282","93","283","16","177","12","189","","0","177","12","189","4","185","0","0","62","2","43","1","0","12","65","0","0","0","0","29.10.12"
"610567","164","Тернопільська область","сільська рада, зал засідань
вул.Радянська, 26, с.Жолоби, Кременецький р-н, Тернопільська обл., 47030","834","245","828","58","531","58","589","","0","531","58","589","17","572","5","0","272","6","120","9","3","66","90","1","0","0","0","29.10.12"
"610568","164","Тернопільська область","сільський клуб, глядацький зал
вул.Центарльна, 16А, с.Катеринівка, Кременецький р-н, Тернопільська обл., 47041","330","83","331","44","203","44","247","","0","203","44","247","3","244","2","1","80","6","43","1","2","49","54","0","0","3","3","28.10.12"
"610569","164","Тернопільська область","сільський клуб, глядацький зал
вул.Садова, 66А, с.Іванківці, Кременецький р-н, Тернопільська обл., 47041","270","74","263","28","170","26","196","","0","170","26","196","4","192","0","1","97","3","32","7","3","16","33","0","0","0","0","29.10.12"
"610570","164","Тернопільська область","сільський клуб, глядацький зал
вул.Центральна, 6, с.Рибча, Кременецький р-н, Тернопільська обл., 47041","72","11","72","7","54","7","61","","0","54","7","61","2","59","0","0","14","1","12","0","3","14","15","0","0","0","0","28.10.12"
"610571","164","Тернопільська область","сільська рада, зал засідань
вул.Центральна, 11, с.Колосова, Кременецький р-н, Тернопільська обл., 47033","294","126","289","33","139","29","168","","0","139","29","168","0","168","1","0","63","1","48","1","1","14","39","0","0","0","0","28.10.12"
"610572","164","Тернопільська область","сільський клуб, глядацький зал
вул.Шевченка, 70, с.Двірець, Кременецький р-н, Тернопільська обл., 47033","120","28","116","9","83","9","92","","0","83","9","92","3","89","0","0","25","2","17","4","3","8","30","0","0","0","0","29.10.12"
"610573","164","Тернопільська область","фельдшерсько-акушерський пункт, каб.4
вул.Л.Українки, 21, с.Рудка, Кременецький р-н, Тернопільська обл., 47031","468","141","462","31","298","29","327","","0","298","29","327","5","322","0","1","183","1","64","1","2","21","48","0","0","0","1","29.10.12"
"610574","164","Тернопільська область","будинок культури, глядацький зал
вул.Ляшуки, 56, м.Кременець, Кременецький р-н, Тернопільська обл., 47003","978","417","969","27","535","26","561","","0","535","26","561","12","549","6","2","212","8","99","10","2","113","88","2","0","4","3","29.10.12"
"610575","164","Тернопільська область","школа №3, актова зала
вул.Замкова, 41, м.Кременець, Кременецький р-н, Тернопільська обл., 47003","2088","919","2065","35","1136","33","1169","","0","1136","33","1169","26","1143","1","6","507","10","261","14","3","170","159","2","1","7","2","29.10.12"
"610576","164","Тернопільська область","бібліотека ім.Словацького, фойє
вул.Шевченка, 16, м.Кременець, Кременецький р-н, Тернопільська обл., 47003","1806","706","1788","40","1062","38","1100","","0","1062","38","1100","33","1067","2","2","449","11","226","19","4","143","200","3","5","3","0","29.10.12"
"610577","164","Тернопільська область","педагогічний інститут, актова зала
вул.Ліцейна, 1, м.Кременець, Кременецький р-н, Тернопільська обл., 47003","1632","698","1633","26","908","26","934","","0","908","26","934","13","921","1","7","383","4","222","12","4","150","134","1","0","1","2","29.10.12"
"610578","164","Тернопільська область","будинок культури, глядацький зал
вул.Шевченка, 58, м.Кременець, Кременецький р-н, Тернопільська обл., 47003","1380","611","1365","34","735","34","769","","0","735","34","769","24","745","2","4","265","2","188","9","2","110","159","0","0","3","1","28.10.12"
"610579","164","Тернопільська область","клуб автобусного парку, глядацький зал
вул.Дубенська, 51, м.Кременець, Кременецький р-н, Тернопільська обл., 47003","984","439","981","14","533","12","545","","0","533","12","545","18","527","1","4","263","4","85","4","4","71","87","2","1","0","1","29.10.12"
"610580","164","Тернопільська область","гуртожиток професійного ліцею, актова зала
вул.Санаторійна, 1, м.Кременець, Кременецький р-н, Тернопільська обл., 47003","948","355","935","16","579","14","593","","0","579","14","593","13","580","1","2","298","0","91","6","4","51","123","0","1","3","0","29.10.12"
"610581","164","Тернопільська область","гімназія, актова зала
вул.Мікрорайон 3, 6, м.Кременець, Кременецький р-н, Тернопільська обл., 47003","1602","716","1580","11","880","6","886","","0","880","6","886","12","874","6","4","425","9","158","11","2","82","168","2","0","6","1","29.10.12"
"610582","164","Тернопільська область","школа №4, спортивний зал
вул.О.Лятуринської, 11, м.Кременець, Кременецький р-н, Тернопільська обл., 47003","1278","558","1245","39","681","39","720","","0","681","39","720","16","704","2","2","391","4","130","13","0","90","65","3","3","1","0","29.10.12"
"610583","164","Тернопільська область","гуртожиток медичного училища, актова зала
вул.Мікрорайон 3, 7, м.Кременець, Кременецький р-н, Тернопільська обл., 47003","1902","891","1879","20","992","19","1011","","0","992","19","1011","17","994","3","3","405","9","279","17","10","121","137","2","2","3","3","29.10.12"
"610584","164","Тернопільська область","школа №5, спортивний зал
вул.107 Кременецької Дивізії, 5, м.Кременець, Кременецький р-н, Тернопільська обл., 47003","1818","802","1795","31","986","30","1016","","0","986","30","1016","28","988","3","7","432","8","225","23","5","113","164","1","0","4","3","29.10.12"
"610585","164","Тернопільська область","сільський клуб, глядацький зал
вул.Петра Підмурного, 11, с.Крижі, Кременецький р-н, Тернопільська обл., 47010","588","202","587","48","338","48","386","","0","338","48","386","8","378","4","3","153","11","79","9","3","59","54","1","0","1","1","29.10.12"
"610586","164","Тернопільська область","школа, спортивний зал
вул.Шкільна, 5, с.Лідихів, Кременецький р-н, Тернопільська обл., 47050","876","326","863","28","523","27","550","","0","523","27","550","9","541","1","4","121","2","227","6","2","57","117","1","1","2","0","29.10.12"
"610587","164","Тернопільська область","дитячий садок, каб.5
вул.Центральна, 38, с.Лідихів, Кременецький р-н, Тернопільська обл., 47050","792","229","778","36","528","35","563","","0","528","35","563","11","552","0","1","95","12","214","3","1","28","196","0","1","1","0","29.10.12"
"610591","164","Тернопільська область","сільський клуб, глядацький зал
вул.Варшавська, 22, с.Лосятин, Кременецький р-н, Тернопільська обл., 47052","1092","354","1082","75","669","69","738","","0","669","69","738","16","722","0","4","193","13","267","2","7","63","168","2","1","0","2","29.10.12"
"610592","164","Тернопільська область","сільський клуб, глядацький зал
вул.Центральна, 81, с.Борщівка, Кременецький р-н, Тернопільська обл., 47052","138","33","131","21","84","21","105","","0","84","21","105","2","103","0","3","29","1","18","1","0","13","38","0","0","0","0","29.10.12"
"610596","164","Тернопільська область","школа, актова зала
вул.Шевченка, 46, с.Плоске, Кременецький р-н, Тернопільська обл., 47040","528","179","519","39","314","35","349","","0","314","35","349","8","341","5","2","102","7","78","5","3","43","95","0","0","0","1","29.10.12"
"610597","164","Тернопільська область","школа, спортивний зал
вул.Центральна, 2, с.Попівці, Кременецький р-н, Тернопільська обл., 47034","414","191","412","38","189","34","223","","0","189","34","223","5","218","1","1","56","0","67","4","0","28","61","0","0","0","0","29.10.12"
"610598","164","Тернопільська область","бібліотека, фойє
вул.Гагаріна, 11А, с.Новий Кокорів, Кременецький р-н, Тернопільська обл., 47076","324","103","319","17","206","15","221","","0","206","15","221","3","218","0","0","69","2","64","3","1","31","45","1","1","0","1","28.10.12"
"610599","164","Тернопільська область","приміщення приватного підприємця, фойє
вул.Центральна, 31, с.Попівці, Кременецький р-н, Тернопільська обл., 47034","264","77","264","29","158","29","187","","0","158","29","187","4","183","0","0","80","3","52","1","0","17","30","0","0","0","0","28.10.12"
"610600","164","Тернопільська область","будинок культури, глядацький зал
вул.Шевченка, 2, м.Почаїв, Кременецький р-н, Тернопільська обл., 47025","2052","908","2037","24","1127","17","1144","","0","1127","17","1144","43","1101","6","4","393","8","284","15","11","116","249","3","3","5","4","29.10.12"
"610601","164","Тернопільська область","музична школа, фойє
вул.Шевченка, 1, м.Почаїв, Кременецький р-н, Тернопільська обл., 47025","2094","888","2112","32","1181","25","1206","","0","1181","25","1206","37","1169","3","4","326","8","499","9","16","120","172","5","1","4","2","29.10.12"
"610602","164","Тернопільська область","будинок культури фабрики ""Іква"", глядацький зал
вул.Фабрична, 18, м.Почаїв, Кременецький р-н, Тернопільська обл., 47025","1200","521","1194","27","656","23","679","","0","656","23","679","24","655","0","3","256","3","205","2","5","76","99","0","2","2","2","28.10.12"
"610603","164","Тернопільська область","комбінат комунальних підприємств, фойє
вул.Шевченка, 33, м.Почаїв, Кременецький р-н, Тернопільська обл., 47025","1128","553","1116","108","498","77","575","","0","498","77","575","15","560","3","0","160","5","207","3","8","75","93","1","0","2","3","29.10.12"
"610604","164","Тернопільська область","гуртожиток професійно-технічного училища, фойє
вул.Кременецька, 31, м.Почаїв, Кременецький р-н, Тернопільська обл., 47025","384","161","381","5","218","5","223","","0","218","5","223","6","217","1","0","80","1","51","0","1","29","51","0","0","2","1","29.10.12"
"610607","164","Тернопільська область","сільський клуб, глядацький зал
вул.Шкільна, 4, с.Сапанів, Кременецький р-н, Тернопільська обл., 47012","1296","560","1284","50","692","44","736","","0","692","44","736","29","707","1","3","258","3","192","9","7","148","79","3","2","1","1","29.10.12"
"610609","164","Тернопільська область","сільський клуб, глядацький зал
вул.Шевченка, 22, с.Старий Почаїв, Кременецький р-н, Тернопільська обл., 47079","1200","619","1192","66","515","66","581","","0","515","66","581","12","569","3","2","162","0","294","3","3","53","45","0","0","3","1","29.10.12"
"610610","164","Тернопільська область","сільська рада, зал засідань
вул.Резніка, 7, с.Старий Тараж, Кременецький р-н, Тернопільська обл., 47051","1020","471","1010","84","487","62","549","","0","487","62","549","12","537","1","3","46","3","323","9","2","54","93","0","2","0","1","29.10.12"
"610613","164","Тернопільська область","сільська рада, зал засідань
вул.Сокілля, 5, с.Чугалі, Кременецький р-н, Тернопільська обл., 47003","312","103","302","41","172","37","209","","0","172","37","209","7","202","0","2","39","1","37","2","5","47","66","0","0","1","2","28.10.12"
"610614","164","Тернопільська область","школа, актова зала
вул.Мануїльського, 16А, с.Бонівка, Кременецький р-н, Тернопільська обл., 47003","438","131","439","35","274","33","307","","0","274","33","307","9","298","2","3","109","4","74","3","3","56","36","3","2","1","2","29.10.12"
"610615","164","Тернопільська область","сільський клуб, глядацький зал
вул.Центральна, 28, с.Шпиколоси, Кременецький р-н, Тернопільська обл., 47032","336","84","335","51","207","45","252","","0","207","45","252","6","246","1","0","87","1","58","0","1","41","56","0","0","1","0","28.10.12"
"610616","164","Тернопільська область","Почаївська центральна районна лікарня, фойє
вул.Шевченка, 4, м.Почаїв, Кременецький р-н, Тернопільська обл., 47025","102","88","87","87","0","14","14","","0","0","14","14","1","13","1","0","0","0","5","1","0","6","0","0","0","0","0","29.10.12"
"610617","164","Тернопільська область","сільський клуб, фойє
вул.1 Травня, 54, с.Бережанка, Лановецький р-н, Тернопільська обл., 47440","348","105","343","43","201","42","243","","0","201","42","243","4","239","1","0","116","7","20","6","5","24","55","2","0","1","2","29.10.12"
"610618","164","Тернопільська область","сільський клуб, фойє
вул.Жовтнева, 55, с.Жуківці, Лановецький р-н, Тернопільська обл., 47440","198","44","192","14","140","14","154","","0","140","14","154","3","151","0","0","47","3","38","3","0","20","40","0","0","0","0","29.10.12"
"610619","164","Тернопільська область","сільська рада, зал засідань
пл.Відродження, 1, с.Білозірка, Лановецький р-н, Тернопільська обл., 47453","726","203","719","55","469","54","523","","0","469","54","523","12","511","1","3","216","16","84","31","4","25","126","1","3","1","0","29.10.12"
"610620","164","Тернопільська область","дитячий садок, кабінет №1
вул.Миру, 18, с.Шушківці, Лановецький р-н, Тернопільська обл., 47453","168","34","170","15","122","12","134","","0","122","12","134","1","133","1","1","64","4","19","2","0","11","31","0","0","0","0","29.10.12"
"610621","164","Тернопільська область","школа, актова зала
вул.Шевченка, 7, с.Борсуки, Лановецький р-н, Тернопільська обл., 47412","678","197","670","45","440","41","481","","0","440","41","481","13","468","3","3","250","5","46","9","8","41","99","2","1","0","1","29.10.12"
"610622","164","Тернопільська область","школа, актова зала
вул.Фольварочного, 47, с.Нападівка, Лановецький р-н, Тернопільська обл., 474412","870","287","864","48","535","48","583","","0","535","48","583","11","572","1","2","263","2","74","10","5","53","155","2","3","1","1","29.10.12"
"610623","164","Тернопільська область","школа, актова зала
вул.Незалежності, 18, с.Синівці, Лановецький р-н, Тернопільська обл., 47412","240","57","243","24","163","20","183","","0","163","20","183","1","182","0","1","77","6","21","3","1","25","48","0","0","0","0","29.10.12"
"610624","164","Тернопільська область","сільський клуб, фойє
вул.Широка, 56, с.Борщівка, Лановецький р-н, Тернопільська обл., 47410","834","263","824","33","542","29","571","","0","542","29","571","15","556","5","2","248","9","71","10","3","61","135","7","2","2","1","29.10.12"
"610625","164","Тернопільська область","сільська рада, зал засідань
вул.Лисини, 1, с.Буглів, Лановецький р-н, Тернопільська обл., 47443","684","178","607","71","438","68","506","","0","438","68","506","13","493","5","4","213","12","111","7","2","48","89","1","1","0","0","29.10.12"
"610626","164","Тернопільська область","сільський клуб, фойє
вул.Першотравнева, 83, с.Ванжулів, Лановецький р-н, Тернопільська обл., 47442","474","108","470","54","316","50","366","","0","316","50","366","6","360","4","1","157","12","39","4","1","13","127","0","2","0","0","29.10.12"
"610627","164","Тернопільська область","сільська рада, зал засідань
вул.Центральна, 5, с.Великі Кусківці, Лановецький р-н, Тернопільська обл., 47413","516","138","515","25","353","25","378","","0","353","25","378","5","373","1","0","198","13","36","5","1","14","100","4","1","0","0","29.10.12"
"610628","164","Тернопільська область","сільська рада, зал засідань
вул.Лисенка, 45, с.Вербовець, Лановецький р-н, Тернопільська обл., 47430","636","246","634","93","304","86","390","","0","304","86","390","5","385","9","5","184","6","57","10","0","57","51","1","1","2","2","29.10.12"
"610629","164","Тернопільська область","сільський клуб, фойє
вул.Садова, 5А, с.Верещаки, Лановецький р-н, Тернопільська обл., 47434","504","202","496","46","264","38","302","","0","264","38","302","13","289","3","1","128","17","39","4","2","51","42","1","1","0","0","29.10.12"
"610630","164","Тернопільська область","фельдшерсько-акушерський пункт, кабінет №1
вул.Пісочна, 42, с.Коржківці, Лановецький р-н, Тернопільська обл., 47433","108","47","103","12","51","10","61","","0","51","10","61","0","61","1","0","23","1","9","0","0","3","20","0","0","1","3","29.10.12"
"610631","164","Тернопільська область","сільський клуб, фойє
вул.Центральна, 22, с.Вишгородок, Лановецький р-н, Тернопільська обл., 47432","606","187","598","39","381","38","419","","0","381","38","419","6","413","4","5","242","10","50","19","2","33","43","0","2","0","3","29.10.12"
"610632","164","Тернопільська область","сільський клуб, фойє
вул.Центральна, 32, с.Влащинці, Лановецький р-н, Тернопільська обл., 47432","234","86","227","7","141","7","148","","0","141","7","148","6","142","0","0","66","2","18","0","2","11","43","0","0","0","0","29.10.12"
"610633","164","Тернопільська область","сільська рада, зал засідань
вул.Центральна, 31, с.Гриньки, Лановецький р-н, Тернопільська обл., 47450","396","154","388","36","210","32","242","","0","210","32","242","7","235","1","2","102","7","28","5","2","28","59","1","0","0","0","29.10.12"
"610634","164","Тернопільська область","школа, актова зала
вул.Центральна, 55, с.Грибова, Лановецький р-н, Тернопільська обл., 47461","654","286","650","33","335","33","368","","0","335","33","368","7","361","3","4","155","3","87","10","3","37","53","0","2","2","2","29.10.12"
"610635","164","Тернопільська область","сільський клуб, фойє
вул.Миру, 2, с.Загірці, Лановецький р-н, Тернопільська обл., 47421","336","103","329","33","202","31","233","","0","202","31","233","7","226","0","1","55","0","41","22","1","8","92","1","1","1","3","29.10.12"
"610636","164","Тернопільська область","школа, актова зала
вул.Михайлівка, 59, с.Михайлівка, Лановецький р-н, Тернопільська обл., 47421","318","91","313","25","202","25","227","","0","202","25","227","4","223","0","0","62","0","58","19","1","20","63","0","0","0","0","29.10.12"
"610637","164","Тернопільська область","школа, актова зала
вул.Гагаріна, 37, с.Іванківці, Лановецький р-н, Тернопільська обл., 47452","432","113","428","42","281","38","319","","0","281","38","319","6","313","2","0","136","7","52","7","0","23","84","2","0","0","0","28.10.12"
"610638","164","Тернопільська область","фельдшерсько-акушерський пункт, кабінет №1
вул.Островського, 16, с.Карначівка, Лановецький р-н, Тернопільська обл., 47431","192","51","187","20","122","19","141","","0","122","19","141","5","136","0","1","62","6","19","0","3","13","30","1","1","0","0","29.10.12"
"610639","164","Тернопільська область","сільська рада, зал засідань
вул.Комсомольська, 21, с.Шили, Лановецький р-н, Тернопільська обл., 47431","258","52","261","18","188","18","206","","0","188","18","206","2","204","1","0","102","4","42","2","4","10","37","0","0","0","2","29.10.12"
"610640","164","Тернопільська область","школа, актова зала
вул.Шкільна, 2, с.Краснолука, Лановецький р-н, Тернопільська обл., 47462","420","138","421","19","265","17","282","","0","265","17","282","6","276","5","2","163","4","27","6","1","42","22","0","1","1","2","29.10.12"
"610641","164","Тернопільська область","будинок культури, фойє
вул.Шкільна, 2, м.Ланівці, Лановецький р-н, Тернопільська обл., 47402","1842","654","1818","23","1167","21","1188","","0","1167","21","1188","25","1163","13","4","620","34","136","59","7","116","169","1","0","3","1","29.10.12"
"610642","164","Тернопільська область","фабрика гумових виробів, актова зала
вул.Незалежності, 48, м.Ланівці, Лановецький р-н, Тернопільська обл., 47402","1500","590","1480","8","905","5","910","","0","905","5","910","20","890","3","3","518","9","157","26","4","73","92","1","1","2","1","29.10.12"
"610643","164","Тернопільська область","професійно-технічне училище, актова зала
вул.Садова, 1, м.Ланівці, Лановецький р-н, Тернопільська обл., 47402","918","365","917","22","532","21","553","","0","532","21","553","13","540","0","3","280","35","63","14","4","55","83","1","0","1","1","29.10.12"
"610644","164","Тернопільська область","хлібоприймальне підприємство, актова зала
вул.Залізнична, 40, м.Ланівці, Лановецький р-н, Тернопільська обл., 47402","660","227","664","51","385","48","433","","0","385","48","433","5","428","6","1","212","7","77","10","8","32","72","1","1","1","0","29.10.12"
"610645","164","Тернопільська область","школа, актова зала
вул.Молодіжна, 32, м.Ланівці, Лановецький р-н, Тернопільська обл., 47402","1608","742","1588","14","856","10","866","","0","856","10","866","29","837","6","0","469","11","132","30","4","81","88","6","1","3","6","29.10.12"
"610646","164","Тернопільська область","школа, актова зала
вул.Б.Хмельницького, 57, с.Волиця, Лановецький р-н, Тернопільська обл., 47402","132","35","131","12","85","12","97","","0","85","12","97","1","96","1","1","45","1","23","1","1","5","17","0","1","0","0","29.10.12"
"610647","164","Тернопільська область","школа, актова зала
вул.8 Березня, 1, с.Малі Кусківці, Лановецький р-н, Тернопільська обл., 47402","162","45","161","7","111","6","117","","0","111","6","117","8","109","4","2","35","3","19","5","0","16","23","0","1","0","1","29.10.12"
"610648","164","Тернопільська область","будинок культури, фойє
вул.Матросова, 1, с.Оришківці, Лановецький р-н, Тернопільська обл., 47441","312","87","307","16","209","16","225","","0","209","16","225","5","220","1","0","84","5","37","4","1","27","61","0","0","0","0","29.10.12"
"610649","164","Тернопільська область","дитячий садок, кабінет №1
вул.Миру, 38, с.Лопушне, Лановецький р-н, Тернопільська обл., 47433","534","167","522","45","323","44","367","","0","323","44","367","18","349","8","3","189","8","48","5","2","30","50","2","1","0","3","29.10.12"
"610650","164","Тернопільська область","школа, актова зала
вул.Лесі Українки, 11, с.Пахиня, Лановецький р-н, Тернопільська обл., 47431","108","22","110","13","73","13","86","","0","73","13","86","0","86","5","0","45","2","13","0","1","6","11","0","3","0","0","29.10.12"
"610651","164","Тернопільська область","будинок культури, фойє
вул.17 Вересня, 28А, с.Мала Білка, Лановецький р-н, Тернопільська обл., 47440","288","85","284","51","158","45","203","","0","158","45","203","1","202","1","2","138","3","19","4","1","10","23","0","0","1","0","29.10.12"
"610652","164","Тернопільська область","будинок культури, фойє
вул.Пархоменка, 37, с.Молотків, Лановецький р-н, Тернопільська обл., 47451","444","130","433","20","294","20","314","","0","294","20","314","11","303","2","2","120","7","45","11","2","42","71","1","0","0","0","29.10.12"
"610653","164","Тернопільська область","школа, актова зала
вул.Шкільна, 7А, с.Осники, Лановецький р-н, Тернопільська обл., 47451","156","44","155","6","106","6","112","","0","106","6","112","1","111","0","2","44","0","36","0","0","6","20","0","1","2","0","29.10.12"
"610654","164","Тернопільська область","школа, актова зала
вул.Дружба, 3, с.Москалівка, Лановецький р-н, Тернопільська обл., 47454","402","96","398","34","274","32","306","","0","274","32","306","6","300","4","2","113","4","59","6","4","41","60","2","2","1","2","28.10.12"
"610655","164","Тернопільська область","школа, актова зала
вул.Кленова, 39, с.Плиска, Лановецький р-н, Тернопільська обл., 47454","198","38","196","26","135","25","160","","0","135","25","160","6","154","1","1","43","2","23","8","0","9","64","2","0","1","0","28.10.12"
"610656","164","Тернопільська область","дитячий садок, кабінет №1
вул.Шевченка, 1, с.Передмірка, Лановецький р-н, Тернопільська обл., 47416","528","142","519","42","344","42","386","","0","344","42","386","14","372","3","2","218","5","40","9","2","33","60","0","0","0","0","29.10.12"
"610657","164","Тернопільська область","школа, актова зала
вул.Шкільна, 6, с.Печірна, Лановецький р-н, Тернопільська обл., 47444","270","57","269","35","182","31","213","","0","182","31","213","5","208","0","0","98","0","29","1","0","12","68","0","0","0","0","29.10.12"
"610658","164","Тернопільська область","фельдшерсько-акушерський пункт, кабінет №1
вул.Центральна, 42, с.Кутиска, Лановецький р-н, Тернопільська обл., 47444","114","24","113","10","84","6","90","","0","84","6","90","4","86","0","0","35","7","20","0","0","4","20","0","0","0","0","28.10.12"
"610659","164","Тернопільська область","школа, актова зала
вул.Центральна, 15, с.Снігурівка, Лановецький р-н, Тернопільська обл., 47411","612","146","605","52","414","52","466","","0","414","52","466","7","459","5","3","279","4","73","9","0","38","44","1","2","0","1","29.10.12"
"610660","164","Тернопільська область","фельдшерсько-акушерський пункт, кабінет №1
пров.Манівський, 2, с.Маневе, Лановецький р-н, Тернопільська обл., 47411","294","77","289","15","203","14","217","","0","203","14","217","7","210","0","0","103","0","64","1","2","21","17","1","0","0","1","29.10.12"
"610661","164","Тернопільська область","сільська рада, зал засідань
вул.Підлісна, 28, с.Чайчинці, Лановецький р-н, Тернопільська обл., 47414","402","103","397","54","247","52","299","","0","247","52","299","5","294","0","2","142","4","56","7","5","41","35","1","0","1","0","29.10.12"
"610662","164","Тернопільська область","школа, актова зала
вул.Шкільна, 5, с.Юськівці, Лановецький р-н, Тернопільська обл., 47422","744","267","734","26","451","26","477","","0","451","26","477","9","468","6","1","203","15","96","19","4","53","64","2","0","2","3","29.10.12"
"610663","164","Тернопільська область","дитячий садок, кабінет №1
вул.Центральна, 5, с.Якимівці, Лановецький р-н, Тернопільська обл., 47420","342","105","341","26","213","24","237","","0","213","24","237","8","229","4","1","95","3","36","16","1","26","45","0","1","0","1","29.10.12"
"610664","164","Тернопільська область","школа, актова зала
вул.Шкільна, 21, с.Татаринці, Лановецький р-н, Тернопільська обл., 47420","354","100","348","26","230","24","254","","0","230","24","254","11","243","0","2","59","2","29","9","1","34","104","1","2","0","0","29.10.12"
"610717","164","Тернопільська область","будинок культури, глядацький зал
вул.Шевченка, 66А, с.Богданівка, Підволочиський р-н, Тернопільська обл., 47832","798","278","789","96","430","90","520","","0","430","90","520","10","510","4","1","326","9","35","7","5","48","47","20","3","2","3","29.10.12"
"610718","164","Тернопільська область","школа, актова зала
вул.Великий вигін, 9, с.Воробіївка, Підволочиський р-н, Тернопільська обл., 47824","198","50","197","25","124","24","148","","0","124","24","148","3","145","0","1","80","0","32","0","0","15","17","0","0","0","0","28.10.12"
"610719","164","Тернопільська область","школа, фойє
вул.Шкільна, 10, с.Медин, Підволочиський р-н, Тернопільська обл., 47873","390","100","390","31","261","29","290","","0","261","29","290","6","284","4","1","153","7","27","2","2","22","64","0","0","1","1","28.10.12"
"610720","164","Тернопільська область","сільський клуб, глядацький зал
вул.Вишнева, 4, с.Пеньківці, Підволочиський р-н, Тернопільська обл., 47814","90","19","86","11","60","11","71","","0","60","11","71","2","69","0","0","10","1","18","0","1","4","35","0","0","0","0","28.10.12"
"610721","164","Тернопільська область","сільський клуб, глядацький зал
вул.Центр, 1, с.Просівці, Підволочиський р-н, Тернопільська обл., 47814","60","10","59","7","43","7","50","","0","43","7","50","1","49","0","0","27","0","8","0","0","0","14","0","0","0","0","29.10.12"
"610722","164","Тернопільська область","сільська рада, кабінет спеціалістів
вул.Відродження, 31, с.Галущинці, Підволочиський р-н, Тернопільська обл., 47841","492","125","482","46","321","46","367","","0","321","46","367","4","363","2","0","117","8","142","2","3","46","38","0","4","0","1","29.10.12"
"610723","164","Тернопільська область","будинок культури, глядацький зал
вул.Гайова, 31, с.Гнилиці, Підволочиський р-н, Тернопільська обл., 47820","492","157","485","68","271","64","335","","0","271","64","335","5","330","7","0","124","5","127","0","2","21","44","0","0","0","0","29.10.12"
"610724","164","Тернопільська область","школа, спортивний зал
вул.Сонячна, 7, с.Городниця, Підволочиський р-н, Тернопільська обл., 47854","786","146","782","53","588","52","640","","0","588","52","640","7","633","2","2","431","7","81","5","1","55","41","3","4","1","0","28.10.12"
"610725","164","Тернопільська область","сільський клуб, глядацький зал
вул.Шкільна, 19, с.Дорофіївка, Підволочиський р-н, Тернопільська обл., 47833","336","91","334","17","230","15","245","","0","230","15","245","2","243","2","0","90","3","46","2","2","28","64","4","1","0","1","29.10.12"
"610726","164","Тернопільська область","школа, спортивний зал
вул.Шевченка, 73А, с.Жеребки, Підволочиський р-н, Тернопільська обл., 47843","516","156","507","47","316","44","360","","0","316","44","360","6","354","0","2","174","3","52","5","2","78","32","1","2","2","1","29.10.12"
"610727","164","Тернопільська область","школа, фойє
вул.Незалежності, 131, с.Зарубинці, Підволочиський р-н, Тернопільська обл., 47871","372","73","368","55","247","52","299","","0","247","52","299","3","296","1","1","153","1","59","0","1","52","17","1","10","0","0","29.10.12"
"610728","164","Тернопільська область","школа, актова зала
вул.Шкільна, 8, с.Іванівка, Підволочиський р-н, Тернопільська обл., 47855","816","248","802","77","495","73","568","","0","495","73","568","5","563","0","2","357","4","69","1","0","36","92","0","2","0","0","29.10.12"
"610729","164","Тернопільська область","школа, фойє
вул.Тернопільська, 32А, с.Кам’янки, Підволочиський р-н, Тернопільська обл., 47840","1116","336","1097","77","708","72","780","","0","708","72","780","25","755","3","1","407","7","73","7","1","99","60","93","3","1","0","29.10.12"
"610730","164","Тернопільська область","школа, спортивний зал
вул.Шкільна, 1, с.Мовчанівка, Підволочиський р-н, Тернопільська обл., 47840","294","87","294","26","186","21","207","","0","186","21","207","2","205","1","2","117","7","18","1","1","18","13","21","5","0","1","29.10.12"
"610731","164","Тернопільська область","школа, спортивний зал
вул.Шкільна, 16, с.Качанівка, Підволочиський р-н, Тернопільська обл., 47852","918","288","909","50","588","42","630","","0","588","42","630","23","607","0","1","365","5","109","2","1","27","94","1","0","0","2","29.10.12"
"610732","164","Тернопільська область","школа, фойє
вул.Івана Франка, 87, с.Клебанівка, Підволочиський р-н, Тернопільська обл., 47830","366","87","362","44","238","41","279","","0","238","41","279","5","274","3","2","125","5","22","1","0","92","15","7","0","0","2","28.10.12"
"610733","164","Тернопільська область","сільський клуб, глядацький зал
вул.Зелена, 32, с.Шевченкове, Підволочиський р-н, Тернопільська обл., 47830","120","32","120","13","77","11","88","","0","77","11","88","1","87","0","2","56","0","8","0","3","3","15","0","0","0","0","28.10.12"
"610734","164","Тернопільська область","школа, актова зала
вул.Задвір Верхня, 2, с.Колодіївка, Підволочиський р-н, Тернопільська обл., 47844","816","261","814","51","506","49","555","","0","506","49","555","13","542","6","6","272","15","128","5","1","39","46","13","5","1","5","29.10.12"
"610735","164","Тернопільська область","сільський клуб, глядацький зал
вул.Зарічна, 18А, с.Панасівка, Підволочиський р-н, Тернопільська обл., 47844","312","91","306","20","202","19","221","","0","202","19","221","8","213","1","1","103","3","30","1","5","12","52","1","3","1","0","29.10.12"
"610736","164","Тернопільська область","школа, фойє
вул.Шевченка, 30, с.Кошляки, Підволочиський р-н, Тернопільська обл., 47822","630","163","626","67","404","63","467","","0","404","63","467","9","458","8","4","234","32","55","2","3","68","47","1","3","1","0","28.10.12"
"610737","164","Тернопільська область","сільський клуб, глядацький зал
вул.Шевченка, 30, с.Голотки, Підволочиський р-н, Тернопільська обл., 47822","264","62","260","17","185","17","202","","0","185","17","202","7","195","0","1","110","0","25","2","0","22","32","0","2","0","1","28.10.12"
"610738","164","Тернопільська область","сільський клуб, глядацький зал
вул.Т.Г.Шевченка, 59, с.Криве, Підволочиський р-н, Тернопільська обл., 47872","582","197","575","15","372","13","385","","0","372","13","385","22","363","3","6","181","7","86","6","1","50","11","9","3","0","0","28.10.12"
"610739","164","Тернопільська область","сільський клуб, глядацький зал
вул.Шевченка, 13, с.Лисичинці, Підволочиський р-н, Тернопільська обл., 47810","324","84","319","38","202","38","240","","0","202","38","240","2","238","2","3","101","30","33","3","1","19","46","0","0","0","0","28.10.12"
"610740","164","Тернопільська область","сільський клуб, глядацький зал
вул.Шевченка, 15, с.Шельпаки, Підволочиський р-н, Тернопільська обл., 47810","348","92","349","26","231","25","256","","0","231","25","256","4","252","3","2","102","62","25","3","0","34","19","0","0","2","0","28.10.12"
"610741","164","Тернопільська область","школа, фойє
вул.Сонячна, 1, с.Магдалівка, Підволочиський р-н, Тернопільська обл., 47850","498","133","492","38","329","36","365","","0","329","36","365","10","355","1","0","230","7","80","1","0","22","13","0","0","0","1","29.10.12"
"610742","164","Тернопільська область","сільська рада, фойє
вул.Л.Українки, 8, с.Теклівка, Підволочиський р-н, Тернопільська обл., 47850","312","70","305","25","217","25","242","","0","217","25","242","11","231","0","0","133","6","45","0","1","25","17","3","1","0","0","29.10.12"
"610743","164","Тернопільська область","сільська рада, зал засідань
вул.Бойчука, 42, с.Мислова, Підволочиський р-н, Тернопільська обл., 47804","342","106","339","19","217","19","236","","0","217","19","236","4","232","2","0","144","2","12","1","0","22","39","3","6","1","0","29.10.12"
"610744","164","Тернопільська область","сільський клуб, глядацький зал
вул.Л.Українки, 31А, с.Новосілка, Підволочиський р-н, Тернопільська обл., 47874","1152","286","1147","69","799","67","866","","0","799","67","866","36","830","9","0","522","11","117","5","10","126","10","10","6","2","2","29.10.12"
"610745","164","Тернопільська область","будинок культури, глядацький зал
вул.І.Франка, 41, с.Нове Село, Підволочиський р-н, Тернопільська обл., 47811","348","100","342","12","236","12","248","","0","236","12","248","6","242","24","4","125","24","27","5","0","22","10","0","0","1","0","28.10.12"
"610746","164","Тернопільська область","сільський клуб, глядацький зал
вул.Шевченка, 55, с.Сухівці, Підволочиський р-н, Тернопільська обл., 47876","414","123","412","32","259","32","291","","0","259","32","291","7","284","4","1","170","27","35","0","3","21","19","2","0","0","2","28.10.12"
"610747","164","Тернопільська область","сільський клуб, глядацький зал
вул.Шевченка, 17, с.Гнилички, Підволочиський р-н, Тернопільська обл., 47811","300","67","294","22","213","20","233","","0","213","20","233","5","228","0","1","158","9","19","2","1","19","15","0","2","0","2","29.10.12"
"610748","164","Тернопільська область","сільський клуб, глядацький зал
вул.Садова, 17, с.Козярі, Підволочиський р-н, Тернопільська обл., 47811","264","79","262","33","152","33","185","","0","152","33","185","2","183","6","2","107","14","19","2","5","11","17","0","0","0","0","29.10.12"
"610749","164","Тернопільська область","будинок культури, глядацький зал
вул.Майдан Центральний, 2, с.Оріховець, Підволочиський р-н, Тернопільська обл., 47853","594","168","583","37","392","34","426","","0","392","34","426","9","417","1","1","291","6","39","1","2","48","25","0","1","1","1","29.10.12"
"610750","164","Тернопільська область","школа, їдальня
вул.Кривляни, 182, с.Остап’є, Підволочиський р-н, Тернопільська обл., 47861","1290","353","1287","125","816","121","937","","0","816","121","937","0","937","2","0","620","14","90","8","1","95","85","2","17","1","2","29.10.12"
"610751","164","Тернопільська область","школа, фойє
вул.Шевченка, 9, с.Пальчинці, Підволочиський р-н, Тернопільська обл., 47821","396","109","390","32","260","27","287","","0","260","27","287","5","282","0","1","135","5","67","3","1","20","48","1","0","0","1","29.10.12"
"610752","164","Тернопільська область","сільський клуб, глядацький зал
вул.Козацька, 2, с.Щаснівка, Підволочиський р-н, Тернопільська обл., 47821","72","18","71","7","48","6","54","","0","48","6","54","0","54","0","0","33","0","10","0","1","5","5","0","0","0","0","29.10.12"
"610753","164","Тернопільська область","будинок культури, фойє
вул.Д.Галицького, 35, смт Підволочиськ, Підволочиський р-н, Тернопільська обл., 47800","1300","464","1278","36","808","28","836","","0","808","28","836","18","818","3","5","500","6","76","24","7","91","80","13","9","3","1","29.10.12"
"610754","164","Тернопільська область","музична школа, фойє
вул.Шевченка, 18, смт Підволочиськ, Підволочиський р-н, Тернопільська обл., 47800","996","376","982","21","602","18","620","","0","602","18","620","11","609","1","2","394","8","54","18","4","58","46","5","17","1","1","29.10.12"
"610755","164","Тернопільська область","гімназія імені І.Франка, фойє
вул.П.Мстислава, 54, смт Підволочиськ, Підволочиський р-н, Тернопільська обл., 47800","1986","729","1953","15","1242","15","1257","","0","1242","15","1257","28","1229","5","4","743","14","153","8","4","191","63","8","31","2","3","29.10.12"
"610756","164","Тернопільська область","школа, кабінет математики
вул.Надзбручанська, 48, смт Підволочиськ, Підволочиський р-н, Тернопільська обл., 47800","816","276","820","10","531","9","540","","0","531","9","540","6","534","3","1","360","6","26","1","4","64","50","3","15","1","0","29.10.12"
"610757","164","Тернопільська область","територіальний центр, актова зала
вул.Лисенка, 2, смт Підволочиськ, Підволочиський р-н, Тернопільська обл., 47800","1656","617","1638","24","1016","23","1039","","0","1016","23","1039","30","1009","5","3","583","22","138","21","7","137","74","4","13","1","1","29.10.12"
"610758","164","Тернопільська область","школа, фойє
вул.Шкільна, 2, с.Поділля, Підволочиський р-н, Тернопільська обл., 47860","366","85","361","38","249","32","281","","0","249","32","281","5","276","0","2","136","1","66","1","6","26","32","1","2","1","2","29.10.12"
"610759","164","Тернопільська область","сільський клуб, глядацький зал
вул.Миру, 6, с.Хоптянка, Підволочиський р-н, Тернопільська обл., 47860","126","35","124","18","76","15","91","","0","76","15","91","2","89","0","1","28","1","11","0","0","31","15","1","0","0","1","29.10.12"
"610760","164","Тернопільська область","сільська рада, зал засідань
вул.Центральна, 43, с.Рожиськ, Підволочиський р-н, Тернопільська обл., 47853","246","79","246","30","140","27","167","","0","140","27","167","2","165","1","0","87","3","37","0","2","10","25","0","0","0","0","28.10.12"
"610761","164","Тернопільська область","міська рада, зал засідань
вул.Грушевського, 2, м.Скалат, Підволочиський р-н, Тернопільська обл., 47851","1188","451","1178","40","698","39","737","","0","698","39","737","19","718","5","6","429","11","102","5","4","109","39","3","3","0","2","29.10.12"
"610762","164","Тернопільська область","ПТУ №23, актова зала, 1-й поверх
вул.Курбаса, 30, м.Скалат, Підволочиський р-н, Тернопільська обл., 47851","1002","354","992","39","609","39","648","","0","609","39","648","16","632","2","3","361","9","100","13","6","96","27","5","5","2","3","29.10.12"
"610763","164","Тернопільська область","ТК ""Фортуна"", актова зала
вул.Тернопільська, 60, м.Скалат, Підволочиський р-н, Тернопільська обл., 47851","936","310","932","39","588","38","626","","0","588","38","626","13","613","3","1","368","19","96","6","2","62","42","5","4","3","2","29.10.12"
"610764","164","Тернопільська область","сільський клуб, глядацький зал
вул.Зелена, 1А, с.Поплави, Підволочиський р-н, Тернопільська обл., 47851","72","16","70","7","49","7","56","","0","49","7","56","1","55","0","2","30","0","15","1","0","4","3","0","0","0","0","28.10.12"
"610765","164","Тернопільська область","будинок культури, глядацький зал
вул.Б.Хмельницького, 5А, с.Скорики, Підволочиський р-н, Тернопільська обл., 47814","486","124","485","40","323","39","362","","0","323","39","362","5","357","0","1","213","12","51","8","5","48","14","3","2","0","0","28.10.12"
"610766","164","Тернопільська область","сільський клуб, глядацький зал
вул.Віри Савич, 19А, с.Климківці, Підволочиський р-н, Тернопільська обл., 47814","204","48","199","23","135","21","156","","0","135","21","156","4","152","1","0","109","0","11","1","3","18","7","1","1","0","0","29.10.12"
"610767","164","Тернопільська область","будинок культури, концертний зал
вул.Майдан Волі, 3, с.Староміщина, Підволочиський р-н, Тернопільська обл., 47834","618","162","608","39","417","39","456","","0","417","39","456","14","442","1","3","286","4","2","34","2","43","53","1","12","0","1","29.10.12"
"610768","164","Тернопільська область","будинок культури, глядацький зал
вул.Шевченка, 13Б, с.Старий Скалат, Підволочиський р-н, Тернопільська обл., 47845","996","287","986","30","679","30","709","","0","679","30","709","21","688","5","5","325","11","138","5","4","117","52","9","9","3","5","29.10.12"
"610769","164","Тернопільська область","сільський клуб, глядацький зал
вул.Л.Українки, 22, с.Полупанівка, Підволочиський р-н, Тернопільська обл., 47845","594","242","589","7","346","6","352","","0","346","6","352","10","342","4","3","181","3","65","4","3","49","21","6","2","0","1","28.10.12"
"610770","164","Тернопільська область","будинок культури, глядацький зал
вул.Центральна, 44, с.Супранівка, Підволочиський р-н, Тернопільська обл., 47831","288","49","288","23","217","22","239","","0","217","22","239","3","236","0","1","113","9","25","5","3","16","52","0","12","0","0","29.10.12"
"610771","164","Тернопільська область","сільський клуб, глядацький зал
вул.Центральна, 62, с.Коршилівка, Підволочиський р-н, Тернопільська обл., 47831","114","28","112","17","72","14","86","","0","72","14","86","2","84","0","0","47","1","11","1","0","4","14","1","5","0","0","29.10.12"
"610772","164","Тернопільська область","школа, фойє
вул.Центральна, 72, с.Росохуватець, Підволочиський р-н, Тернопільська обл., 47831","228","56","222","15","157","15","172","","0","157","15","172","3","169","1","1","90","2","27","2","1","19","16","5","4","1","0","29.10.12"
"610773","164","Тернопільська область","будинок культури, глядацький зал
вул.Центральна, 31, с.Терпилівка, Підволочиський р-н, Тернопільська обл., 47813","240","46","238","24","171","23","194","","0","171","23","194","1","193","4","0","110","1","30","0","1","18","27","0","1","0","1","28.10.12"
"610774","164","Тернопільська область","сільський клуб, глядацький зал
вул.Центральна, 42, с.Лозівка, Підволочиський р-н, Тернопільська обл., 47812","252","73","250","20","162","17","179","","0","162","17","179","2","177","1","0","106","6","33","1","1","12","15","1","0","1","0","28.10.12"
"610775","164","Тернопільська область","сільський клуб, глядацький зал
вул.Церковна, 2, с.Гущанки, Підволочиський р-н, Тернопільська обл., 47812","108","31","104","10","69","8","77","","0","69","8","77","1","76","0","0","45","1","9","0","0","3","18","0","0","0","0","29.10.12"
"610776","164","Тернопільська область","будинок культури, глядацький зал
вул.Шевченка, 49, с.Токи, Підволочиський р-н, Тернопільська обл., 47823","852","226","858","97","547","79","626","","0","547","79","626","8","618","1","2","306","10","104","2","0","85","108","0","0","0","0","29.10.12"
"610777","164","Тернопільська область","будинок культури, глядацький зал
вул.І.Франка, 3, с.Турівка, Підволочиський р-н, Тернопільська обл., 47862","486","119","483","56","314","53","367","","0","314","53","367","4","363","0","0","209","3","23","0","3","16","104","1","2","2","0","29.10.12"
"610778","164","Тернопільська область","сільський клуб, глядацький зал
вул.Д.Галицького, 19, с.Фащівка, Підволочиський р-н, Тернопільська обл., 47862","138","47","132","17","77","14","91","","0","77","14","91","2","89","0","0","58","2","9","0","0","6","13","1","0","0","0","29.10.12"
"610779","164","Тернопільська область","сільський клуб, глядацький зал
пров.Шевченка, 24, с.Хмелиська, Підволочиський р-н, Тернопільська обл., 47842","516","132","517","32","355","29","384","","0","355","29","384","8","376","2","1","240","2","36","2","4","45","18","18","4","3","1","29.10.12"
"610780","164","Тернопільська область","сільський клуб, концертний зал
вул.Центральна, 2, с.Чернилівка, Підволочиський р-н, Тернопільська обл., 47877","378","88","370","35","257","33","290","","0","257","33","290","6","284","3","2","168","5","69","1","1","14","18","1","2","0","0","29.10.12"
"611034","164","Тернопільська область","сільська рада, каб.2
вул.Радянська, 50, с.Андрушівка, Шумський р-н, Тернопільська обл., 47111","246","63","242","15","169","14","183","","0","169","14","183","3","180","0","1","72","1","38","3","0","22","38","1","2","2","0","28.10.12"
"611035","164","Тернопільська область","школа, фойє
вул.Піонерська, 37, с.Кутянка, Шумський р-н, Тернопільська обл., 47111","336","97","337","17","225","14","239","","0","225","14","239","6","233","0","0","74","0","89","2","2","25","38","0","2","1","0","28.10.12"
"611036","164","Тернопільська область","будинок церковної громади, каб.2
вул.Лазня, 5, с.Переморівка, Шумський р-н, Тернопільська обл., 47111","120","33","118","17","73","14","87","","0","73","14","87","3","84","1","0","25","1","16","3","2","3","31","0","1","0","1","29.10.12"
"611037","164","Тернопільська область","сільська рада, приймальна
вул.Садова, 12, с.Биківці, Шумський р-н, Тернопільська обл., 47141","534","129","520","32","375","30","405","","0","375","30","405","7","398","1","2","163","7","63","9","1","33","112","1","1","3","2","28.10.12"
"611038","164","Тернопільська область","будинок культури, глядацький зал
вул.Кооперативна, 9, с.Боложівка, Шумський р-н, Тернопільська обл., 47115","624","219","615","34","371","34","405","","0","371","34","405","6","399","4","3","98","1","190","2","0","31","66","1","0","3","0","29.10.12"
"611039","164","Тернопільська область","сільська рада, зал засідань
вул.Українська, 48, с.Бриків, Шумський р-н, Тернопільська обл., 47140","816","223","811","53","547","46","593","","0","547","46","593","15","578","8","3","173","3","119","2","4","61","199","0","0","6","0","29.10.12"
"611040","164","Тернопільська область","сільський клуб, глядацький зал
вул.Шевченка, 107, с.Васьківці, Шумський р-н, Тернопільська обл., 47113","642","197","631","29","418","27","445","","0","418","27","445","9","436","2","1","172","4","103","4","5","56","82","1","1","5","0","29.10.12"
"611041","164","Тернопільська область","зал другого поверху торгового комплексу
вул.Миру, 4, с.Кути, Шумський р-н, Тернопільська обл., 47172","414","114","411","18","282","18","300","","0","282","18","300","3","297","2","0","100","2","33","2","0","15","140","0","1","1","1","30.10.12"
"611042","164","Тернопільська область","сільський клуб, глядацький зал
вул.Радянська, 58Б, с.Малі Садки, Шумський р-н, Тернопільська обл., 47114","288","81","286","8","199","8","207","","0","199","8","207","1","206","2","1","64","0","37","2","3","20","76","0","0","1","0","29.10.12"
"611043","164","Тернопільська область","будинок культури, глядацький зал
вул.Садова, 7, с.Великі Дедеркали, Шумський р-н, Тернопільська обл., 47144","900","287","897","51","565","48","613","","0","565","48","613","10","603","4","1","220","5","145","11","4","38","166","2","1","5","1","29.10.12"
"611044","164","Тернопільська область","сільський клуб, глядацький зал
вул.Дружба, 1А, с.Малі Дедеркали, Шумський р-н, Тернопільська обл., 47173","480","153","477","21","306","21","327","","0","306","21","327","3","324","2","0","128","1","57","1","7","19","106","2","0","1","0","28.10.12"
"611045","164","Тернопільська область","сільський клуб, фойє
вул.Дружби, 52, с.Вовківці, Шумський р-н, Тернопільська обл., 47171","336","106","326","21","209","21","230","","0","209","21","230","3","227","2","1","86","1","69","2","1","22","38","1","2","1","1","28.10.12"
"611046","164","Тернопільська область","будинок культури, глядацький зал
вул.Приклубна, 1, с.Великі Загайці, Шумський р-н, Тернопільська обл., 47153","882","253","872","75","559","70","629","","0","559","70","629","11","618","2","1","185","3","259","7","3","54","98","1","2","1","2","29.10.12"
"611047","164","Тернопільська область","фельдшерсько-акушерський пункт, оглядова
вул.Дедеркальська, 1, с.Малі Загайці, Шумський р-н, Тернопільська обл., 47153","228","72","225","23","134","22","156","","0","134","22","156","4","152","2","1","13","0","48","1","0","4","81","0","1","1","0","28.10.12"
"611048","164","Тернопільська область","школа, спортивний зал
вул.Шкільна, 17, с.Вілія, Шумський р-н, Тернопільська обл., 47150","378","107","372","26","248","23","271","","0","248","23","271","4","267","4","0","87","1","73","2","4","27","62","1","1","5","0","28.10.12"
"611049","164","Тернопільська область","фельдшерсько-акушерський пункт, маніпуляційна
вул.Набережна, 42, с.Новосілка, Шумський р-н, Тернопільська обл., 47150","54","3","62","4","47","4","51","","0","47","4","51","1","50","0","0","5","2","19","1","1","10","12","0","0","0","0","28.10.12"
"611050","164","Тернопільська область","школа, каб.2
вул.Шкільна, 5, с.Тетильківці, Шумський р-н, Тернопільська обл., 47175","420","126","412","29","266","28","294","","0","266","28","294","5","289","5","1","82","3","80","7","3","33","72","0","1","2","0","28.10.12"
"611051","164","Тернопільська область","сільська рада, зал засідань
вул.Садова, 2, с.Жолобки, Шумський р-н, Тернопільська обл., 47125","294","88","289","15","193","13","206","","0","193","13","206","9","197","1","0","82","2","58","1","1","14","35","0","1","2","0","28.10.12"
"611052","164","Тернопільська область","фельдшерсько-акушерський пункт, приймальна
вул.З.Космодем’янської, 24, с.Забара, Шумський р-н, Тернопільська обл., 47122","78","19","78","7","53","6","59","","0","53","6","59","2","57","0","0","20","0","26","3","0","4","4","0","0","0","0","28.10.12"
"611053","164","Тернопільська область","школа, спортивний зал
вул.Каштанова, 11, с.Залісці, Шумський р-н, Тернопільська обл., 47122","546","198","540","44","304","44","348","","0","304","44","348","8","340","1","0","143","1","81","3","0","35","64","0","0","11","1","29.10.12"
"611054","164","Тернопільська область","сільський клуб, танцювальний зал
вул.Миру, 4, с.Велика Іловиця, Шумський р-н, Тернопільська обл., 47110","240","37","240","13","191","12","203","","0","191","12","203","9","194","1","1","42","3","61","3","1","27","53","0","0","1","1","29.10.12"
"611055","164","Тернопільська область","фельдшерсько-акушерський пункт, приймальна
вул.Ясенова, 8, с.Мала Іловиця, Шумський р-н, Тернопільська обл., 47110","162","41","160","10","113","8","121","","0","113","8","121","3","118","0","3","29","0","38","2","0","5","38","1","0","1","1","29.10.12"
"611056","164","Тернопільська область","школа, фойє
вул.Українська, 29, с.Кордишів, Шумський р-н, Тернопільська обл., 47131","618","196","610","45","377","45","422","","0","377","45","422","12","410","4","0","144","3","95","2","4","42","94","0","1","21","0","28.10.12"
"611057","164","Тернопільська область","сільський клуб, глядацький зал
вул.Будівельників, 1, с.Мирове, Шумський р-н, Тернопільська обл., 47131","348","93","343","14","243","12","255","","0","243","12","255","0","255","2","2","92","2","72","2","3","18","52","0","0","9","1","29.10.12"
"611058","164","Тернопільська область","сільський клуб, глядацький зал
вул.Зота Бондарука, 4, с.Літовище, Шумський р-н, Тернопільська обл., 47112","300","90","290","19","191","19","210","","0","191","19","210","4","206","0","2","64","5","56","5","0","9","64","1","0","0","0","29.10.12"
"611059","164","Тернопільська область","фельдшерсько-акушерський пункт, маніпуляційна
вул.Сонячна, 9, с.Сошище, Шумський р-н, Тернопільська обл., 47112","120","26","119","12","83","11","94","","0","83","11","94","1","93","0","1","28","1","42","2","1","4","11","0","0","2","1","28.10.12"
"611060","164","Тернопільська область","сільський клуб, глядацький зал
вул.Перемоги, 4, с.Людвище, Шумський р-н, Тернопільська обл., 47130","582","170","573","59","356","56","412","","0","356","56","412","14","398","3","3","150","7","93","5","1","41","88","1","0","6","0","29.10.12"
"611061","164","Тернопільська область","сільський клуб, фойє
вул.Центральна, 31А, с.Гриньківці, Шумський р-н, Тернопільська обл., 47130","198","66","194","5","127","5","132","","0","127","5","132","1","131","1","0","50","1","19","1","0","18","41","0","0","0","0","29.10.12"
"611062","164","Тернопільська область","будинок культури, фойє
вул.Шкільна, 10, с.Матвіївці, Шумський р-н, Тернопільська обл., 47164","480","120","473","24","338","22","360","","0","338","22","360","7","353","3","1","116","1","74","2","1","42","110","0","0","3","0","29.10.12"
"611063","164","Тернопільська область","школа, каб.2
вул.Пришкільна, 12, с.Мізюринці, Шумський р-н, Тернопільська обл., 47155","234","62","224","16","156","16","172","","0","156","16","172","4","168","0","0","48","5","36","0","3","31","43","1","0","0","1","28.10.12"
"611064","164","Тернопільська область","сільська рада, бібліотека
вул.Центральна, 29, с.Онишківці, Шумський р-н, Тернопільська обл., 47174","486","132","477","40","314","40","354","","0","314","40","354","4","350","1","0","117","4","92","1","2","32","94","1","0","6","0","28.10.12"
"611065","164","Тернопільська область","будинок культури, фойє
вул.Радянська, 1, с.Підгайці, Шумський р-н, Тернопільська обл., 47162","330","88","324","17","225","17","242","","0","225","17","242","6","236","1","1","46","0","56","6","2","29","91","0","1","3","0","28.10.12"
"611066","164","Тернопільська область","фельдшерсько-акушерський пункт, приймальна
вул.Шевченка, 20, с.Кудлаївка, Шумський р-н, Тернопільська обл., 47163","174","54","168","19","102","18","120","","0","102","18","120","1","119","0","0","24","0","11","1","0","13","69","0","0","1","0","29.10.12"
"611067","164","Тернопільська область","сільський клуб, глядацький зал
вул.Лановецька, 58А, с.Піщатинці, Шумський р-н, Тернопільська обл., 47163","420","114","418","38","274","32","306","","0","274","32","306","4","302","1","2","92","3","46","1","2","22","128","2","0","3","0","30.10.12"
"611068","164","Тернопільська область","сільський клуб, глядацький зал
вул.Жовтнева, 2, с.Потуторів, Шумський р-н, Тернопільська обл., 47142","348","84","345","19","245","19","264","","0","245","19","264","6","258","2","1","98","1","82","2","2","43","23","0","0","4","0","28.10.12"
"611069","164","Тернопільська область","школа, фойє
вул.В.Матевощука, 2, с.Радошівка, Шумський р-н, Тернопільська обл., 47146","270","76","263","22","173","21","194","","0","173","21","194","7","187","3","0","42","2","67","2","2","12","53","0","0","3","1","29.10.12"
"611070","164","Тернопільська область","школа, спортивний зал
вул.І.Франка, 58, с.Рохманів, Шумський р-н, Тернопільська обл., 47105","570","129","562","28","414","27","441","","0","414","27","441","8","433","3","0","180","3","85","3","2","43","109","0","0","5","0","30.10.12"
"611071","164","Тернопільська область","школа, каб.2
вул.Дружби, 31А, с.Залужжя, Шумський р-н, Тернопільська обл., 47105","252","54","251","12","186","12","198","","0","186","12","198","4","194","1","1","55","6","48","4","1","20","54","0","1","2","1","28.10.12"
"611072","164","Тернопільська область","школа, спортивний зал
вул.Шкільна, 14, с.Обич, Шумський р-н, Тернопільська обл., 47123","558","160","542","32","371","27","398","","0","371","27","398","11","387","3","1","128","4","120","2","3","29","89","0","1","6","1","28.10.12"
"611073","164","Тернопільська область","школа, фойє
вул.Шкільна, 2, с.Садки, Шумський р-н, Тернопільська обл., 47143","372","89","370","28","258","25","283","","0","258","25","283","4","279","3","1","86","1","32","3","1","28","120","0","1","3","0","29.10.12"
"611074","164","Тернопільська область","школа, фойє
вул.Шкільна, 12, с.Бірки, Шумський р-н, Тернопільська обл., 47133","342","94","334","28","220","28","248","","0","220","28","248","2","246","1","1","88","2","69","2","4","22","49","0","0","6","2","29.10.12"
"611075","164","Тернопільська область","сільський клуб, глядацький зал
вул.Центральна, 27, с.Соснівка, Шумський р-н, Тернопільська обл., 47132","360","103","355","31","231","26","257","","0","231","26","257","3","254","3","2","92","1","68","6","1","21","54","0","0","6","0","29.10.12"
"611076","164","Тернопільська область","сільський клуб, глядацький зал
вул.Садова, 20, с.Стіжок, Шумський р-н, Тернопільська обл., 47120","312","87","301","21","208","17","225","","0","208","17","225","2","223","4","1","102","9","46","1","2","14","42","0","0","1","1","28.10.12"
"611077","164","Тернопільська область","будинок культури, глядацький зал
вул.Рудка, 1, с.Сураж, Шумський р-н, Тернопільська обл., 47114","552","202","544","37","314","36","350","","0","314","36","350","5","345","1","4","106","2","84","2","3","37","92","1","0","11","2","28.10.12"
"611078","164","Тернопільська область","школа, спортивний зал
вул.Рудка, 56, с.Сураж, Шумський р-н, Тернопільська обл., 47114","492","171","486","21","300","21","321","","0","300","21","321","10","311","0","3","115","1","66","5","1","19","93","0","1","7","0","28.10.12"
"611079","164","Тернопільська область","сільський клуб, глядацький зал
вул.Підлісна, 73, с.Ходаки, Шумський р-н, Тернопільська обл., 47114","324","67","320","24","233","24","257","","0","233","24","257","1","256","0","0","95","5","44","2","1","18","91","0","0","0","0","28.10.12"
"611080","164","Тернопільська область","сільський клуб, глядацький зал
вул.Набережна, 1А, с.Темногайці, Шумський р-н, Тернопільська обл., 47154","444","109","443","41","299","36","335","","0","299","36","335","10","325","4","0","55","3","81","3","2","23","149","3","0","2","0","29.10.12"
"611081","164","Тернопільська область","сільський клуб, глядацький зал
вул.Миру, 1, с.Башківці, Шумський р-н, Тернопільська обл., 47124","174","42","169","29","106","26","132","","0","106","26","132","3","129","0","0","37","0","56","3","1","3","28","1","0","0","0","29.10.12"
"611082","164","Тернопільська область","сільська рада, зал засідань
вул.Миру, 29, с.Тилявка, Шумський р-н, Тернопільська обл., 47124","480","96","480","41","345","39","384","","0","345","39","384","11","373","2","1","86","1","129","3","4","35","104","3","1","3","1","29.10.12"
"611083","164","Тернопільська область","сільська рада, зал засідань
вул.Центральна, 38, с.Угорськ, Шумський р-н, Тернопільська обл., 47121","438","123","434","36","280","35","315","","0","280","35","315","4","311","0","1","59","6","115","3","2","41","75","0","1","8","0","29.10.12"
"611084","164","Тернопільська область","сільський клуб, фойє
вул.Шевченка, 57, с.Цеценівка, Шумський р-н, Тернопільська обл., 47151","762","215","748","27","522","25","547","","0","522","25","547","5","542","1","2","130","4","102","3","2","62","235","0","1","0","0","29.10.12"
"611085","164","Тернопільська область","сільська рада, зал засідань
вул.Жовтнева, 30, с.Шкроботівка, Шумський р-н, Тернопільська обл., 47145","426","88","422","14","324","14","338","","0","324","14","338","5","333","1","3","101","3","73","4","0","15","132","0","0","1","0","29.10.12"
"611086","164","Тернопільська область","школа, каб.2
вул.Шкільна, 12, с.Новостав, Шумський р-н, Тернопільська обл., 47133","468","125","465","38","309","34","343","","0","309","34","343","5","338","1","1","123","4","106","2","3","39","52","2","2","3","0","29.10.12"
"611087","164","Тернопільська область","школа, каб.2
вул.Горбівці, 60А, с.Шумбар, Шумський р-н, Тернопільська обл., 47152","564","163","550","29","373","28","401","","0","373","28","401","11","390","3","2","72","4","177","3","2","42","80","0","0","2","3","28.10.12"
"611088","164","Тернопільська область","школа №1, фойє
вул.Українська, 45, м.Шумськ, Шумський р-н, Тернопільська обл., 47100","1848","601","1826","62","1192","55","1247","","0","1192","55","1247","15","1232","16","5","499","14","295","8","3","108","236","2","0","45","1","29.10.12"
"611089","164","Тернопільська область","школа №2, фойє
вул.Українська, 61, м.Шумськ, Шумський р-н, Тернопільська обл., 47100","1992","708","1966","51","1239","45","1284","","0","1239","45","1284","26","1258","10","4","474","17","326","13","8","160","179","1","1","64","1","29.10.12"
"611090","164","Тернопільська область","районна комунальна лікарня, актова зала
вул.Обори, 5, с.Великі Дедеркали, Шумський р-н, Тернопільська обл., 47174","54","43","21","0","11","0","11","","0","11","0","11","0","11","0","0","0","0","10","0","0","0","1","0","0","0","0","29.10.12"
"611091","164","Тернопільська область","центральна районна лікарня, актова зала
вул.Енергетична, 1, м.Шумськ, Шумський р-н, Тернопільська обл., 47100","102","67","53","21","20","15","35","","0","20","15","35","3","32","0","1","13","0","2","0","0","5","9","0","0","2","0","29.10.12"
