"№ ВД","OBO","Назва регіону України","Місцезнаходження та адреса приміщення для голосування","1) К-сть одержаних бюлетенів","2) К-сть невикористаних бюлетенів","3) К-сть виборців, внесених до списку виборців","4) К-сть виборців, внесених до витягу зі списку виборців","5) К-сть виборців, які отримали бюлетені у приміщенні","6) К-сть виборців, які отримали за місцем перебування","7) Сумарна к-сть виборців, які отримали бюлетені","8) К-сть бюлетенів, що виявилися у кожній скринці","9) К-сть бюлетенів, що не підлягають врахуванню","10) К-сть виборців, які взяли участь у голос. у приміщенні для гол.","11) К-сть виборців, які взяли участь у голос. за місцем перебування","12) К-сть виборців, які взяли участь у голосуванні на виборчій дільниці","13) К-сть бюлетенів, визнаних недійсними","14) Сумарна к-сть голосів виборців ЗА","Агальцов-Новохатський
Анатолій
Андрійович","Балмашнов
Михайло
Юрійович","Бондаренко
Максим
Олексійович","Брайко
Сергій
Борисович","Дорофєєв
Ігор
Іванович","Зорін
Ігор
Володимирович","Карапетров
Андрій
Миколайович","Красненков
Яків
Олександрович","Рафалович
Віктор
Павлович","Романюк
Ігор
Анатолійович","Сальков
Данило
Володимирович","Тараненко
Григорій
Леонідович","Формус
Юрій
Віталійович","Хворов
Сергій
Володимирович","Хоруженко
Максим
Сергійович","Чайка
Дмитро
Іванович","Яворський
Віталій
Миколайович","Яковенко
Олексій
Вікторович","Дата підписання протоколу"
"010717","7","Автономна Республіка Крим","санаторій ""Морський куточок"", хол, 1-й поверх
вул.Набережна, 6, м.Алушта, Автономна Республіка Крим, 98500","232","119","242","2","112","1","113","","0","112","1","113","2","111","1","4","0","72","2","1","1","2","10","4","0","1","8","3","0","0","1","1","29.10.12"
"010718","7","Автономна Республіка Крим","пансіонат ""Польот"", хол, 1-й поверх
вул.Жовтнева, 10, м.Алушта, Автономна Республіка Крим, 98515","556","304","556","0","252","0","252","","0","250","0","250","13","237","2","5","0","104","2","3","2","15","30","7","0","18","24","10","2","2","4","7","29.10.12"
"010719","7","Автономна Республіка Крим","малий клуб санаторію ""Алуштинський"", хол
вул.Жовтнева, 16, м.Алушта, Автономна Республіка Крим, 98515","1100","555","1087","8","538","7","545","","0","537","7","544","29","515","2","14","4","246","5","5","13","33","58","25","1","9","51","28","1","6","5","9","29.10.12"
"010720","7","Автономна Республіка Крим","готель ""Алушта"", конференц-зала №2, 1-й поверх
вул.Жовтнева, 50, м.Алушта, Автономна Республіка Крим, 98515","2212","1182","2176","15","1018","12","1030","","0","1018","12","1030","43","987","1","35","13","500","10","12","32","47","113","35","10","12","81","36","6","11","11","22","28.10.12"
"010721","7","Автономна Республіка Крим","школа №3, хол, 1-й поверх
вул.Ялтинська, 19А, м.Алушта, Автономна Республіка Крим, 98517","1944","949","1912","35","967","28","995","","0","967","28","995","43","952","5","37","10","497","3","8","17","43","129","30","2","13","79","30","2","19","13","15","29.10.12"
"010722","7","Автономна Республіка Крим","художня школа, вестибюль
вул.Виноградна, 26, м.Алушта, Автономна Республіка Крим, 98517","1820","937","1813","26","864","19","883","","0","864","19","883","44","839","5","26","13","426","3","14","24","31","98","33","7","10","80","36","0","13","10","10","29.10.12"
"010723","7","Автономна Республіка Крим","СЕС, актова зала, 1-й поверх
вул.60 років СРСР, 3А, м.Алушта, Автономна Республіка Крим, 98517","2232","1183","2191","24","1028","21","1049","","0","1028","21","1049","51","998","1","27","9","477","13","4","24","103","115","37","5","9","84","32","9","13","12","24","29.10.12"
"010724","7","Автономна Республіка Крим","комітет самоорганізації населення мікрорайону №4, хол, 1-й поверх
вул.Ювілейна, 16, м.Алушта, Автономна Республіка Крим, 98517","1880","987","1869","7","888","5","893","","0","888","5","893","44","849","1","39","11","405","11","9","22","39","112","48","2","5","67","39","3","14","10","12","29.10.12"
"010725","7","Автономна Республіка Крим","фізико-математичний ліцей, актова зала
вул.Партизанська, 11, м.Алушта, Автономна Республіка Крим, 98517","1896","1016","1871","35","854","26","880","","0","854","26","880","41","839","5","28","5","441","1","3","19","31","111","24","2","13","60","45","4","14","13","20","29.10.12"
"010726","7","Автономна Республіка Крим","клуб пансіонату ""Північна Двіна"", танцювальна зала
вул.15 Квітня, 4, м.Алушта, Автономна Республіка Крим, 98500","1644","985","1627","16","643","16","659","","0","643","16","659","26","633","1","29","8","298","3","4","22","39","76","19","0","8","76","21","3","12","5","9","28.10.12"
"010727","7","Автономна Республіка Крим","клуб санаторію ""Славутич"", хол, 1-й поверх
вул.Червоноармійська, 20, м.Алушта, Автономна Республіка Крим, 98510","1520","790","1495","17","718","12","730","","0","717","12","729","25","704","0","31","7","342","4","10","19","33","90","26","0","8","72","28","5","8","6","15","29.10.12"
"010728","7","Автономна Республіка Крим","ТОК ""Чайка"", хол, 1-й поверх
вул.Червоноармійська, 11, м.Алушта, Автономна Республіка Крим, 98510","1932","998","1906","25","913","21","934","","0","913","21","934","31","903","3","29","10","428","8","11","30","29","153","27","3","7","89","33","1","12","6","24","29.10.12"
"010729","7","Автономна Республіка Крим","клуб бази відпочинку ""Старий замок"", актова зала
вул.Леніна, 55, м.Алушта, Автономна Республіка Крим, 98500","1812","1021","1765","24","774","17","791","","0","774","17","791","46","745","4","39","8","400","3","7","15","46","71","18","3","15","62","22","2","10","9","11","29.10.12"
"010730","7","Автономна Республіка Крим","адміністративна будівля Кримського природного заповіднику, конференц-зала
вул.Партизанська, 42, м.Алушта, Автономна Республіка Крим, 98510","1652","886","1651","34","734","32","766","","0","734","32","766","34","732","2","30","10","401","4","10","21","29","90","22","3","11","51","22","2","7","7","10","29.10.12"
"010731","7","Автономна Республіка Крим","ОСОУ, хол, 1-й поверх
вул.Туристів, 3А, м.Алушта, Автономна Республіка Крим, 98514","1812","1096","1802","7","710","6","716","","0","710","6","716","31","685","3","14","7","328","5","12","18","28","65","11","4","6","115","40","5","3","8","13","29.10.12"
"010732","7","Автономна Республіка Крим","клуб будинку відпочинку ""Айвазовське"", хол
вул.Васильченко, 1А, смт Партеніт, м.Алушта, Автономна Республіка Крим, 98542","1536","816","1530","3","718","2","720","","0","718","2","720","42","678","2","55","11","272","1","13","3","22","140","16","4","6","51","31","4","17","14","16","28.10.12"
"010733","7","Автономна Республіка Крим","школа, актова зала
вул.Перемоги, 1, смт Партеніт, м.Алушта, Автономна Республіка Крим, 98542","1276","633","1266","17","626","17","643","","0","626","17","643","33","610","1","19","11","276","7","9","8","27","111","18","4","8","40","40","0","15","9","7","29.10.12"
"010734","7","Автономна Республіка Крим","амбулаторія, фойє
вул.Паркова, 4, смт Партеніт, м.Алушта, Автономна Республіка Крим, 98542","1572","826","1576","14","732","14","746","","0","732","14","746","42","704","1","22","13","313","2","16","4","15","120","20","8","8","83","34","3","19","15","8","28.10.12"
"010735","7","Автономна Республіка Крим","санаторій ""Утьос"", хол
вул.Гагариної, 5, с-ще Утьос, м.Алушта, Автономна Республіка Крим, 98541","204","97","183","5","102","5","107","","0","102","5","107","2","105","1","7","3","43","1","1","1","2","7","5","2","1","14","6","1","5","2","3","28.10.12"
"010736","7","Автономна Республіка Крим","ФАП, приймальня
вул.Фрунзенська, 16, с.Лаврове, м.Алушта, Автономна Республіка Крим, 98545","184","66","181","0","118","0","118","","0","118","0","118","11","107","2","2","3","70","0","0","1","0","6","2","1","0","8","6","0","3","1","2","28.10.12"
"010737","7","Автономна Республіка Крим","сільський клуб, хол
вул.Спортивна, 1, с.Запрудне, м.Алушта, Автономна Республіка Крим, 98545","696","314","684","14","370","12","382","","0","370","12","382","31","351","1","4","3","194","1","1","8","9","59","8","3","3","23","16","3","7","3","5","28.10.12"
"010738","7","Автономна Республіка Крим","гуртожиток ДП ""Таврида"", вестибюль, 1-й поверх
вул.Алуштинська, 2, с.Пушкіне, м.Алушта, Автономна Республіка Крим, 98545","428","161","427","13","256","11","267","","0","256","11","267","17","250","1","1","2","153","8","5","1","5","33","3","2","3","10","6","3","3","3","8","28.10.12"
"010739","7","Автономна Республіка Крим","школа, хол
вул.Таврійська, 5, с.Малий Маяк, м.Алушта, Автономна Республіка Крим, 98540","2004","1004","1984","23","986","14","1000","","0","986","14","1000","72","928","4","24","16","440","3","12","8","26","139","27","4","10","88","67","4","18","17","21","29.10.12"
"010740","7","Автономна Республіка Крим","установа дирекції будівництва оздоровниць, хол
вул.Головкінського, 17, с.Лазурне, м.Алушта, Автономна Республіка Крим, 98500","112","46","110","3","64","2","66","","0","64","2","66","2","64","0","3","0","33","2","1","0","0","4","2","1","1","6","6","1","0","1","3","28.10.12"
"010741","7","Автономна Республіка Крим","сільський будинок культури, хол
вул.Центральна, 1/2, с.Ізобільне, м.Алушта, Автономна Республіка Крим, 98531","1004","510","995","16","482","12","494","","0","482","12","494","32","462","1","5","5","226","5","6","16","19","46","4","19","20","52","19","5","4","6","4","28.10.12"
"010742","7","Автономна Республіка Крим","школа, хол
пров.Поштовий, 10, с.Ізобільне, м.Алушта, Автономна Республика Крим, 98531","756","428","752","7","321","7","328","","0","321","7","328","16","312","0","6","7","174","3","1","12","7","21","6","0","8","44","10","0","5","0","8","28.10.12"
"010743","7","Автономна Республіка Крим","ВАТ Алуштинський ефіромасличний завод, фасовочний цех, хол
вул.Ароматна, 9, с-ще Розовий, м.Алушта, Автономна Республіка Крим, 98531","188","28","179","10","152","8","160","","0","152","8","160","1","159","1","1","5","104","1","0","0","5","13","3","0","3","13","3","0","4","1","2","29.10.12"
"010744","7","Автономна Республіка Крим","ФАП, хол
вул.Поштова, 3А, с.Верхня Кутузовка, м.Алушта, Автономна Республіка Крим, 98533","704","467","702","13","228","9","237","","0","228","9","237","19","218","0","5","3","89","0","2","3","5","23","8","1","3","56","14","0","1","3","2","29.10.12"
"010745","7","Автономна Республіка Крим","контора відділення ДП ""Алушта"", хол
вул.Центральна, 3, с.Нижня Кутузовка, м.Алушта, Автономна Республіка Крим, 98532","720","315","714","9","400","5","405","","0","400","5","405","20","385","3","13","8","200","3","11","12","14","48","13","0","3","29","9","2","7","3","7","28.10.12"
"010746","7","Автономна Республіка Крим","магазин №58, хол
вул.Шосейна, 22А, с.Лучисте, м.Алушта, Автономна Республіка Крим, 98530","1104","432","1103","32","647","25","672","","0","647","25","672","35","637","2","11","7","403","3","11","11","19","58","17","1","5","49","15","5","11","4","5","28.10.12"
"010747","7","Автономна Республіка Крим","сільський клуб, актова зала
вул.Коцюбинського, 3, с.Сонячногірське, м.Алушта, Автономна Республіка Крим, 98532","864","411","858","33","424","29","453","","0","424","29","453","27","426","4","8","7","238","3","1","7","12","32","11","2","1","57","15","5","8","7","8","28.10.12"
"010748","7","Автономна Республіка Крим","сільський клуб, актова зала
вул.Клубна, 12, с.Генеральське, м.Алушта, Автономна Республіка Крим, 98524","208","109","204","13","88","11","99","","0","88","11","99","3","96","3","1","3","47","2","1","1","3","16","5","1","1","6","1","0","1","0","4","28.10.12"
"010749","7","Автономна Республіка Крим","сільський клуб, актова зала
вул.Комсомольська, 7, с.Малоріченське, м.Алушта, Автономна Республіка Крим, 98520","1080","456","1069","17","609","15","624","","0","609","15","624","20","604","2","6","7","342","4","6","8","15","75","11","0","2","77","21","2","10","8","8","28.10.12"
"010750","7","Автономна Республіка Крим","сільський клуб, актова зала
вул.Центральна, 1, с.Рибаче, м.Алушта, Автономна Республіка Крим, 98522","1068","476","1063","37","560","32","592","","0","560","32","592","30","562","2","6","10","374","6","2","5","8","48","9","1","4","50","1","25","5","2","4","29.10.12"
"010751","7","Автономна Республіка Крим","сільський будинок культури, актова зала
пров.Поштовий, 5А, с.Привітне, м.Алушта, Автономна Республіка Крим, 98521","1420","667","1405","58","704","49","753","","0","704","49","753","46","707","3","7","5","431","10","7","4","16","20","9","5","1","147","19","3","8","6","6","29.10.12"
"010752","7","Автономна Республіка Крим","сільський будинок культури, актова зала
вул.Шкільна, 4А, с.Зеленогір’я, м.Алушта, Автономна Республика Крим, 98521","156","47","156","4","105","4","109","","0","105","4","109","7","102","0","5","1","38","1","4","0","0","8","2","0","1","29","8","2","1","0","2","28.10.12"
"010753","7","Автономна Республіка Крим","центральна міська лікарня, актова зала
вул.Партизанська, 13, м.Алушта, Автономна Республіка Крим, 98517","332","142","190","31","159","31","190","","0","159","31","190","8","182","1","9","7","81","4","5","4","10","27","7","1","2","14","0","3","4","0","3","28.10.12"
"011012","7","Автономна Республіка Крим","коледж, зала
вул.Архівна, 6, м.Ялта, Автономна Республіка Крим, 98600","1668","999","1665","29","650","19","669","","0","650","19","669","26","643","2","3","4","331","4","3","7","3","83","7","3","36","56","38","3","7","20","33","29.10.12"
"011013","7","Автономна Республіка Крим","управління праці і соціального захисту, зала
вул.Ломоносова, 27, м.Ялта, Автономна Республіка Крим, 98600","1804","1149","1795","14","645","10","655","","0","645","10","655","28","627","4","0","9","305","1","7","1","4","78","6","4","42","62","56","5","9","9","25","29.10.12"
"011014","7","Автономна Республіка Крим","морський порт, хол
вул.Рузвельта Ф., 5, м.Ялта, Автономна Республіка Крим, 98600","2020","1265","2000","27","737","18","755","","0","737","18","755","29","726","3","1","3","333","0","6","1","1","61","2","2","106","90","57","5","13","9","33","29.10.12"
"011015","7","Автономна Республіка Крим","школа-ліцей №9, зала
вул.Московська, 19, м.Ялта, Автономна Республіка Крим, 98600","1824","1052","1813","39","745","27","772","","0","745","27","772","27","745","4","2","3","391","4","9","1","1","110","7","4","52","57","51","2","10","8","29","29.10.12"
"011016","7","Автономна Республіка Крим","музична школа, зала
вул.Садова, 13, м.Ялта, Автономна Республіка Крим, 98600","2380","1349","2352","55","996","35","1031","","0","996","35","1031","29","1002","8","0","11","521","3","9","3","5","113","12","4","55","120","80","4","12","13","29","29.10.12"
"011017","7","Автономна Республіка Крим","вечірня школа, зала
вул.Київська, 62, м.Ялта, Автономна Республіка Крим, 98600","1832","1101","1812","13","721","10","731","","0","721","10","731","28","703","0","2","2","372","2","10","0","2","93","12","7","31","75","51","1","11","11","21","29.10.12"
"011018","7","Автономна Республіка Крим","школа-колегіум №1, хол
вул.Ленінградська, 49, м.Ялта, Автономна Республіка Крим, 98600","2448","1463","2433","37","959","26","985","","0","959","26","985","33","952","6","1","8","505","4","11","4","6","106","7","4","28","95","90","11","11","14","41","29.10.12"
"011019","7","Автономна Республіка Крим","школа ""Веселка"", зала
вул.Руданського, 45, м.Ялта, Автономна Республіка Крим, 98600","2020","1271","1989","39","714","35","749","","0","714","35","749","30","719","2","0","11","292","1","25","2","4","83","6","4","69","57","112","6","9","7","29","29.10.12"
"011020","7","Автономна Республіка Крим","комерційний технікум, хол
вул.Московська, 51, м.Ялта, Автономна Республіка Крим, 98600","2432","1492","2403","36","920","20","940","","0","920","20","940","33","907","6","1","6","445","6","5","0","3","99","14","10","84","66","98","8","10","12","34","29.10.12"
"011021","7","Автономна Республіка Крим","школа №11, хол
вул.Південнобережне шоссе, 2А, м.Ялта, Автономна Республіка Крим, 98600","2292","1393","2280","34","873","26","899","","0","873","26","899","25","874","4","1","9","351","2","31","3","2","84","6","3","32","64","234","6","4","15","23","29.10.12"
"011022","7","Автономна Республіка Крим","школа №10, хол
вул.Калинникова, 14, м.Ялта, Автономна Республіка Крим, 98600","2264","1355","2250","52","875","34","909","","0","875","34","909","35","874","5","3","11","461","3","12","0","5","96","13","2","56","85","65","5","13","8","31","28.10.12"
"011023","7","Автономна Республіка Крим","школа №8, хол
вул.Казанцева, 9, м.Ялта, Автономна Республіка Крим, 98600","1960","1168","1948","18","775","17","792","","0","775","17","792","23","769","4","1","12","410","0","7","1","4","66","10","6","73","67","42","7","7","18","34","29.10.12"
"011024","7","Автономна Республіка Крим","медичний коледж, зала
вул.Спендіарова імені, 1, м.Ялта, Автономна Республіка Крим, 98600","1984","1115","1986","20","855","14","869","","0","855","14","869","32","837","5","1","11","452","2","8","2","2","106","6","3","36","67","68","3","14","12","39","29.10.12"
"011025","7","Автономна Республіка Крим","дошкільний учбовий заклад №19, зала
вул.Кривошти, 12, м.Ялта, Автономна Республіка Крим, 98600","2420","1381","2400","19","1023","16","1039","","0","1023","16","1039","45","994","4","0","7","526","1","13","1","2","123","11","6","103","70","71","4","8","16","28","28.10.12"
"011026","7","Автономна Республіка Крим","школа тенісу, зала
шосе Південнобережне, 32, м.Ялта, Автономна Республіка Крим, 98600","2416","1494","2389","25","907","15","922","","0","907","15","922","43","879","5","2","6","508","1","12","0","3","82","13","3","34","71","56","3","12","18","50","29.10.12"
"011027","7","Автономна Республіка Крим","інститут ""Магарач"", хол
вул.Кірова, 31, м.Ялта, Автономна Республіка Крим, 98600","1720","1096","1702","17","614","10","624","","0","614","10","624","19","605","2","0","7","255","2","6","2","2","63","13","2","22","95","29","2","8","3","92","29.10.12"
"011028","7","Автономна Республіка Крим","санаторій, клуб
вул.Кірова, 39, м.Ялта, Автономна Республіка Крим, 98600","2116","1417","2087","25","678","21","699","","0","678","21","699","16","683","3","0","5","300","3","5","0","3","62","5","1","17","61","43","4","6","10","155","29.10.12"
"011029","7","Автономна Республіка Крим","школа №6, хол
вул.Боткинська, 6, м.Ялта, Автономна Республіка Крим, 98600","2240","1350","2215","23","872","18","890","","0","872","18","890","30","860","2","3","10","444","3","14","3","2","103","10","1","59","81","68","4","10","10","33","29.10.12"
"011030","7","Автономна Республіка Крим","стоматологічна поліклініка, хол
вул.Грібоєдова, 3, м.Ялта, Автономна Республіка Крим, 98600","2396","1335","2372","27","1040","21","1061","","0","1039","21","1060","50","1010","5","2","10","563","4","12","2","3","118","10","8","55","79","56","4","8","11","60","29.10.12"
"011031","7","Автономна Республіка Крим","школа №2, хол
вул.Червоноармійська, 30, м.Ялта, Автономна Республіка Крим, 98600","2372","1354","2353","43","983","35","1018","","0","983","35","1018","36","982","7","4","5","580","2","13","3","6","101","7","0","25","67","61","7","9","50","35","29.10.12"
"011032","7","Автономна Республіка Крим","санаторій, хол
вул.Щербака, 15, м.Ялта, Автономна Республіка Крим, 98600","2192","1404","2162","14","781","7","788","","0","781","7","788","42","746","3","2","10","411","3","15","2","1","88","4","2","32","68","48","4","12","16","25","29.10.12"
"011033","7","Автономна Республіка Крим","курси цивільної оборони, зала
вул.Червоноармійська, 56, м.Ялта, Автономна Республіка Крим, 98600","2320","1440","2308","27","861","19","880","","0","861","19","880","37","843","2","3","4","460","2","16","3","3","91","11","6","37","86","49","4","15","14","37","29.10.12"
"011034","7","Автономна Республіка Крим","відділення Укртелеком, зала
вул.Суворівська, 10, м.Ялта, Автономна Республіка Крим, 98600","2472","1468","2444","24","989","15","1004","","0","989","15","1004","33","971","8","3","8","523","1","9","2","1","113","9","5","61","85","79","1","11","24","28","29.10.12"
"011035","7","Автономна Республіка Крим","школа мистецтв, зала
вул.Кірова, 113, м.Ялта, Автономна Республіка Крим, 98600","2300","1471","2284","32","800","29","829","","0","800","29","829","29","800","3","1","4","475","2","14","0","3","73","14","4","33","83","48","6","9","12","16","29.10.12"
"011036","7","Автономна Республіка Крим","пологовий будинок, хол
вул.Григор’єва, 36, м.Ялта, Автономна Республіка Крим, 98600","2248","1365","2216","19","870","13","883","","0","870","13","883","20","863","1","2","6","494","3","10","1","3","89","7","3","22","68","66","9","13","21","45","28.10.12"
"011037","7","Автономна Республіка Крим","хол будівлі
вул.Фурмана, 4, м.Ялта, Автономна Республіка Крим, 98600","2408","1491","2394","24","899","18","917","","0","899","18","917","41","876","12","2","7","462","6","14","2","3","119","16","3","19","65","63","5","14","19","45","29.10.12"
"011038","7","Автономна Республіка Крим","КП ЯМР РЕО-1, зала
вул.Червоних партизан, 26, м.Ялта, Автономна Республіка Крим, 98600","1676","1030","1654","16","635","11","646","","0","635","11","646","26","620","1","3","6","325","3","9","0","0","79","6","2","16","69","52","2","7","10","30","29.10.12"
"011039","7","Автономна Республіка Крим","дитячий молодіжний центр, зала
вул.Крупської, 48, м.Ялта, Автономна Республіка Крим, 98600","2412","1482","2401","13","922","8","930","","0","922","8","930","38","892","3","7","6","449","2","7","0","2","94","17","5","24","111","75","6","31","10","43","29.10.12"
"011040","7","Автономна Республіка Крим","школа, актова зала
вул.Алуштинська, 16, смт Краснокам’янка, м.Ялта, Автономна Республіка Крим, 98646","792","411","783","28","357","24","381","","0","357","24","381","22","359","5","4","10","169","1","7","0","3","49","6","3","62","13","12","3","6","1","5","28.10.12"
"011041","7","Автономна Республіка Крим","палац СУУК-СУ, зала
вул.Ленінградська, 41, смт Гурзуф, м.Ялта, Автономна Республіка Крим, 98645","1672","1022","1660","19","636","14","650","","0","636","14","650","32","618","4","0","10","264","7","2","3","2","92","15","5","68","63","34","5","13","16","15","29.10.12"
"011042","7","Автономна Республіка Крим","школа, актова зала
вул.Соловйова, 30, смт Гурзуф, м.Ялта, Автономна Республіка Крим, 98640","1868","989","1849","55","841","38","879","","0","841","38","879","46","833","2","3","13","455","7","10","5","5","93","11","7","34","68","39","4","23","27","27","29.10.12"
"011043","7","Автономна Республіка Крим","будинок культури, хол
вул.Артеківська, 12, смт Гурзуф, м.Ялта, Автономна Республіка Крим, 98640","1720","900","1694","35","801","19","820","","0","801","19","820","35","785","3","1","10","431","2","4","5","2","98","14","3","57","59","42","2","23","14","15","29.10.12"
"011044","7","Автономна Республіка Крим","клуб, хол
вул.Ленінградська, 10, смт Гурзуф, м.Ялта, Автономна Республіка Крим, 98640","1640","945","1611","40","667","28","695","","0","667","28","695","36","659","7","2","5","318","4","14","2","3","101","22","7","28","55","26","7","23","21","14","28.10.12"
"011045","7","Автономна Республіка Крим","адміністративний будинок санаторію, хол
вул.Лісова, 4, с-ще Данилівка, м.Ялта, Автономна Республіка Крим, 98647","412","199","409","8","208","5","213","","0","208","5","213","10","203","2","2","8","103","1","0","0","2","37","3","0","1","25","12","0","0","1","6","29.10.12"
"011046","7","Автономна Республіка Крим","клуб, хол
12А, смт Нікіта, м.Ялта, Автономна Республіка Крим, 98648","1776","927","1779","27","823","26","849","","0","823","26","849","46","803","4","3","14","405","5","16","2","4","90","8","3","49","101","55","2","8","13","21","02.11.12"
"011047","7","Автономна Республіка Крим","клуб, хол
9, смт Восход, м.Ялта, Автономна Республіка Крим, 98652","308","174","299","8","126","8","134","","0","126","8","134","6","128","0","2","1","73","0","2","0","0","18","1","0","3","7","10","1","4","6","0","28.10.12"
"011048","7","Автономна Республіка Крим","пансіонат, актова зала
пансіонат, смт Відрадне, м.Ялта, Автономна Республіка Крим, 98654","488","220","484","5","263","5","268","","0","263","5","268","18","250","0","2","6","119","0","4","0","0","28","4","0","7","42","26","0","5","3","4","28.10.12"
"011049","7","Автономна Республіка Крим","адміністративний будинок, хол
шосе Долоське, 2, смт Совєтське, м.Ялта, Автономна Республіка Крим, 98653","412","188","414","11","216","8","224","","0","216","8","224","8","216","1","1","7","122","3","3","0","1","12","2","0","13","16","23","2","4","5","1","28.10.12"
"011050","7","Автономна Республіка Крим","адміністративний будинок НВАО ""Масандра"", хол
вул.Миру, 6, смт Масандра, м.Ялта, Автономна Республіка Крим, 98650","1936","974","1934","31","936","26","962","","0","936","26","962","29","933","3","2","11","466","2","7","3","2","92","9","0","18","108","145","6","13","26","20","28.10.12"
"011051","7","Автономна Республіка Крим","училище, хол
вул.16 квітня 1944р., 19, смт Масандра, м.Ялта, Автономна Республіка Крим, 98650","2120","1217","2084","13","894","9","903","","0","894","9","903","28","875","2","4","17","450","5","7","2","4","74","15","4","30","110","91","6","13","21","20","28.10.12"
"011052","7","Автономна Республіка Крим","хол будівлі
вул.Винороба Єгорова, 13, смт Масандра, м.Ялта, Автономна Республіка Крим, 98650","1564","894","1543","19","656","14","670","","0","656","14","670","25","645","0","6","34","313","0","11","2","5","80","6","1","16","60","61","4","7","17","22","29.10.12"
"011053","7","Автономна Республіка Крим","санаторій, клуб-їдальня
шосе Бахчисарайське, 4, смт Виноградне, м.Ялта, Автономна Республіка Крим, 98657","1356","456","1323","13","891","9","900","","0","891","9","900","24","876","5","6","7","606","6","14","1","3","60","7","7","14","51","45","5","8","5","26","29.10.12"
"011054","7","Автономна Республіка Крим","санаторій, клуб-їдальня
вул.Батуріна, 6, смт Лівадія, м.Ялта, Автономна Республіка Крим, 98655","780","389","798","11","383","8","391","","0","383","8","391","7","384","3","1","1","246","2","4","0","1","31","7","1","23","24","21","2","5","4","8","29.10.12"
"011055","7","Автономна Республіка Крим","санаторій, клуб-їдальня
вул.Лісова, 6, с-ще Високогірне, м.Ялта, Автономна Республіка Крим, 98600","212","94","223","0","118","0","118","","0","118","0","118","6","112","0","0","0","84","2","0","0","0","9","1","2","2","5","4","1","0","0","2","28.10.12"
"011056","7","Автономна Республіка Крим","хол будинку
42А, смт Ореанда, м.Ялта, Автономна Республіка Крим, 98658","672","153","678","22","500","19","519","","0","500","19","519","17","502","4","2","4","312","3","8","1","4","49","7","2","15","32","21","2","6","8","22","29.10.12"
"011057","7","Автономна Республіка Крим","санаторій, хол
шосе Алупкинське, 4, смт Курпати, м.Ялта, Автономна Республіка Крим, 98659","140","46","138","1","93","1","94","","0","93","1","94","5","89","0","1","1","61","1","1","0","0","3","0","0","0","8","6","0","2","1","4","28.10.12"
"011058","7","Автономна Республіка Крим","санаторій, їдальня
шосе Алупкинське, 13, смт Гаспра, м.Ялта, Автономна Республіка Крим, 98660","1064","558","1042","4","504","2","506","","0","504","2","506","38","468","2","7","17","215","4","15","5","1","54","13","7","15","47","38","4","11","10","3","28.10.12"
"011059","7","Автономна Республіка Крим","школа, актова зала
вул.Маратівська, 14, смт Гаспра, м.Ялта, Автономна Республіка Крим, 98660","1168","648","1183","32","498","22","520","","0","498","22","520","20","500","4","2","5","277","0","7","2","6","79","11","2","7","42","24","3","8","10","11","29.10.12"
"011060","7","Автономна Республіка Крим","бібліотека, зала
вул.ім.М.Горького, 10, смт Гаспра, м.Ялта, Автономна Республіка Крим, 98660","1282","743","1261","2","539","0","539","","0","539","0","539","27","512","5","3","7","320","3","1","0","6","62","9","1","6","34","24","5","6","9","11","28.10.12"
"011061","7","Автономна Республіка Крим","школа, актова зала
вул.Миру, 5, смт Гаспра, м.Ялта, Автономна Республіка Крим, 98660","1776","1020","1759","18","741","15","756","","0","741","15","756","35","721","3","1","11","432","3","5","1","6","92","12","2","14","52","36","5","22","9","15","29.10.12"
"011062","7","Автономна Республіка Крим","санаторій, їдальня
шосе Севастопольське, 8, смт Гаспра, м.Ялта, Автономна Республіка Крим, 98660","1848","1173","1828","11","667","8","675","","0","667","8","675","31","644","5","1","11","384","5","7","3","5","85","8","1","9","60","30","5","11","5","9","29.10.12"
"011063","7","Автономна Республіка Крим","санаторій, камінна зала
шосе Севастопольське, 52, смт Гаспра, м.Ялта, Автономна Республіка Крим, 98660","1368","823","1353","9","539","6","545","","0","539","6","545","18","527","2","1","7","329","0","3","1","4","69","6","2","17","44","20","3","9","4","6","28.10.12"
"011064","7","Автономна Республіка Крим","селищний клуб, хол
шосе Севастопольське, 4, смт Кореїз, м.Ялта, Автономна Республіка Крим, 98670","2436","1543","2422","25","877","16","893","","0","877","16","893","45","848","6","5","14","546","0","7","1","5","88","11","5","15","75","43","0","13","4","10","29.10.12"
"011065","7","Автономна Республіка Крим","санаторій, клуб-їдальня
шосе Алупкинське, 9, смт Кореїз, м.Ялта, Автономна Республіка Крим, 98670","2152","1367","2124","27","766","19","785","","0","766","19","785","27","758","2","1","5","474","5","7","2","4","90","8","3","9","67","48","5","9","9","10","29.10.12"
"011066","7","Автономна Республіка Крим","школа №1, актова зала
вул.ім.Братів Говиріних, 2А, м.Алупка, м.Ялта, Автономна Республіка Крим, 98676","1404","943","1400","35","429","32","461","","0","429","32","461","19","442","1","1","6","220","2","2","0","0","88","2","1","20","49","28","1","7","6","8","29.10.12"
"011067","7","Автономна Республіка Крим","клуб, хол
вул.Амет-Хана Султана, 31, м.Алупка, м.Ялта, Автономна Республіка Крим, 98676","1544","1048","1528","23","476","20","496","","0","476","20","496","15","481","3","1","3","230","2","7","3","5","98","5","0","33","49","19","4","7","3","9","29.10.12"
"011068","7","Автономна Республіка Крим","школа №2, спортивна зала
вул.ім.Леніна, 42, м.Алупка, м.Ялта, Автономна Республіка Крим, 98676","1968","1312","1948","56","600","56","656","","0","600","56","656","21","635","1","5","7","237","2","6","2","7","203","7","3","45","64","25","2","5","9","5","29.10.12"
"011069","7","Автономна Республіка Крим","школа-інтернат, актова зала
вул.ім.Олега Кошового, 1, м.Алупка, м.Ялта, Автономна Республіка Крим, 98676","1676","1060","1665","12","610","6","616","","0","610","6","616","20","596","2","2","10","282","0","5","0","6","130","8","4","23","79","17","2","5","11","10","29.10.12"
"011070","7","Автономна Республіка Крим","клуб смт Сімеїз, зала
вул.Радянська, 46, смт Сімеїз, м.Ялта, Автономна Республіка Крим, 98680","2052","1057","2023","49","950","45","995","","0","950","45","995","32","963","6","3","8","432","6","12","1","2","266","7","1","60","86","30","3","7","11","22","29.10.12"
"011071","7","Автономна Республіка Крим","сільський клуб, хол
вул.Ароматна, 6, смт Голуба Затока, м.Ялта, Автономна Республіка Крим, 98684","416","180","416","5","232","4","236","","0","232","4","236","7","229","1","1","2","146","1","1","0","2","50","1","1","6","10","4","1","1","0","1","28.10.12"
"011072","7","Автономна Республіка Крим","сільська бібліотека, зала
шосе Севастопольське, 33, с.Оползневе, м.Ялта, Автономна Республіка Крим, 98685","352","147","351","10","195","10","205","","0","195","10","205","1","204","0","2","2","84","1","4","0","1","59","0","17","0","9","19","0","2","0","4","28.10.12"
"011073","7","Автономна Республіка Крим","клуб-їдальня, зала
вул.Шулейкіна В.В. Академіка, 13, смт Кацівелі, м.Ялта, Автономна Республіка Крим, 98688","608","257","597","16","337","14","351","","0","337","14","351","13","338","0","2","2","138","2","4","1","0","90","5","3","9","52","13","2","3","7","5","29.10.12"
"011074","7","Автономна Республіка Крим","клуб відпочинку, зала
шосе Паркове, 2, смт Паркове, м.Ялта, Автономна Республіка Крим, 98683","324","113","317","8","204","7","211","","0","204","7","211","11","200","1","0","2","93","0","3","0","1","48","1","1","4","25","8","3","4","3","3","28.10.12"
"011075","7","Автономна Республіка Крим","клуб-столова, зала
клуб-столова, смт Берегове, м.Ялта, Автономна Республіка Крим, 98687","304","124","300","7","174","6","180","","0","174","6","180","6","174","1","2","1","98","1","2","1","2","29","1","2","2","19","3","2","2","2","4","29.10.12"
"011076","7","Автономна Республіка Крим","клуб, зала
вул.Гагаріна, 3, смт Санаторне, м.Ялта, Автономна Республіка Крим, 98692","236","117","233","6","113","6","119","","0","113","6","119","6","113","1","0","3","62","2","1","0","2","11","4","0","4","8","5","0","6","0","4","28.10.12"
"011077","7","Автономна Республіка Крим","школа, зала
вул.Терлецького, 17, смт Форос, м.Ялта, Автономна Республіка Крим, 98690","1428","724","1405","20","688","16","704","","0","688","16","704","32","672","3","2","10","316","2","5","2","5","115","15","4","25","75","37","8","11","11","26","28.10.12"
"011078","7","Автономна Республіка Крим","клуб, зала
вул.Жовтнева, 4, с-ще Олива, м.Ялта, Автономна Республіка Крим, 98691","284","120","288","3","161","3","164","","0","161","3","164","6","158","1","0","1","95","0","1","1","0","19","7","0","2","12","10","2","4","1","2","28.10.12"
"011079","7","Автономна Республіка Крим","Ялтинська міська лікарня, хол
шосе Севастопольське, 2, смт Лівадія, м.Ялта, Автономна Республіка Крим, 98600","204","48","177","140","35","121","156","","0","35","121","156","2","154","0","0","4","109","0","6","0","0","8","2","1","4","7","5","0","1","4","3","29.10.12"
