"№ ВД","OBO","Назва регіону України","Місцезнаходження та адреса приміщення для голосування","1) К-сть одержаних бюлетенів","2) К-сть невикористаних бюлетенів","3) К-сть виборців, внесених до списку виборців","4) К-сть виборців, внесених до витягу зі списку виборців","5) К-сть виборців, які отримали бюлетені у приміщенні","6) К-сть виборців, які отримали за місцем перебування","7) Сумарна к-сть виборців, які отримали бюлетені","8) К-сть бюлетенів, що виявилися у кожній скринці","9) К-сть бюлетенів, що не підлягають врахуванню","10) К-сть виборців, які взяли участь у голос. у приміщенні для гол.","11) К-сть виборців, які взяли участь у голос. за місцем перебування","12) К-сть виборців, які взяли участь у голосуванні на виборчій дільниці","13) К-сть бюлетенів, визнаних недійсними","14) Сумарна к-сть голосів виборців ЗА","Вознюк
Юрій
Володимирович","Заєць
Іван
Олександрович","Лебедюк
Назарій
Віталійович","Музичко
Олександр
Іванович","Нікішин
Олександр
Олександрович","Хахльов
Олексій
Володимирович","Шавурський
Валентин
Броніславович","Юхименко
Анатолій
Олексійович","Дата підписання протоколу"
"560105","153","Рівненська область","школа, фойє
вул.Радянська, 4, смт Гоща, Гощанський р-н, Рівненська обл., 35400","2136","842","2102","19","1275","19","1294","","0","1275","19","1294","45","1249","629","87","8","6","6","100","46","367","29.10.12"
"560106","153","Рівненська область","ДЮСШ, фойє
вул.Незалежності, 9, смт Гоща, Гощанський р-н, Рівненська обл., 35400","1968","808","1921","22","1138","22","1160","","0","1138","22","1160","42","1118","625","76","12","11","4","103","38","249","29.10.12"
"560107","153","Рівненська область","клуб, актовий зал
вул.Паркова, 2А, с.Бабин, Гощанський р-н, Рівненська обл., 35431","1832","766","1811","46","1030","36","1066","","0","1030","36","1066","41","1025","514","79","9","6","4","127","33","253","29.10.12"
"560108","153","Рівненська область","клуб, актовий зал
вул.Шевченка, 19А, с.Підліски, Гощанський р-н, Рівненська обл., 35432","208","78","198","3","128","2","130","","0","128","2","130","7","123","37","3","2","1","1","53","1","25","28.10.12"
"560109","153","Рівненська область","клуб, актовий зал
вул.В.Клімчука, 60А, с.Бочаниця, Гощанський р-н, Рівненська обл., 35409","784","338","771","11","437","9","446","","0","437","9","446","16","430","153","18","2","4","5","82","7","159","29.10.12"
"560110","153","Рівненська область","агротехнічний ліцей, кабінет іноземної мови
вул.Шкільна, 15, с.Бугрин, Гощанський р-н, Рівненська обл., 35442","1456","570","1438","64","830","56","886","","0","830","56","886","12","874","436","64","5","8","0","104","18","239","29.10.12"
"560111","153","Рівненська область","школа, кабінет фізичної підготовки
вул.Шкільна, 8А, с.Угільці, Гощанський р-н, Рівненська обл., 35442","328","97","323","19","216","15","231","","0","216","15","231","5","226","134","4","1","2","2","38","1","44","29.10.12"
"560112","153","Рівненська область","школа, класна кімната
вул.Шевченківська, 10, с.Новоставці, Гощанський р-н, Рівненська обл., 35443","336","117","331","25","202","17","219","","0","202","17","219","5","214","80","28","2","0","3","41","2","58","29.10.12"
"560113","153","Рівненська область","школа, кабінет початкових класів
вул.О.Євтушенка, 33, с.Вільгір, Гощанський р-н, Рівненська обл., 35444","544","185","548","33","331","28","359","","0","331","28","359","7","352","216","25","0","0","0","59","2","50","29.10.12"
"560114","153","Рівненська область","школа, фойє
вул.Молодіжна, 27, с.Воскодави, Гощанський р-н, Рівненська обл., 35423","512","144","507","11","358","10","368","","0","358","10","368","10","358","151","18","6","3","2","78","5","95","29.10.12"
"560115","153","Рівненська область","центр народної творчості та дозвіллєвої роботи, фойє
вул.Шкільна, 15, с.Горбаків, Гощанський р-н, Рівненська обл., 35433","1520","666","1507","17","837","17","854","","0","837","17","854","37","817","447","70","15","13","7","102","29","134","29.10.12"
"560116","153","Рівненська область","школа, фойє
вул.Гудкова, 102А, с.Дорогобуж, Гощанський р-н, Рівненська обл., 35434","496","207","484","5","289","0","289","","0","289","0","289","10","279","133","20","3","1","1","48","10","63","29.10.12"
"560117","153","Рівненська область","школа, актовий зал
вул.Центральна, 7, с.Іллін, Гощанський р-н, Рівненська обл., 35465","376","109","370","5","262","5","267","","0","262","5","267","3","264","171","7","3","2","1","49","4","27","29.10.12"
"560118","153","Рівненська область","школа, вчительська
вул.40-річчя Перемоги, 45, с.Мнишин, Гощанський р-н, Рівненська обл., 35472","400","107","397","35","264","29","293","","0","264","29","293","11","282","144","27","1","3","2","47","2","56","29.10.12"
"560119","153","Рівненська область","клуб, службова кімната
вул.Набережна, 44А, с.Подоляни, Гощанський р-н, Рівненська обл., 35434","136","41","130","4","91","4","95","","0","91","4","95","3","92","39","5","1","0","0","23","1","23","29.10.12"
"560120","153","Рівненська область","клуб, актовий зал
вул.Центральна, 6А, с.Томахів, Гощанський р-н, Рівненська обл., 35435","360","130","361","4","226","4","230","","0","226","4","230","9","221","150","12","4","3","2","12","1","37","29.10.12"
"560121","153","Рівненська область","школа, класна кімната
вул.Шкільна, 2А, с.Микулин, Гощанський р-н, Рівненська обл., 35471","312","110","306","24","184","18","202","","0","184","18","202","4","198","95","6","3","0","0","36","1","57","29.10.12"
"560122","153","Рівненська область","клуб, актовий зал
вул.Мирна, 4А, с.Дроздів, Гощанський р-н, Рівненська обл., 35416","272","67","264","27","182","23","205","","0","182","23","205","6","199","91","23","1","0","0","34","6","44","29.10.12"
"560123","153","Рівненська область","ФАП, оглядовий кабінет
вул.Мирна, 19, с.Горбів, Гощанський р-н, Рівненська обл., 35416","184","60","179","17","109","15","124","","0","109","15","124","4","120","45","4","1","0","0","21","0","49","29.10.12"
"560124","153","Рівненська область","клуб, фойє
вул.Шевченка, 26, с.Дуліби, Гощанський р-н, Рівненська обл., 35463","192","63","187","11","121","8","129","","0","121","8","129","7","122","44","2","1","0","0","51","1","23","28.10.12"
"560125","153","Рівненська область","клуб, актовий зал
вул.М.Дацюка, 16, с.Жаврів, Гощанський р-н, Рівненська обл., 35454","488","149","487","36","307","32","339","","0","307","32","339","11","328","110","14","2","1","2","119","5","75","29.10.12"
"560126","153","Рівненська область","ФАП, фойє
вул.Мирна, 3А, с.Витків, Гощанський р-н, Рівненська обл., 35461","264","70","253","19","176","18","194","","0","176","18","194","8","186","101","10","3","1","2","19","4","46","28.10.12"
"560127","153","Рівненська область","ФАП, фойє
вул.Шевченка, 19А, с.Красносілля, Гощанський р-н, Рівненська обл., 35424","408","115","408","13","282","11","293","","0","282","11","293","6","287","135","16","0","2","1","45","2","86","29.10.12"
"560128","153","Рівненська область","центр народної творчості та дозвіллєвої роботи, фойє
вул.Перемоги, 9, с.Чудниця, Гощанський р-н, Рівненська обл., 35425","424","135","421","10","279","10","289","","0","279","10","289","12","277","112","19","3","1","0","61","19","62","29.10.12"
"560129","153","Рівненська область","сільська рада, зал засідань
вул.Шевченка, 26А, с.Кринички, Гощанський р-н, Рівненська обл., 35410","160","42","160","13","105","13","118","","0","105","13","118","2","116","51","12","1","2","2","15","3","30","28.10.12"
"560130","153","Рівненська область","клуб, актовий зал
вул.Центральна, 50А, с.Річиця, Гощанський р-н, Рівненська обл., 35473","384","131","379","53","204","49","253","","0","204","49","253","6","247","88","12","3","9","0","39","4","92","29.10.12"
"560131","153","Рівненська область","школа, спортзал
вул.Радянська, 7А, с.Курозвани, Гощанський р-н, Рівненська обл., 35451","888","297","874","26","566","25","591","","0","566","25","591","21","570","293","21","3","6","2","72","8","165","29.10.12"
"560132","153","Рівненська область","школа, спортивна кімната
вул.М.Вершила, 53А, с.Андрусіїв, Гощанський р-н, Рівненська обл., 35421","424","192","415","25","214","18","232","","0","214","18","232","6","226","96","12","1","2","1","18","4","92","29.10.12"
"560133","153","Рівненська область","школа, класна кімната
вул.М.Грушевського, 46А, с.Вовкошів, Гощанський р-н, Рівненська обл., 35420","264","99","258","19","149","16","165","","0","149","16","165","12","153","93","14","0","0","0","25","1","20","29.10.12"
"560134","153","Рівненська область","сільська рада, актовий зал
вул.Миру, 2, с.Липки, Гощанський р-н, Рівненська обл., 35420","312","102","307","29","184","26","210","","0","184","26","210","6","204","60","10","0","1","1","39","6","87","29.10.12"
"560135","153","Рівненська область","клуб, фойє
вул.Шкільна, 14, с.Майків, Гощанський р-н, Рівненська обл., 35453","432","158","431","36","244","30","274","","0","244","30","274","13","261","104","20","4","5","1","56","15","56","29.10.12"
"560136","153","Рівненська область","школа, фойє
вул.Шкільна, 150, с.Малинівка, Гощанський р-н, Рівненська обл., 35422","496","192","488","19","290","14","304","","0","290","14","304","19","285","129","27","3","1","2","42","7","74","29.10.12"
"560137","153","Рівненська область","ФАП, кабінет оглядовий
вул.Зелена, 1А, с.Воронів, Гощанський р-н, Рівненська обл., 35422","128","42","120","3","83","3","86","","0","83","3","86","4","82","36","3","1","2","0","13","2","25","29.10.12"
"560138","153","Рівненська область","сільська рада, кабінет голови сільської ради
вул.Шевченка, 2А, с.Малятин, Гощанський р-н, Рівненська обл., 35413","336","119","324","1","216","1","217","","0","216","1","217","8","209","101","6","0","1","1","17","12","71","29.10.12"
"560139","153","Рівненська область","клуб, актовий зал
вул.Лісова, 17А, с.Матіївка, Гощанський р-н, Рівненська обл., 35414","144","44","137","4","97","3","100","","0","97","3","100","6","94","50","3","0","0","0","4","1","36","28.10.12"
"560140","153","Рівненська область","школа, фойє
вул.Лісова, 19, с.Малятин, Гощанський р-н, Рівненська обл., 35413","272","95","272","4","173","4","177","","0","173","4","177","10","167","86","13","1","1","2","20","3","41","29.10.12"
"560141","153","Рівненська область","школа, класна кімната
вул.Бочаницька, 19А, с.М’ятин, Гощанський р-н, Рівненська обл., 35440","248","54","245","27","169","25","194","","0","169","25","194","3","191","89","10","0","2","0","27","1","62","29.10.12"
"560142","153","Рівненська область","клуб, малий зал
вул.Центральна, 21, с.Посягва, Гощанський р-н, Рівненська обл., 35440","336","110","326","32","197","29","226","","0","197","29","226","7","219","106","11","1","2","1","32","3","63","29.10.12"
"560143","153","Рівненська область","ФАП, оглядовий кабінет
вул.Молодіжна, 39А, с.Сергіївка, Гощанський р-н, Рівненська обл., 35440","224","58","220","24","144","22","166","","0","144","22","166","2","164","75","4","3","0","1","32","1","48","29.10.12"
"560144","153","Рівненська область","центр народної творчості та дозвіллєвої роботи, актовий зал
вул.Центральна, 44Б, с.Русивель, Гощанський р-н, Рівненська обл., 35452","504","211","497","14","279","14","293","","0","279","14","293","14","279","108","12","1","5","4","62","7","80","29.10.12"
"560145","153","Рівненська область","ФАП, кабінет завідуючого
вул.Л.Українки, 46Б, с.Пашуки, Гощанський р-н, Рівненська обл., 35452","152","47","149","9","96","9","105","","0","96","9","105","4","101","48","1","0","0","0","16","1","35","28.10.12"
"560146","153","Рівненська область","школа, спортзал
вул.Радянська, 11А, с.Рясники, Гощанський р-н, Рівненська обл., 35430","512","189","504","31","294","29","323","","0","294","29","323","16","307","109","23","0","4","1","63","7","100","29.10.12"
"560147","153","Рівненська область","школа, фізичний клас
вул.Шкільна, 41, с.Дмитрівка, Гощанський р-н, Рівненська обл., 35462","296","96","290","10","190","10","200","","0","190","10","200","9","191","72","10","1","1","1","49","3","54","30.10.12"
"560148","153","Рівненська область","школа, фойє
вул.Шкільна, 4, с.Садове, Гощанський р-н, Рівненська обл., 35411","376","166","369","8","202","8","210","","0","202","8","210","13","197","87","10","3","0","0","30","5","62","28.10.12"
"560149","153","Рівненська область","ФАП, кабінет оглядовий
вул.Центральна, 3, с.Люцинів, Гощанський р-н, Рівненська обл., 35466","144","50","144","21","77","17","94","","0","77","17","94","7","87","35","2","0","1","0","21","1","27","29.10.12"
"560150","153","Рівненська область","центр народної творчості та дозвіллєвої роботи, великий зал
вул.Юзикевичів, 1А, с.Симонів, Гощанський р-н, Рівненська обл., 35408","992","321","973","63","611","60","671","","0","611","60","671","27","644","397","35","7","6","3","70","8","118","29.10.12"
"560151","153","Рівненська область","сільська рада, кабінет діловода
вул.Вишнева, 11, с.Франівка, Гощанський р-н, Рівненська обл., 35408","784","235","785","58","501","48","549","","0","501","48","549","28","521","326","20","2","10","2","47","13","101","29.10.12"
"560152","153","Рівненська область","сільська рада, обрядовий зал
вул.Вишнева, 1, с.Синів, Гощанський р-н, Рівненська обл., 35426","648","219","640","36","397","32","429","","0","397","32","429","15","414","244","18","4","1","0","39","1","107","29.10.12"
"560153","153","Рівненська область","клуб, фойє
вул.17 Вересня, 80А, с.Терентіїв, Гощанський р-н, Рівненська обл., 35474","280","108","276","11","161","11","172","","0","161","11","172","5","167","73","11","0","0","0","6","5","72","29.10.12"
"560154","153","Рівненська область","центр народної творчості та дозвіллєвої роботи, фойє
вул.Першотравнева, 1, с.Тучин, Гощанський р-н, Рівненська обл., 35415","1800","698","1762","107","1016","86","1102","","0","1016","86","1102","60","1042","521","96","14","10","3","127","34","237","29.10.12"
"560155","153","Рівненська область","ФАП, оглядова кімната
вул.Будьонного, 81, с.Полівці, Гощанський р-н, Рівненська обл., 35415","200","61","194","23","117","22","139","","0","117","22","139","3","136","74","15","1","0","0","22","2","22","29.10.12"
"560156","153","Рівненська область","центр народної творчості та дозвіллєвої роботи, фойє
вул.Шевченка, 7, с.Федорівка, Гощанський р-н, Рівненська обл., 35450","480","129","473","20","332","19","351","","0","332","19","351","14","337","168","29","0","6","1","55","7","71","29.10.12"
"560403","153","Рівненська область","школа №3, вестибюль
вул.Київська, 26, м.Корець, Корецький р-н, Рівненська обл., 34700","2264","1037","2251","24","1209","18","1227","","0","1209","18","1227","39","1188","613","82","5","11","8","151","62","256","29.10.12"
"560404","153","Рівненська область","будинок культури, танцювальна зала
вул.Київська, 65, м.Корець, Корецький р-н, Рівненська обл., 34700","2208","964","2171","26","1223","21","1244","","0","1223","21","1244","72","1172","632","76","8","6","6","114","39","291","29.10.12"
"560405","153","Рівненська область","лікарня, велика актова зала
вул.Володимирська, 14А, м.Корець, Корецький р-н, Рівненська обл., 34700","1976","919","1956","39","1031","26","1057","","0","1031","26","1057","42","1015","574","74","8","2","3","89","20","245","29.10.12"
"560406","153","Рівненська область","будинок культури, танцювальна зала
вул.Центральна, 27, с.Бриків, Корецький р-н, Рівненська обл., 34743","320","99","322","16","207","14","221","","0","207","14","221","3","218","64","2","0","1","1","24","1","125","28.10.12"
"560407","153","Рівненська область","клуб, танцювальна зала
вул.Центральна, 1, с.Черниця, Корецький р-н, Рівненська обл., 34743","480","149","470","30","302","29","331","","0","302","29","331","9","322","79","11","2","0","1","30","3","196","28.10.12"
"560408","153","Рівненська область","школа, спортивна зала
вул.Центральна, 1, с.Богданівка, Корецький р-н, Рівненська обл., 34743","432","95","427","24","315","22","337","","0","315","22","337","4","333","56","8","2","0","0","23","1","243","29.10.12"
"560409","153","Рівненська область","будинок культури, танцювальна зала
вул.Корецька, 66, с.Весняне, Корецький р-н, Рівненська обл., 34713","600","198","603","18","389","13","402","","0","389","13","402","16","386","141","23","6","6","0","79","3","128","29.10.12"
"560410","153","Рівненська область","школа, фойє
вул.Центральна, 5, с.Велика Клецька, Корецький р-н, Рівненська обл., 34711","424","113","420","37","274","37","311","","0","274","37","311","10","301","74","2","0","0","1","85","6","133","29.10.12"
"560411","153","Рівненська область","клуб, танцювальна зала
вул.Зелена, 13, с.Топча, Корецький р-н, Рівненська обл., 34712","128","26","129","19","86","16","102","","0","86","16","102","2","100","31","5","0","0","0","25","4","35","29.10.12"
"560412","153","Рівненська область","школа-гімназія, кабінет біології
вул.Шкільна, 1, с.Великі Межирічі, Корецький р-н, Рівненська обл., 34725","1592","642","1562","77","877","73","950","","0","877","73","950","34","916","330","73","3","3","2","118","21","366","29.10.12"
"560413","153","Рівненська область","бібліотека, читальна зала
вул.Шевченка, 35Б, с.Застав’я, Корецький р-н, Рівненська обл., 34725","384","128","375","33","228","28","256","","0","228","28","256","8","248","125","17","1","0","0","32","0","73","28.10.12"
"560414","153","Рівненська область","Школа, класна кімната
вул.Церковна, 31Б, с.Дивень, Корецький р-н, Рівненська обл., 34726","360","141","360","48","175","44","219","","0","175","44","219","5","214","60","20","1","6","0","36","1","90","29.10.12"
"560415","153","Рівненська область","клуб, концертна зала
вул.Шкільна, 35А, с.Колодіївка, Корецький р-н, Рівненська обл., 34725","184","33","179","17","136","15","151","","0","136","15","151","5","146","59","6","0","1","0","11","3","66","29.10.12"
"560416","153","Рівненська область","школа, спортивна зала
вул.Перемоги, 43, с.Гвіздів, Корецький р-н, Рівненська обл., 34706","848","333","828","34","482","33","515","","0","482","33","515","13","502","254","18","0","5","2","50","7","166","28.10.12"
"560417","153","Рівненська область","будинок культури, велика танцювальна зала
вул.Центральна, 2, с.Головниця, Корецький р-н, Рівненська обл., 34742","896","318","888","30","551","27","578","","0","551","27","578","22","556","267","41","4","1","1","66","9","167","29.10.12"
"560418","153","Рівненська область","школа, фойє
вул.Центральна, 18В, с.Калинівка, Корецький р-н, Рівненська обл., 34742","392","167","393","25","204","21","225","","0","204","21","225","5","220","80","6","0","3","0","21","3","107","29.10.12"
"560419","153","Рівненська область","клуб, танцювальна зала
вул.Шевченка, 55, с.Даничів, Корецький р-н, Рівненська обл., 34741","544","183","537","49","315","46","361","","0","315","46","361","7","354","155","17","2","2","1","69","5","103","29.10.12"
"560420","153","Рівненська область","школа, кл.2
вул.Шкільна, 8, с.Жадківка, Корецький р-н, Рівненська обл., 34707","640","245","632","17","380","15","395","","0","380","15","395","17","378","214","19","2","4","0","54","12","73","29.10.12"
"560421","153","Рівненська область","клуб, фойє
вул.Миру, 24, с.Старий Корець, Корецький р-н, Рівненська обл., 34708","528","290","517","26","217","21","238","","0","217","21","238","9","229","77","9","2","2","1","67","1","70","29.10.12"
"560422","153","Рівненська область","клуб, зала урочистих подій
вул.Центральна, 13А, с.Залізниця, Корецький р-н, Рівненська обл., 37424","328","91","327","23","218","19","237","","0","218","19","237","4","233","90","0","0","0","1","78","2","62","29.10.12"
"560423","153","Рівненська область","клуб, танцювальна зала
вул.Центральна, 12А, с.Іванівка, Корецький р-н, Рівненська обл., 34731","488","187","478","24","282","19","301","","0","282","19","301","10","291","30","5","1","1","0","11","3","240","29.10.12"
"560424","153","Рівненська область","сільська рада, зала засідань
вул.Центральна, 53, с.Коловерти, Корецький р-н, Рівненська обл., 34722","360","103","356","26","233","24","257","","0","233","24","257","7","250","64","5","3","0","0","45","8","125","28.10.12"
"560425","153","Рівненська область","будинок культури, танцювальна зала
вул.Київська, 18, с.Користь, Корецький р-н, Рівненська обл., 34740","1080","405","1074","71","609","66","675","","0","609","66","675","27","648","199","46","5","3","1","57","30","307","29.10.12"
"560426","153","Рівненська область","будинок культури, танцювальна зала
вул.Камінського, 87, с.Крилів, Корецький р-н, Рівненська обл., 34746","1064","374","1043","50","645","45","690","","0","645","45","690","23","667","163","23","3","1","4","111","7","355","29.10.12"
"560427","153","Рівненська область","клуб, танцювальна зала
вул.Чапаєва, 11, с.Морозівка, Корецький р-н, Рівненська обл., 34709","904","326","886","10","569","9","578","","0","569","9","578","22","556","158","25","2","1","1","100","16","253","28.10.12"
"560428","153","Рівненська область","школа, кл.10
вул.Грушевського, 2, с.Невірків, Корецький р-н, Рівненська обл., 34721","728","298","711","108","329","101","430","","0","329","101","430","7","423","162","30","2","9","2","63","7","148","29.10.12"
"560429","153","Рівненська область","школа, кл.2
вул.Лесі Українки, 1, с.Жорнівка, Корецький р-н, Рівненська обл., 34721","128","33","126","19","76","19","95","","0","76","19","95","2","93","20","10","0","3","1","22","1","36","29.10.12"
"560430","153","Рівненська область","клуб, танцювальна зала
вул.Незалежності, 1Б, с.Новий Корець, Корецький р-н, Рівненська обл., 34705","1752","723","1727","20","1010","19","1029","","0","1010","19","1029","59","970","471","50","6","8","10","117","27","281","29.10.12"
"560431","153","Рівненська область","школа, фойє
вул.Шевченка, 8А, с.Річки, Корецький р-н, Рівненська обл., 34745","624","218","620","14","392","14","406","","0","392","14","406","8","398","231","5","0","1","1","59","8","93","29.10.12"
"560432","153","Рівненська область","школа, фойє
вул.Шевченка, 5, с.Копитів, Корецький р-н, Рівненська обл., 34745","480","181","468","23","276","23","299","","0","276","23","299","11","288","160","14","4","1","2","64","1","42","29.10.12"
"560433","153","Рівненська область","будинок культури, фойє
вул.Центральна, 3А, с.Самостріли, Корецький р-н, Рівненська обл., 34732","344","125","327","30","191","28","219","","0","191","28","219","3","216","58","42","1","0","1","24","2","88","29.10.12"
"560434","153","Рівненська область","школа, фойє
вул.Шкільна, 48, с.Городище, Корецький р-н, Рівненська обл., 34732","248","97","243","24","131","20","151","","0","131","20","151","2","149","68","14","0","1","1","15","2","48","29.10.12"
"560435","153","Рівненська область","школа, спортивна зала
вул.Шкільна, 2, с.Сапожин, Корецький р-н, Рівненська обл., 34733","440","131","433","50","268","41","309","","0","268","41","309","11","298","95","4","2","1","1","21","1","173","29.10.12"
"560436","153","Рівненська область","школа, актова зала
вул.Шевченка, 2, с.Світанок, Корецький р-н, Рівненська обл., 34730","560","217","544","32","316","27","343","","0","316","27","343","15","328","141","11","1","3","0","37","3","132","29.10.12"
"560437","153","Рівненська область","ФАП, кабінет фельдшера
вул.Грушевського, 13, с.Бранів, Корецький р-н, Рівненська обл., 34730","144","56","144","12","77","11","88","","0","77","11","88","3","85","51","2","0","0","0","3","0","29","29.10.12"
"560438","153","Рівненська область","школа, фойє
вул.Шкільна, 3, с.Стовпин, Корецький р-н, Рівненська обл., 34731","440","183","434","11","247","10","257","","0","247","10","257","6","251","89","10","1","0","0","29","3","119","29.10.12"
"560439","153","Рівненська область","школа, фойє
вул.Вишнева, 20, с.Сторожів, Корецький р-н, Рівненська обл., 34714","448","153","438","22","274","21","295","","0","274","21","295","16","279","107","22","0","2","1","48","1","98","29.10.12"
"560440","153","Рівненська область","клуб, танцювальна зала
вул.Шевченка, 58, с.Устя, Корецький р-н, Рівненська обл., 34710","504","150","502","26","329","25","354","","0","329","25","354","17","337","99","13","0","3","2","86","5","129","29.10.12"
"560441","153","Рівненська область","школа, фойє
вул.Шевченка, 13, с.Франкопіль, Корецький р-н, Рівненська обл., 34710","112","33","104","9","71","8","79","","0","71","8","79","1","78","29","5","0","0","0","10","1","33","29.10.12"
"560442","153","Рівненська область","школа, фойє
вул.Шевченка, 26, с.Дерманка, Корецький р-н, Рівненська обл., 34710","128","44","119","13","71","13","84","","0","71","13","84","1","83","15","2","0","0","0","3","0","63","29.10.12"
"560443","153","Рівненська область","сільська рада, великий зал
вул.Шкільна, 1, с.Харалуг, Корецький р-н, Рівненська обл., 34723","264","60","256","22","182","22","204","","0","182","22","204","0","204","45","2","0","2","0","8","0","147","29.10.12"
"560444","153","Рівненська область","Будинок культури, кімната засідень та ігрова кімната
вул.Центральна, 34, с.Щекичин, Корецький р-н, Рівненська обл., 34720","568","235","555","41","297","36","333","","0","297","36","333","15","318","113","24","4","2","2","64","3","106","28.10.12"
"560445","153","Рівненська область","клуб, танцювальна зала
вул.Набережна, 11, с.Мала Совпа, Корецький р-н, Рівненська обл., 34753","320","153","315","18","157","10","167","","0","157","10","167","14","153","61","6","0","1","0","34","2","49","28.10.12"
"560569","153","Рівненська область","сільська рада, зала засідань
вул.Центральна, 47, с.Білашів, Острозький р-н, Рівненська обл., 35842","536","192","527","35","311","33","344","","0","311","33","344","10","334","146","33","5","3","1","39","35","72","29.10.12"
"560570","153","Рівненська область","сільський клуб, фойє
вул.Шевченка, 34А, с.Точевики, Острозький р-н, Рівненська обл., 35842","232","83","223","10","141","8","149","","0","141","8","149","8","141","59","9","0","0","0","7","12","54","29.10.12"
"560571","153","Рівненська область","сільська рада, актова зала
вул.1 Травня, 1, с.Бухарів, Острозький р-н, Рівненська обл., 35811","352","131","348","19","204","17","221","","0","204","17","221","10","211","89","19","5","0","2","16","3","77","29.10.12"
"560572","153","Рівненська область","сільський клуб, танцювальна зала
вул.Шкільна, 1А, с.Михалківці, Острозький р-н, Рівненська обл., 35811","152","38","148","5","109","5","114","","0","109","5","114","7","107","54","5","1","0","0","14","0","33","29.10.12"
"560573","153","Рівненська область","школа, фойє
вул.Шевченка, 2, с.Вельбівно, Острозький р-н, Рівненська обл., 35809","1240","487","1228","46","710","43","753","","0","709","43","752","36","716","274","41","3","4","8","67","14","305","29.10.12"
"560574","153","Рівненська область","школа, навчальний каб.2
вул.Механізаторів, 1, с.Бадівка, Острозький р-н, Рівненська обл., 35809","264","85","259","16","165","14","179","","0","165","14","179","1","178","76","13","0","1","1","31","2","54","29.10.12"
"560575","153","Рівненська область","школа, спортивна зала
вул.Центральна, 75, с.Вілія, Острозький р-н, Рівненська обл., 35852","432","138","427","22","272","22","294","","0","272","22","294","11","283","79","12","1","0","0","29","6","156","30.10.12"
"560576","153","Рівненська область","будинок культури, фойє
вул.Миру, 2А, с.Верхів, Острозький р-н, Рівненська обл., 35825","536","172","530","12","353","11","364","","0","353","11","364","12","352","155","26","7","0","3","38","6","117","29.10.12"
"560577","153","Рівненська область","сільська рада, зала урочистих подій
вул.Центральна, 80, с.Грем’яче, Острозький р-н, Рівненська обл., 35841","816","291","799","22","508","17","525","","0","508","17","525","24","501","275","70","5","2","0","54","13","82","29.10.12"
"560578","153","Рівненська область","будинок культури, фойє
вул.Набережна, 1, с.Грозів, Острозький р-н, Рівненська обл., 35841","576","180","565","22","374","22","396","","0","374","22","396","19","377","137","71","5","0","2","45","4","113","28.10.12"
"560579","153","Рівненська область","будинок культури, актова зала
вул.Центральна, 32А, с.Кутянка, Острозький р-н, Рівненська обл., 35850","360","88","353","12","260","12","272","","0","260","12","272","10","262","85","21","2","0","0","46","4","104","29.10.12"
"560580","153","Рівненська область","школа, клас №1
вул.Планова, 1А, с.Болотківці, Острозький р-н, Рівненська обл., 35861","376","121","367","12","243","12","255","","0","243","12","255","11","244","68","37","6","2","1","26","7","97","29.10.12"
"560581","153","Рівненська область","сільський клуб, актова зала
вул.Андреєва, 52А, с.Ілляшівка, Острозький р-н, Рівненська обл., 35850","128","30","124","12","86","12","98","","0","86","12","98","0","98","21","19","0","0","0","21","1","36","29.10.12"
"560582","153","Рівненська область","будинок культури, танцювальна зала
вул.Вигін, 1, с.Межиріч, Острозький р-н, Рівненська обл., 35808","1184","423","1170","6","755","6","761","","0","755","6","761","32","729","263","70","1","2","5","197","19","172","29.10.12"
"560583","153","Рівненська область","школа, спортивна кім.1
вул.Велика Слобідка, 91, с.Слобідка, Острозький р-н, Рівненська обл., 35808","408","144","402","8","256","8","264","","0","256","8","264","9","255","116","5","2","1","0","54","11","66","29.10.12"
"560584","153","Рівненська область","сільський клуб, танцювальна зала
вул.Шевченка, 71, с.Милятин, Острозький р-н, Рівненська обл., 35830","448","139","436","29","282","27","309","","0","282","27","309","4","305","141","16","1","1","1","38","1","106","29.10.12"
"560585","153","Рівненська область","сільський клуб, танцювальна зала
вул.Центральна, 75, с.Могиляни, Острозький р-н, Рівненська обл., 35832","1304","559","1279","61","688","57","745","","0","688","57","745","23","722","478","21","6","3","2","54","4","154","29.10.12"
"560586","153","Рівненська область","будинок культури, танцювальна зала
вул.Шевченка, 2А, с.Мощаниця, Острозький р-н, Рівненська обл., 35833","816","313","797","10","493","10","503","","0","493","10","503","32","471","213","35","4","8","1","76","3","131","29.10.12"
"560587","153","Рівненська область","школа, класний кабінет
вул.Шевченка, 1А, с.Волосківці, Острозький р-н, Рівненська обл., 35832","256","50","259","25","185","21","206","","0","185","21","206","6","200","106","11","3","5","3","35","3","34","29.10.12"
"560588","153","Рівненська область","сільський клуб, танцювальна зала
вул.Шевченка, 1А, с.Кургани, Острозький р-н, Рівненська обл., 35832","272","98","263","4","170","4","174","","0","170","4","174","4","170","82","5","1","0","1","29","3","49","29.10.12"
"560589","153","Рівненська область","сільський клуб, великий зал
вул.Ювілейна, 3, с.Новомалин, Острозький р-н, Рівненська обл., 35843","496","180","491","19","297","19","316","","0","297","19","316","10","306","82","24","4","0","0","53","14","129","29.10.12"
"560590","153","Рівненська область","фельдшерсько-акушерський пункт, процедурна
вул.Жовтнева, 9, с.Лючин, Острозький р-н, Рівненська обл., 35843","336","143","326","6","187","6","193","","0","187","6","193","5","188","80","14","1","1","0","35","6","51","29.10.12"
"560591","153","Рівненська область","будинок культури, актова зала
вул.Центральна, 46, с.Новородчиці, Острозький р-н, Рівненська обл., 35851","224","42","221","15","167","15","182","","0","167","15","182","2","180","59","12","2","0","3","49","11","44","29.10.12"
"560592","153","Рівненська область","сільський клуб, актова зала
вул.Центральна, 38, с.Теремне, Острозький р-н, Рівненська обл., 35851","272","67","265","19","186","19","205","","0","186","19","205","5","200","88","10","0","1","3","46","5","47","29.10.12"
"560593","153","Рівненська область","сільський клуб, фойє
вул.1 Травня, 3, с.Оженин, Острозький р-н, Рівненська обл., 35820","1544","681","1518","28","839","24","863","","0","839","24","863","31","832","430","118","9","7","3","132","20","113","29.10.12"
"560594","153","Рівненська область","ВАТ НВП ""Захід-цукор"", актова зала
вул.Заводська, 31, с.Оженин, Острозький р-н, Рівненська обл., 35820","712","307","708","9","398","7","405","","0","398","7","405","7","398","214","48","1","4","2","48","9","72","29.10.12"
"560595","153","Рівненська область","гуртожиток, актова зала
вул.Заводська, 5А, с.Оженин, Острозький р-н, Рівненська обл., 35820","1040","432","1018","8","601","7","608","","0","601","7","608","25","583","308","24","7","4","1","90","9","140","29.10.12"
"560596","153","Рівненська область","школа, спортивна зала
вул.Мирна, 35, с.Бродів, Острозький р-н, Рівненська обл., 35822","256","99","253","5","152","5","157","","0","152","5","157","6","151","86","8","3","2","0","5","2","45","29.10.12"
"560597","153","Рівненська область","будинок культури, фойє
вул.Мирна, 39А, с.Країв, Острозький р-н, Рівненська обл., 35823","384","144","375","16","224","16","240","","0","224","16","240","18","222","126","15","4","4","1","24","3","45","29.10.12"
"560598","153","Рівненська область","сільський клуб, актова зала
вул.Інтернаціоналістів, 26Б, с.Стадники, Острозький р-н, Рівненська обл., 35867","424","104","418","9","311","9","320","","0","311","9","320","7","313","171","10","2","0","0","40","5","85","29.10.12"
"560599","153","Рівненська область","будинок культури, фойє
вул.Острозька, 74, с.Плоске, Острозький р-н, Рівненська обл., 35826","944","377","932","46","524","43","567","","0","524","43","567","27","540","266","70","2","8","1","68","10","115","29.10.12"
"560600","153","Рівненська область","будинок культури, актова зала
вул.Незалежності, 25, с.Почапки, Острозький р-н, Рівненська обл., 35830","408","139","402","22","247","22","269","","0","247","22","269","13","256","96","22","4","0","1","45","6","82","29.10.12"
"560601","153","Рівненська область","Сільський клуб, актова зала
вул.Центральна, 119, с.Розваж, Острозький р-н, Рівненська обл., 35866","864","296","857","19","550","18","568","","0","550","18","568","25","543","195","66","3","0","1","97","26","155","29.10.12"
"560602","153","Рівненська область","сільський клуб, фойє
вул.Ватутіна, 25, с.Сіянці, Острозький р-н, Рівненська обл., 35812","432","112","423","28","292","28","320","","0","292","28","320","10","310","122","20","0","1","2","30","9","126","29.10.12"
"560603","153","Рівненська область","сільський клуб, фойє
вул.Ватутіна, 6, с.Садки, Острозький р-н, Рівненська обл., 35812","240","54","230","32","154","32","186","","0","154","32","186","3","183","78","11","0","2","0","18","4","70","29.10.12"
"560604","153","Рівненська область","школа, фойє
вул.Центральна, 5, с.Тесів, Острозький р-н, Рівненська обл., 35810","280","75","247","30","175","30","205","","0","175","30","205","1","204","71","17","2","0","0","36","13","65","29.10.12"
"560605","153","Рівненська область","сільський клуб, актова зала
вул.Садова, 16, с.Хрінів, Острозький р-н, Рівненська обл., 35810","120","35","109","8","77","8","85","","0","77","8","85","2","83","42","2","1","0","0","3","9","26","29.10.12"
"560606","153","Рівненська область","школа, спортивна зала
вул.Шкільна, 25А, с.Українка, Острозький р-н, Рівненська обл., 35824","832","317","823","64","459","56","515","","0","459","56","515","17","498","275","42","1","5","4","55","18","98","29.10.12"
"560607","153","Рівненська область","будинок культури, фойє
вул.Шкільна, 8, с.Хорів, Острозький р-н, Рівненська обл., 35840","992","415","986","10","567","10","577","","0","567","10","577","15","562","279","34","5","4","4","81","17","138","29.10.12"
"560608","153","Рівненська область","Молитовний дім, зал, 1-й поверх
вул.Б. Хмельницького, 117, с.Бродівське, Острозький р-н, Рівненська обл., 35840","656","283","648","10","364","9","373","","0","364","9","373","5","368","157","29","1","1","1","49","14","116","29.10.12"
"560655","153","Рівненська область","будинок культури, танцювальний зал
вул.Радгоспна, 45, с.Біла Криниця, Рівненський р-н, Рівненська обл., 35342","2264","821","2237","53","1398","45","1443","","0","1398","45","1443","44","1399","834","91","12","23","12","110","19","298","29.10.12"
"560656","153","Рівненська область","ФАП, їдальня
вул.Київська, 56, с.Антопіль, Рівненський р-н, Рівненська обл., 35371","448","149","447","15","284","15","299","","0","284","15","299","7","292","172","12","2","5","3","22","4","72","29.10.12"
"560657","153","Рівненська область","школа, учительська
вул.Піщана, 1, с.Глинки, Рівненський р-н, Рівненська обл., 35342","312","109","300","12","191","12","203","","0","191","12","203","11","192","55","12","0","1","0","23","4","97","29.10.12"
"560658","153","Рівненська область","школа, фойє
вул.Шкільна, 1А, с.Бронники, Рівненський р-н, Рівненська обл., 35330","720","300","708","22","399","21","420","","0","398","21","419","14","405","198","29","5","6","1","42","5","119","29.10.12"
"560659","153","Рівненська область","школа, спортивний зал
вул.Миру, 14Б, с.Рогачів, Рівненський р-н, Рівненська обл., 35330","264","84","260","3","178","2","180","","0","178","2","180","5","175","110","5","2","0","1","9","1","47","29.10.12"
"560660","153","Рівненська область","ФАП, к.1
вул.Монастирська, 39А, с.Білівські Хутори, Рівненський р-н, Рівненська обл., 35330","96","40","90","4","53","3","56","","0","53","3","56","2","54","30","1","0","0","0","0","0","23","29.10.12"
"560661","153","Рівненська область","будинок культури, фойє
вул.Рівненська, 76А, с.Великий Житин, Рівненський р-н, Рівненська обл., 35340","1120","392","1112","42","690","38","728","","0","690","38","728","15","713","392","53","4","23","3","46","5","187","29.10.12"
"560662","153","Рівненська область","школа, спотрзал
вул.Кузнєцова, 52Б, с.Малий Житин, Рівненський р-н, Рівненська обл., 35376","440","101","435","24","315","24","339","","0","315","24","339","13","326","102","16","1","5","1","73","1","127","29.10.12"
"560663","153","Рівненська область","школа, спотрзал
вул.Шкільна, 14, с.Бармаки, Рівненський р-н, Рівненська обл., 35372","752","235","748","23","494","23","517","","0","494","23","517","19","498","217","34","1","71","0","58","9","108","29.10.12"
"560664","153","Рівненська область","будинок культури, хол
вул.Шевченка, 77, с.Велика Омеляна, Рівненський р-н, Рівненська обл., 35360","1456","570","1442","32","859","27","886","","0","859","27","886","29","857","450","58","6","4","5","111","26","197","29.10.12"
"560665","153","Рівненська область","будинок культури, актовий зал
вул.Центральна, 5, с.Вересневе, Рівненський р-н, Рівненська обл., 33004","624","148","625","8","468","8","476","","0","468","8","476","28","448","276","16","7","1","3","41","4","100","29.10.12"
"560666","153","Рівненська область","школа, коридор
вул.Шкільна, 2, с.Верхівськ, Рівненський р-н, Рівненська обл., 35336","808","329","793","30","452","27","479","","0","452","27","479","21","458","201","34","3","5","2","52","5","156","29.10.12"
"560667","153","Рівненська область","ФАП, к.1
вул.Козацька, 14, с.Макотерти, Рівненський р-н, Рівненська обл., 35337","192","67","187","33","93","32","125","","0","93","32","125","3","122","40","16","3","0","0","33","1","29","29.10.12"
"560668","153","Рівненська область","ФАП, к.1
вул.Старослов’янська, 1, с.Пересопниця, Рівненський р-н, Рівненська обл., 35337","96","31","93","17","52","13","65","","0","52","13","65","1","64","22","2","0","0","0","33","0","7","29.10.12"
"560669","153","Рівненська область","школа, коридор
вул.Рівненська, 76, с.Городище, Рівненський р-н, Рівненська обл., 35341","1520","593","1506","27","905","22","927","","0","905","22","927","49","878","512","53","11","16","11","70","19","186","29.10.12"
"560670","153","Рівненська область","будинок культури, актовий зал
вул.Першотравнева, 2, с.Городок, Рівненський р-н, Рівненська обл., 35331","2368","767","2345","66","1535","66","1601","","0","1535","66","1601","59","1542","786","84","26","19","8","94","24","501","29.10.12"
"560671","153","Рівненська область","будинок культури, актовий зал
вул.Центральна, 12, с.Карпилівка, Рівненський р-н, рівненська обл., 35332","1280","346","1280","28","906","28","934","","0","906","28","934","39","895","459","44","12","10","7","80","6","277","29.10.12"
"560672","153","Рівненська область","сільський клуб, танцювальний зал
вул.Центральна, 45А, с.Михайлівка, Рівненський р-н, Рівненська обл., 35332","56","11","53","3","42","3","45","","0","42","3","45","0","45","21","2","1","0","0","1","1","19","28.10.12"
"560673","153","Рівненська область","сільський клуб, танцювальний зал
вул.Зелена, 7, с.Караєвичі, Рівненський р-н, Рівненська обл., 35331","184","48","180","1","135","1","136","","0","135","1","136","4","132","83","6","1","0","0","6","0","36","29.10.12"
"560674","153","Рівненська область","сільський клуб, танцювальний зал
вул.Центральна, 75, с.Метків, Рівненський р-н, Рівненська обл., 33017","216","64","218","7","145","7","152","","0","145","7","152","2","150","94","0","3","1","1","2","2","47","29.10.12"
"560675","153","Рівненська область","будинок культури, фойє
вул.Шкільна, 8, с.Грушвиця Перша, Рівненський р-н, Рівненська обл., 35364","712","260","698","75","385","67","452","","0","385","67","452","19","433","163","24","7","6","0","35","29","169","29.10.12"
"560676","153","Рівненська область","сільська рада, фойє
вул.40 річчя Перемоги, 1, с.Грушвиця Друга, Рівненський р-н, Рівненська обл., 35364","176","44","173","24","112","20","132","","0","112","20","132","1","131","58","7","0","1","1","16","6","42","29.10.12"
"560677","153","Рівненська область","сільський клуб, танцювальний зал
вул.Лісова, 47, с.Мартинівка, Рівненський р-н, Рівненська обл., 35364","168","61","161","37","73","34","107","","0","73","34","107","1","106","57","7","2","0","1","4","1","34","29.10.12"
"560678","153","Рівненська область","сільський клуб, танцювалький зал
вул.Козацький Шлях, 46А, с.Дядьковичі, Рівненський р-н, Рівненська обл., 35361","1056","336","1039","70","651","69","720","","0","651","69","720","24","696","290","54","3","8","2","14","101","224","29.10.12"
"560679","153","Рівненська область","сільський клуб, танцювальний зал
вул.Троїцька, 44, с.Милостів, Рівненський р-н, Рівненська обл., 35361","216","59","212","25","134","23","157","","0","134","23","157","3","154","56","3","3","5","1","14","6","66","28.10.12"
"560680","153","Рівненська область","сільська рада, актовий зал
вул.Центральна, 7, с.Жобрин, Рівненський р-н, Рівненська обл., 35310","896","366","894","61","471","59","530","","0","471","59","530","30","500","260","38","3","6","1","40","5","147","29.10.12"
"560681","153","Рівненська область","сільський клуб, актовий зал
вул.Лесі Українки, 44, с.Руда-Красна, Рівненський р-н, Рівненська обл., 35311","424","117","410","37","273","34","307","","0","273","34","307","7","300","123","20","0","2","0","19","2","134","29.10.12"
"560682","153","Рівненська область","сільський клуб, зал урочистих подій
вул.Шкільна, 40, с.Забороль, Рівненський р-н, Рівненська обл., 35324","1056","360","1049","115","613","83","696","","0","613","83","696","26","670","288","41","6","11","2","67","6","249","29.10.12"
"560683","153","Рівненська область","школа, фойє
вул.Шевченка, 8, с.Білів, Рівненський р-н, Рівненська обл., 35317","432","165","422","38","239","28","267","","0","239","28","267","7","260","93","11","6","3","2","40","0","105","29.10.12"
"560684","153","Рівненська область","ПрАТ ""Агрофірма Зоря"", актовий зал
вул.Центральна, 54, с.Голишів, Рівненський р-н, Рівненська обл., 35315","1000","354","988","76","573","73","646","","0","573","73","646","22","624","354","70","2","5","1","65","4","123","29.10.12"
"560685","153","Рівненська область","сільський клуб, фойє
вул.Чорновола, 9, с.Грабів, Рівненський р-н, Рівненська обл., 35316","936","312","928","32","592","32","624","","0","592","32","624","19","605","386","19","5","15","3","96","9","72","29.10.12"
"560686","153","Рівненська область","сільський клуб, фойє
вул.Кузнецова, 122А, с.Дерев’яне, Рівненський р-н, Рівненська обл., 35311","584","225","577","35","327","32","359","","0","327","32","359","5","354","230","15","3","7","2","49","5","43","29.10.12"
"560687","153","Рівненська область","палац культури, фойє
пл.Жовтнева, 2А/1, с.Зоря, Рівненський р-н, Рівненська обл., 35314","2072","857","2045","25","1196","19","1215","","0","1196","19","1215","56","1159","541","85","27","24","9","206","25","242","29.10.12"
"560688","153","Рівненська область","палац культури, зимовий сад
пл.Жовтнева, 2А/1, с.Зоря, Рівненський р-н, Рівненська обл., 35314","2336","916","2310","37","1387","33","1420","","0","1387","33","1420","85","1335","698","111","23","18","14","215","24","232","29.10.12"
"560689","153","Рівненська область","школа, фойє
вул.Миру, 52, с.Новостав, Рівненський р-н, Рівненська обл., 35311","744","263","734","34","448","33","481","","0","448","33","481","16","465","290","29","3","2","2","63","6","70","29.10.12"
"560690","153","Рівненська область","сільський клуб, зал урочистих подій
вул.Островського, 11А, с.Старожуків, Рівненський р-н, Рівненська обл., 35317","288","89","278","20","181","18","199","","0","181","18","199","9","190","121","8","0","5","0","25","2","29","29.10.12"
"560691","153","Рівненська область","будинок культури, зал урочистих подій
вул.Центральна, 41Б, с.Корнин, Рівненський р-н, Рівненська обл., 35304","1912","623","1915","40","1253","36","1289","","0","1253","36","1289","75","1214","655","82","8","15","7","136","13","298","29.10.12"
"560692","153","Рівненська область","сільський клуб, зал урочистих подій
вул.Свободи, 18Д, с.Колоденка, Рівненський р-н, Рівненська обл., 35306","1728","628","1700","30","1071","29","1100","","0","1071","29","1100","42","1058","600","68","15","8","6","119","16","226","29.10.12"
"560693","153","Рівненська область","школа, спортзал
вул.Свободи, 22, с.Колоденка, Рівненський р-н, Рівненська обл., 35306","1072","394","1066","17","662","16","678","","0","662","16","678","28","650","367","48","13","10","3","59","10","140","29.10.12"
"560694","153","Рівненська область","сільський клуб, зал урочистих подій
вул.Шевченка, 20А, с.Загороща, Рівненський р-н, Рівненська обл., 35305","400","137","396","11","252","11","263","","0","252","11","263","4","259","76","22","2","1","3","28","5","122","28.10.12"
"560695","153","Рівненська область","сільський клуб, зал урочистих подій
вул.Шевченка, 26, с.Кустин, Рівненський р-н, Рівненська обл., 35322","1088","380","1082","53","663","45","708","","0","663","45","708","22","686","391","62","5","8","5","76","12","127","29.10.12"
"560696","153","Рівненська область","будинок культури, танцювальний зал
вул.Шевченка, 1А, с.Малий Шпаків, Рівненський р-н, Рівненська обл., 35362","856","322","848","55","488","46","534","","0","488","46","534","18","516","215","22","1","9","1","132","12","124","29.10.12"
"560697","153","Рівненська область","сільський клуб, актовий зал
вул.Колгоспна, 61А, с.Заріцьк, Рівненський р-н, Рівненська обл., 35362","256","97","249","24","135","24","159","","0","135","24","159","2","157","52","8","1","0","1","66","2","27","29.10.12"
"560698","153","Рівненська область","навчально-виховний комплекс, кл.1
вул.Млинівська, 27, с.Іваничі, Рівненський р-н, Рівненська обл., 35363","456","157","445","50","257","42","299","","0","257","42","299","12","287","122","14","2","2","0","71","3","73","29.10.12"
"560699","153","Рівненська область","сільський клуб, актовий зал
вул.Л.Українки, 5А, с.Підгірці, Рівненський р-н, Рівненська обл., 35362","104","29","100","22","58","17","75","","0","58","17","75","6","69","26","0","1","0","0","20","0","22","29.10.12"
"560700","153","Рівненська область","будинок культури, бібліотека
вул.Приходька, 49, с.Нова Українка, Рівненський р-н, Рівненська обл., 35323","704","251","705","23","433","20","453","","0","433","20","453","18","435","217","15","4","12","2","46","7","132","29.10.12"
"560701","153","Рівненська область","сільський клуб, актовий зал
вул.Я.Федюри, 1, с.Козлин, Рівненський р-н, Рівненська обл., 35323","744","301","734","48","405","38","443","","0","405","38","443","17","426","121","30","7","15","2","120","8","123","29.10.12"
"560702","153","Рівненська область","школа, кл.1
вул.Шкільна, 13, с.Радиславка, Рівненський р-н, Рівненська обл., 35340","192","72","183","15","105","15","120","","0","105","15","120","8","112","49","2","0","2","0","11","0","48","29.10.12"
"560703","153","Рівненська область","будинок культури, актовий зал
вул.Хмільна, 34, с.Обарів, Рівненський р-н, Рівненська обл., 35307","2448","918","2387","34","1502","28","1530","","0","1502","28","1530","60","1470","831","89","24","17","6","131","15","357","29.10.12"
"560704","153","Рівненська область","сільський клуб, актовий зал
вул.Гагаріна, 11, с.Ставки, Рівненський р-н, Рівненська обл., 35307","440","127","436","20","296","17","313","","0","296","17","313","3","310","186","13","2","10","0","54","1","44","29.10.12"
"560705","153","Рівненська область","будинок культури, зал
вул.І.Франка, 1, с.Олександрія, Рівненський р-н, Рівненська обл., 35320","2176","797","2170","72","1313","66","1379","","0","1313","66","1379","52","1327","713","96","9","11","2","187","34","275","29.10.12"
"560706","153","Рівненська область","навчально-виховний комплекс ""школа-ліцей"", спортзал
вул.В.Стуса, 1, с.Нова Любомирка, Рівненський р-н, Рівненська обл., 35321","1240","539","1230","34","671","30","701","","0","671","30","701","31","670","314","27","13","11","8","122","31","144","29.10.12"
"560707","153","Рівненська область","школа, кл.1
вул.Зелена, 29А, с.Волошки, Рівненський р-н, Рівненська обл., 35320","272","92","264","23","158","22","180","","0","158","22","180","0","180","98","4","0","0","1","24","6","47","29.10.12"
"560708","153","Рівненська область","школа, кл.1
вул.Б.Хмельницького, 42, с.Сухівці, Рівненський р-н, Рівненська обл., 35335","360","130","359","23","211","19","230","","0","211","19","230","9","221","87","23","0","3","0","54","2","52","29.10.12"
"560709","153","Рівненська область","сільська рада, актовий зал
вул.Незалежності, 22, с.Радухівка, Рівненський р-н, Рівненська обл., 35333","256","79","257","22","158","19","177","","0","158","19","177","5","172","81","15","2","1","0","14","5","54","29.10.12"
"560710","153","Рівненська область","школа, спортзал
вул.Шкільна, 1, с.Іскра, Рівненський р-н, Рівненська обл., 35334","408","154","394","23","232","22","254","","0","232","22","254","5","249","98","19","0","4","1","35","1","91","29.10.12"
"560711","153","Рівненська область","ФАП, к.1
вул.Набережна, 17А, с.Новостав-Дальній, Рівненський р-н, Рівненська обл., 35334","112","37","105","15","60","15","75","","0","60","15","75","2","73","29","5","2","0","0","4","0","33","29.10.12"
"560712","153","Рівненська область","сільський клуб, зал урочистих подій
вул.Незалежності, 5А, с.Тайкури, Рівненський р-н, Рівненська обл., 35351","696","233","691","54","414","49","463","","0","414","49","463","20","443","146","25","4","7","2","47","5","207","29.10.12"
"560713","153","Рівненська область","школа, актовий зал
вул.Незалежності, 24, с.Шубків, Рівненський р-н, Рівненська обл., 35325","1448","575","1437","36","840","33","873","","0","840","33","873","29","844","382","112","9","14","3","96","16","212","29.10.12"
"560714","153","Рівненська область","школа, актовий зал
вул.Мирна, 84, с.Гориньград Перший, Рівненський р-н, Рівненська обл., 35326","392","155","388","12","225","12","237","","0","225","12","237","13","224","107","9","2","3","1","31","1","70","29.10.12"
"560715","153","Рівненська область","школа, спортзал
вул.Шкільна, 34, с.Рисв’янка, Рівненський р-н, Рівненська обл., 35326","224","51","219","24","151","22","173","","0","151","22","173","9","164","64","4","2","2","1","35","1","55","29.10.12"
"560716","153","Рівненська область","школа, кл.2
вул.Шкільна, 33, с.Гориньград Другий, Рівненський р-н, Рівненська обл., 35326","200","65","192","20","117","18","135","","0","117","18","135","2","133","59","9","2","2","0","17","0","44","29.10.12"
"560717","153","Рівненська область","школа, хол
вул.Новоселів, с.Котів, Рівненський р-н, Рівненська обл., 35375","528","195","528","15","324","9","333","","0","324","9","333","15","318","151","16","2","4","3","61","2","79","29.10.12"
"560718","153","Рівненська область","школа, їдальня
вул.Шевченка, 1, с.Великий Олексин, Рівненський р-н, Рівненська обл., 35302","2408","1060","2378","40","1311","37","1348","","0","1311","37","1348","76","1272","757","109","22","13","9","152","11","199","29.10.12"
"560719","153","Рівненська область","школа, рекреація
вул.Шкільна, 2А, с.Шпанів, Рівненський р-н, Рівненська обл., 35301","760","260","755","8","492","8","500","","0","492","8","500","25","475","286","57","8","2","4","28","6","84","29.10.12"
"560720","153","Рівненська область","будинок культури, актовий зал
вул.Шкільна, 3, с.Шпанів, Рівненський р-н, Рівненська обл., 35301","2024","881","2012","66","1083","60","1143","","0","1083","60","1143","57","1086","628","59","15","12","2","124","24","222","29.10.12"
"560721","153","Рівненська область","сільський клуб, фойє
вул.Робітнича, 15, с.Хотин, Рівненський р-н, Рівненська обл., 35303","712","253","708","34","429","30","459","","0","429","30","459","26","433","219","34","15","7","2","45","6","105","29.10.12"
"560722","153","Рівненська область","будинок культури, фойє
вул.Тиха, 16, смт Клевань, Рівненський р-н, Рівненська обл., 35312","2160","968","2125","35","1161","31","1192","","0","1161","31","1192","45","1147","560","103","28","19","7","96","46","288","29.10.12"
"560723","153","Рівненська область","ДП ""Клеванський держлісгосп"", фойє
вул.Лісова, 6, смт Клевань, Рівненський р-н, Рівненська обл., 35312","2256","886","2232","27","1347","23","1370","","0","1347","23","1370","60","1310","719","137","23","27","10","97","48","249","29.10.12"
"560724","153","Рівненська область","КЗ ""Клеванська школа інтернат"", спортзал
вул.Б.Хмельницького, 47, смт Клевань, Рівненський р-н, Рівненська обл., 35311","1704","712","1664","31","971","21","992","","0","971","21","992","65","927","539","58","17","13","6","78","17","199","29.10.12"
"560725","153","Рівненська область","Квасилівський професійний ліцей, фойє
вул.Молодіжна, 30, смт Квасилів, Рівненський р-н, Рівненська обл., 35350","2232","945","2206","7","1283","4","1287","","0","1283","4","1287","78","1209","630","64","33","23","12","123","31","293","29.10.12"
"560726","153","Рівненська область","навчально-виховний комплекс ""школа-ліцей"", фойє
вул.Молодіжна, 22, смт Квасилів, Рівненський р-н, Рівненська обл., 35350","1816","719","1794","10","1088","9","1097","","0","1088","9","1097","71","1026","584","70","23","13","7","89","22","218","29.10.12"
"560727","153","Рівненська область","будинок культури, кімната громадської приймальні
вул.Б.Хмельницького, 1А, смт Квасилів, Рівненський р-н, Рівненська обл., 35350","1888","628","1868","41","1219","41","1260","","0","1219","41","1260","49","1211","668","97","14","15","7","89","28","293","29.10.12"
"560728","153","Рівненська область","навчально-виховний комплекс ""школа-колегіум"", коридор
вул.Центральна, 1, смт Оржів, Рівненський р-н, Рівненська обл., 35313","1400","516","1366","37","849","35","884","","0","849","35","884","31","853","370","49","13","16","4","103","17","281","29.10.12"
"560729","153","Рівненська область","будинок культури, актовий зал
вул.Заводська, 3, смт Оржів, Рівненський р-н, Рівненська обл., 35313","1944","739","1923","29","1179","26","1205","","0","1179","26","1205","43","1162","500","65","22","9","10","156","24","376","29.10.12"
"560730","153","Рівненська область","КЗ ""РОГІВ"", хол кардіологічного відділення
вул.Дераженська, 39, смт Клевань, Рівненський р-н, Рівненська обл., 35311","248","83","165","14","151","14","165","","0","151","14","165","17","148","67","19","7","3","2","8","12","30","29.10.12"
"560731","153","Рівненська область","Рівненська ЦРЛ, актова зала
вул.Центральна, 1А, смт Клевань, Рівненський р-н, Рівненська обл., 35311","152","0","160","38","114","38","152","","0","114","38","152","5","147","40","5","0","0","0","9","0","93","29.10.12"
"560732","153","Рівненська область","Городищенська ВК №96, кабінет виховної роботи дільниці ПКТ
с.Городище, Рівненський р-н, Рівненська обл., 35341","688","39","649","0","649","0","649","","0","649","0","649","122","527","111","16","40","28","11","17","17","287","29.10.12"
"560733","153","Рівненська область","Городоцький ВЦ №131, клас службової підготовки, 1-й поверх
с.Городок, Рівненський р-н, Рівненська обл., 35331","328","40","288","0","288","0","288","","0","288","0","288","2","286","11","1","4","1","0","0","0","269","29.10.12"
"560894","153","Рівненська область","ЗНЗ №1, фойє
пл.Декабристів, 6А, м.Острог, Рівненська обл., 35800","1784","622","1753","29","1135","27","1162","","0","1135","27","1162","43","1119","443","41","6","2","6","352","70","199","29.10.12"
"560895","153","Рівненська область","НВК Гімназія, актовий зал
пл.Декабристів, 6, м.Острог, Рівненська обл., 35800","1680","676","1672","41","964","40","1004","","0","964","40","1004","35","969","379","55","5","8","3","258","41","220","29.10.12"
"560896","153","Рівненська область","ДПТНЗ ""ОВПУ"" училище, їдальня
вул.Татарська, 122А, м.Острог, Рівненська обл., 35800","1816","797","1794","32","992","27","1019","","0","992","27","1019","40","979","409","44","7","5","1","263","52","198","29.10.12"
"560897","153","Рівненська область","КМЦ Академії, танцювальний зал
просп.Незалежності, 54, м.Острог, Рівненська обл., 35800","1824","813","1822","23","993","18","1011","","0","993","18","1011","50","961","439","58","7","4","2","196","53","202","29.10.12"
"560898","153","Рівненська область","водоканал, актовий зал
вул.І.Федорова, 56, м.Острог, Рівненська обл., 35800","1408","530","1388","23","858","20","878","","0","858","20","878","32","846","446","50","8","5","1","162","33","141","29.10.12"
"560899","153","Рівненська область","ЗНЗ №3, спортивний зал
вул.І.Вишенського, 3, м.Острог, Рівненська обл., 35800","1776","708","1764","34","1035","33","1068","","0","1035","33","1068","64","1004","488","39","7","5","2","175","52","236","29.10.12"
"560900","153","Рівненська область","обласна психіатрична лікарня, актовий зал
просп.Незалежності, 40А, м.Острог, Рівненська обл., 35800","368","267","115","0","101","0","101","","0","101","0","101","20","81","29","6","5","2","1","3","1","34","29.10.12"
"560975","153","Рівненська область","міський палац культури, вестибюль
вул.Гагаріна, 6, м.Рівне, 33003","2400","819","2361","13","1568","13","1581","","0","1568","13","1581","112","1469","811","163","26","39","9","121","73","227","29.10.12"
"560976","153","Рівненська область","школа №13, спортивний зал
вул.Гагаріна, 53, м.Рівне, 33022","2200","771","2168","7","1424","5","1429","","0","1424","5","1429","78","1351","751","114","26","23","14","123","93","207","29.10.12"
"560977","153","Рівненська область","бібліотека-філія №10, читальний зал
вул.Гагаріна, 67, м.Рівне, 33022","1880","638","1855","9","1235","7","1242","","0","1235","7","1242","69","1173","599","120","31","33","14","104","59","213","29.10.12"
"560978","153","Рівненська область","дитячий садок №35, музичний зал
вул.Гагаріна, 73, м.Рівне, 33022","1768","643","1731","5","1120","5","1125","","0","1120","5","1125","54","1071","602","99","21","26","5","105","51","162","29.10.12"
"560979","153","Рівненська область","школа №22, фойє
проспект Князя Романа, 14А, м.Рівне, 33022","2272","847","2227","14","1411","14","1425","","0","1411","14","1425","83","1342","740","145","17","24","17","81","90","228","29.10.12"
"560980","153","Рівненська область","Рівненська гімназія ""Гармонія"", актовий зал
проспект Олеко Дундича, 26, м.Рівне, 33022","1672","669","1652","7","997","6","1003","","0","997","6","1003","46","957","545","78","21","16","9","63","44","181","29.10.12"
"560981","153","Рівненська область","гуртожиток ВАТ ""Рівненська фабрика нетканих матеріалів"", фойє
вул.Фабрична, 4А, м.Рівне, 33006","1808","692","1800","7","1112","4","1116","","0","1110","4","1114","75","1039","662","87","14","11","6","55","32","172","29.10.12"
"560982","153","Рівненська область","дитячий садок №43, музичний зал
вул.Фабрична, 3, м.Рівне, 33016","1984","831","1957","2","1151","2","1153","","0","1151","2","1153","79","1074","662","73","23","14","8","66","33","195","29.10.12"
"560983","153","Рівненська область","гуртожиток №9 ВАТ ""Рівнельон"", актовий зал
вул.Фабрична, 20, м.Рівне, 33006","1424","659","1393","3","763","2","765","","0","763","2","765","62","703","401","41","19","11","5","44","28","154","29.10.12"
