"№ ВД","OBO","Назва регіону України","Місцезнаходження та адреса приміщення для голосування","1) К-сть одержаних бюлетенів","2) К-сть невикористаних бюлетенів","3) К-сть виборців, внесених до списку виборців","4) К-сть виборців, внесених до витягу зі списку виборців","5) К-сть виборців, які отримали бюлетені у приміщенні","6) К-сть виборців, які отримали за місцем перебування","7) Сумарна к-сть виборців, які отримали бюлетені","8) К-сть бюлетенів, що виявилися у кожній скринці","9) К-сть бюлетенів, що не підлягають врахуванню","10) К-сть виборців, які взяли участь у голос. у приміщенні для гол.","11) К-сть виборців, які взяли участь у голос. за місцем перебування","12) К-сть виборців, які взяли участь у голосуванні на виборчій дільниці","13) К-сть бюлетенів, визнаних недійсними","14) Сумарна к-сть голосів виборців ЗА","Гречко
Володимир
Васильович","Данильчук
Олександр
Юрійович","Добриднік
Микола
Мусійович","Корнійко
Роман
Іванович","Кособуцький
Олексій
Миколайович","Кучерук
Микола
Герасимович","Максимов
Олександр
Іванович","Овчинніков
Сергій
Михайлович","Старовецький
Володимир
Миколайович","Сухан
Віктор
Григорович","Федас
Віктор
Васильович","Циганенко
Андрій
Володимирович","Шершун
Микола
Харитонович","Дата підписання протоколу"
"560001","156","Рівненська область","будинок культури, малий зал
вул.Київська, 10, м.Березне, Березнівський р-н, Рівненська обл., 34600","1428","590","1407","24","815","23","838","","0","815","23","838","20","818","8","413","6","9","2","200","2","4","10","23","59","3","79","29.10.12"
"560002","156","Рівненська область","Лісовий коледж, актовий зал
вул.В.Чорновола, 23, м.Березне, Березнівський р-н, Рівненська обл., 34600","1916","829","1913","10","1078","9","1087","","0","1078","9","1087","27","1060","3","462","12","8","4","286","0","3","15","21","54","5","187","29.10.12"
"560003","156","Рівненська область","Вище професійне училище, фойє
вул.Ціолковського, 2, м.Березне, Березнівський р-н, Рівненська обл., 34600","2520","1158","2472","12","1351","11","1362","","0","1351","11","1362","29","1333","7","677","4","24","2","344","4","1","31","15","74","15","135","29.10.12"
"560004","156","Рівненська область","школа №2, актовий зал
вул.Будівельників, 4, м.Березне, Березнівський р-н, Рівненська обл., 34600","2232","1029","2220","12","1193","10","1203","","0","1193","10","1203","26","1177","7","567","8","17","7","352","0","7","11","20","74","8","99","29.10.12"
"560005","156","Рівненська область","кінотеатр, фойє
вул.Андріївська, 19, м.Березне, Березнівський р-н, Рівненська обл., 34600","2388","1209","2367","32","1158","21","1179","","0","1158","21","1179","31","1148","5","545","8","17","5","292","2","3","5","42","99","9","116","29.10.12"
"560006","156","Рівненська область","будинок культури, зал
вул.С.Тулуба, 15, с.Балашівка, Березнівський р-н, Рівненська обл., 34640","1256","589","1242","14","653","14","667","","0","653","14","667","35","632","7","83","6","12","5","93","1","4","4","17","18","8","374","29.10.12"
"560007","156","Рівненська область","сільський клуб, зал
вул.Незалежності, 20, с.Михалин, Березнівський р-н, Рівненська обл., 34666","512","172","508","5","336","4","340","","0","336","4","340","18","322","2","56","7","6","0","8","0","0","0","9","8","3","223","29.10.12"
"560008","156","Рівненська область","сільський клуб, зал
вул.Незалежності, 63, с.Лінчин, Березнівський р-н, Рівненська обл., 34664","448","131","449","5","313","4","317","","0","313","4","317","10","307","0","65","6","3","1","18","0","3","2","5","2","1","201","29.10.12"
"560009","156","Рівненська область","сільський клуб, зал
вул.Незалежності, 15, с.Сівки, Березнівський р-н, Рівненська обл., 34640","100","13","98","0","87","0","87","","0","87","0","87","1","86","1","11","4","1","0","8","0","0","7","0","0","0","54","29.10.12"
"560010","156","Рівненська область","сільський клуб, зал
вул.Перемоги, 12, с.Білка, Березнівський р-н, Рівненська обл., 34633","884","264","874","19","603","17","620","","0","603","17","620","12","608","9","477","3","1","2","31","0","1","5","2","13","0","64","29.10.12"
"560011","156","Рівненська область","будинок культури, зал
вул.Надслучанська, 359, с.Бистричі, Березнівський р-н, Рівненська обл., 34644","2004","900","1977","57","1048","56","1104","","0","1048","56","1104","28","1076","9","236","2","21","7","207","5","4","15","27","36","3","504","29.10.12"
"560012","156","Рівненська область","будинок культури, зал
вул.Андріївська, 73, с.Бронне, Березнівський р-н, Рівненська обл., 34611","632","198","633","23","411","23","434","","0","411","23","434","21","413","3","156","5","5","4","88","1","3","4","11","3","1","129","29.10.12"
"560013","156","Рівненська область","сільський клуб, актовий зал
вул.Молодіжна, 8, с.Велике Поле, Березнівський р-н, Рівненська обл., 34631","452","159","446","30","269","24","293","","0","269","24","293","5","288","5","87","19","7","2","103","4","2","1","5","4","0","49","29.10.12"
"560014","156","Рівненська область","сільський клуб, актовий зал
вул.Шевченка, 13, с.Яблунне, Березнівський р-н, Рівненська обл., 34630","312","100","309","23","189","23","212","","0","189","23","212","5","207","1","71","9","0","1","63","0","1","5","8","7","3","38","29.10.12"
"560015","156","Рівненська область","сільський клуб, зал
вул.Ковальська, 3, с.Вітковичі, Березнівський р-н, Рівненська обл., 34622","1484","530","1476","43","914","40","954","","0","914","40","954","19","935","1","45","3","21","3","175","1","1","1","15","14","2","653","29.10.12"
"560016","156","Рівненська область","сільська рада, зал
вул.Франка, 2, с.Голубне, Березнівський р-н, Рівненська обл., 34632","460","163","457","30","267","30","297","","0","267","30","297","3","294","1","89","7","0","0","49","0","1","2","0","4","0","141","29.10.12"
"560017","156","Рівненська область","будинок культури, зал
вул.Незалежності, 148, с.Городище, Березнівський р-н, Рівненська обл., 34607","2092","982","2059","31","1079","31","1110","","0","1079","31","1110","36","1074","2","599","4","26","2","159","1","3","5","155","34","6","78","29.10.12"
"560018","156","Рівненська область","школа, спортивний зал
вул.Шкільна, 7, с.Городище, Березнівський р-н, Рівненська обл., 34607","1064","510","1051","9","545","9","554","","0","545","9","554","16","538","7","275","6","16","2","99","0","0","3","34","20","3","73","29.10.12"
"560019","156","Рівненська область","сільський клуб, зал
вул.Незалежності, 8, с.Орлівка, Березнівський р-н, Рівненська обл., 34608","948","440","933","40","468","40","508","","0","468","40","508","11","497","4","209","17","16","4","127","2","4","2","20","19","5","68","29.10.12"
"560020","156","Рівненська область","школа, їдальня
вул.Гагаріна, 2, с.Грушівка, Березнівський р-н, Рівненська обл., 34651","800","385","798","51","376","39","415","","0","376","39","415","21","394","2","63","21","25","4","151","2","3","0","5","1","3","114","29.10.12"
"560021","156","Рівненська область","сільський клуб, зал
вул.Шевченка, 20Б, с.Губків, Березнівський р-н, Рівненська обл., 34654","640","223","628","48","369","48","417","","0","369","48","417","30","387","6","135","3","6","2","58","1","0","2","9","11","0","154","29.10.12"
"560022","156","Рівненська область","сільський клуб, зал
вул.Шевченка, 100А, с.Друхів, Березнівський р-н, Рівненська обл., 34643","1036","568","1032","46","427","41","468","","0","427","41","468","35","433","8","114","11","14","6","90","7","2","9","44","18","8","102","29.10.12"
"560023","156","Рівненська область","будинок культури, зал
вул.Радянська, 2, с.Зірне, Березнівський р-н, Рівненська обл., 34609","1952","779","1922","38","1136","37","1173","","0","1136","37","1173","30","1143","4","685","8","32","1","157","0","3","10","11","166","4","62","29.10.12"
"560024","156","Рівненська область","будинок культури, зал
вул.Кузнецова, 6, с.Кам’янка, Березнівський р-н, Рівненська обл., 34630","892","347","880","35","514","31","545","","0","514","31","545","22","523","4","282","13","4","1","96","1","4","4","9","13","2","90","29.10.12"
"560025","156","Рівненська область","сільський клуб, зал
вул.Рівненська, 18, с.Антонівка, Березнівський р-н, Рівненська обл., 34630","236","88","232","25","123","25","148","","0","123","25","148","1","147","2","49","5","1","1","44","0","1","3","3","2","1","35","28.10.12"
"560026","156","Рівненська область","школа, к.3
вул.Шкільна, 1А, с.Кургани, Березнівський р-н, Рівненська обл., 34663","396","155","392","26","216","25","241","","0","216","25","241","7","234","1","56","1","7","2","73","1","2","0","7","10","1","73","29.10.12"
"560027","156","Рівненська область","сільський клуб, зал
вул.Центральна, 73, с.Малинськ, Березнівський р-н, Рівненська обл., 34665","1196","528","1183","46","626","42","668","","0","626","42","668","25","643","7","124","39","24","6","205","1","0","18","24","14","6","175","28.10.12"
"560028","156","Рівненська область","сільський клуб, зал
вул.Кузнєцова, 15А, с.Малушка, Березнівський р-н, Рівненська обл., 34665","464","182","461","21","261","21","282","","0","261","21","282","12","270","0","17","8","7","0","21","0","0","0","6","3","1","207","29.10.12"
"560029","156","Рівненська область","сільський клуб, зал
вул.Шевченка, 17, с.Маринин, Березнівський р-н, Рівненська обл., 34655","668","266","661","30","374","28","402","","0","374","28","402","12","390","5","50","1","4","2","61","0","3","0","5","2","4","253","29.10.12"
"560030","156","Рівненська область","сільський клуб, зал
вул.Центральна, 1, с.Більчаки, Березнівський р-н, Рівненська обл., 34655","240","81","234","11","149","10","159","","0","149","10","159","7","152","2","24","1","5","0","26","0","1","1","0","1","1","90","29.10.12"
"560031","156","Рівненська область","сільський клуб, кабінет гурткової роботи
вул.Кірова, 31, с.Новий Моквин, Березнівський р-н, Рівненська обл., 34635","392","204","383","10","179","9","188","","0","179","9","188","4","184","1","75","7","7","1","47","0","1","2","7","11","0","25","28.10.12"
"560032","156","Рівненська область","сільська рада, зал урочистих подій
вул.Надслучанська, 4, с.Моквин, Березнівський р-н, Рівненська обл., 34634","1892","931","1863","32","933","28","961","","0","933","28","961","34","927","10","433","13","20","8","253","0","6","16","35","33","12","88","29.10.12"
"560033","156","Рівненська область","будинок культури, зал
вул.Шевченка, 19, с.Поліське, Березнівський р-н, Рівненська обл., 34650","1296","734","1275","19","544","18","562","","0","544","18","562","22","540","3","125","12","13","1","219","4","3","3","9","8","9","131","29.10.12"
"560034","156","Рівненська область","будинок культури, фойє
вул.Лесі Українки, 70, с.Поляни, Березнівський р-н, Рівненська обл., 34612","952","332","937","15","605","15","620","","0","605","15","620","21","599","16","162","29","60","11","137","2","11","13","27","13","10","108","29.10.12"
"560035","156","Рівненська область","сільський клуб, зал
вул.Андріївська, 39, с.Прислуч, Березнівський р-н, Рівненська обл., 34642","996","669","983","7","323","4","327","","0","323","4","327","15","312","4","89","3","9","1","79","1","3","4","9","23","4","83","29.10.12"
"560036","156","Рівненська область","школа, їдальня
вул.Андріївська, 116, с.Колодязне, Березнівський р-н, Рівненська обл., 34661","1020","607","1003","7","406","7","413","","0","406","7","413","18","395","4","74","8","6","3","158","2","2","2","8","7","7","114","28.10.12"
"560037","156","Рівненська область","сільський клуб, зал
вул.Поліська, 13А, с.Хотин, Березнівський р-н, Рівненська обл., 34667","1092","622","1078","14","457","13","470","","0","457","13","470","20","450","5","104","5","31","4","136","2","2","4","6","7","9","135","29.10.12"
"560038","156","Рівненська область","будинок дітей та молоді, актовий зал
вул.Шевченка, 9, смт Соснове, Березнівський р-н, Рівненська обл., 34652","2240","953","2221","75","1214","73","1287","","0","1214","73","1287","47","1240","21","289","10","38","7","318","0","7","20","65","24","16","425","29.10.12"
"560039","156","Рівненська область","сільський клуб, актовий зал
вул.Березнівська, 4А, с.Іванівка, Березнівський р-н, Рівненська обл., 34652","248","62","254","28","159","27","186","","0","159","27","186","5","181","2","37","0","9","3","24","0","0","1","1","1","1","102","29.10.12"
"560040","156","Рівненська область","сільський клуб, актовий зал
вул.Корецька, 17А, с.Глибочок, Березнівський р-н, Рівненська обл., 34652","160","36","153","18","106","18","124","","0","106","18","124","2","122","0","8","0","0","1","19","1","0","1","2","0","0","90","29.10.12"
"560041","156","Рівненська область","будинок культури, зал
вул.Незалежності, 185Б, с.Тишиця, Березнівський р-н, Рівненська обл., 34620","1216","585","1195","65","567","64","631","","0","567","64","631","20","611","12","226","11","5","2","80","3","1","8","31","32","5","195","29.10.12"
"560042","156","Рівненська область","сільський клуб, зал
вул.Незалежності, 65, с.Богуші, Березнівський р-н, Рівненська обл., 34621","888","434","875","15","439","15","454","","0","439","15","454","20","434","6","132","12","20","2","78","1","1","3","17","34","1","127","29.10.12"
"560043","156","Рівненська область","сільський клуб, зал
вул.О.Платонової, 1, с.Князівка, Березнівський р-н, Рівненська обл., 34662","680","182","668","29","469","29","498","","0","469","29","498","26","472","4","92","1","3","1","88","3","1","2","8","25","8","236","29.10.12"
"560044","156","Рівненська область","сільський клуб, зал
вул.Набережна, 6, с.Хмелівка, Березнівський р-н, Рівненська обл., 34656","228","65","222","17","146","17","163","","0","146","17","163","4","159","0","30","2","0","0","13","1","0","7","1","0","2","103","29.10.12"
"560045","156","Рівненська область","сільський клуб, зал
вул.Центральна, 2, с.Совпа, Березнівський р-н, Рівненська обл., 34657","200","63","196","9","129","8","137","","0","129","8","137","4","133","1","39","1","0","2","16","0","0","2","0","1","1","70","29.10.12"
"560046","156","Рівненська область","школа, хол
вул.Л.Українки, 1, с.Яринівка, Березнівський р-н, Рівненська обл., 34613","628","207","623","30","391","30","421","","0","391","30","421","20","401","5","93","18","16","2","97","2","3","6","8","8","7","136","29.10.12"
"560047","156","Рівненська область","будинок культури, зал
вул.Шевченка, 105, с.Яцьковичі, Березнівський р-н, Рівненська обл., 34641","808","285","803","40","484","39","523","","0","484","39","523","17","506","8","99","11","13","1","57","0","1","9","18","8","9","272","29.10.12"
"560048","156","Рівненська область","лікарня, актовий зал
вул.Київська, 19, м.Березне, Березнівський р-н, Рівненська обл., 34600","272","233","68","28","16","23","39","","0","16","23","39","2","37","1","19","1","0","1","7","1","0","0","0","0","0","7","29.10.12"
"560446","156","Рівненська область","будинок культури, танцювальна зала
вул.Центральна, 66А, с.Великий Мидськ, Костопільський р-н, Рівненська обл., 35012","668","188","659","43","440","40","480","","0","440","40","480","13","467","10","43","9","6","4","218","1","3","12","3","4","9","145","29.10.12"
"560447","156","Рівненська область","сільська рада, актова зала
вул.Зарічна, 50, с.Великий Стидин, Костопільський р-н, Рівненська обл., 35015","480","170","472","23","287","23","310","","0","287","23","310","8","302","6","89","7","4","4","80","4","2","2","1","2","3","98","28.10.12"
"560448","156","Рівненська область","сільський клуб, танцювальна зала
вул.Базальтівська, 5, с.Базальтове, Костопільський р-н, Рівненська обл., 35042","396","105","391","11","281","10","291","","0","281","10","291","8","283","4","48","1","4","1","92","1","1","0","2","0","2","127","29.10.12"
"560449","156","Рівненська область","сільський клуб, кімната ДВК
вул.Жовтнева, 51Б, с.Берестовець, Костопільський р-н, Рівненська обл., 35043","580","158","575","30","394","28","422","","0","394","28","422","12","410","90","25","11","10","1","120","1","2","0","2","4","3","141","29.10.12"
"560450","156","Рівненська область","будинок культури, актова зала
вул.Л.Українки, 74, с.Головин, Костопільський р-н, Рівненська обл., 35041","752","258","745","30","466","28","494","","0","466","28","494","24","470","13","100","7","14","7","206","3","3","1","2","1","3","110","28.10.12"
"560451","156","Рівненська область","сільський клуб, танцювальна зала
вул.Костопільська, 85, с.Іваничі, Костопільський р-н, Рівненська обл., 35063","424","160","416","10","254","10","264","","0","254","10","264","12","252","9","31","2","10","2","105","7","3","4","0","5","8","66","28.10.12"
"560452","156","Рівненська область","бібліотека, читальня
вул.Шевченка, 38, с.Садки, Костопільський р-н, Рівненська обл., 35041","204","78","198","15","111","15","126","","0","111","15","126","3","123","7","11","4","3","2","46","6","0","0","1","2","11","30","29.10.12"
"560453","156","Рівненська область","будинок культури, фойє
вул.Центральна, 7, с.Гута, Костопільський р-н, Рівненська обл., 35010","480","167","478","12","302","11","313","","0","302","11","313","10","303","4","20","17","16","4","105","7","1","2","3","0","4","120","28.10.12"
"560454","156","Рівненська область","сільський клуб, танцювальна зала
вул.Кондратюка, 31, с.Бичаль, Костопільський р-н, Рівненська обл., 35054","552","168","543","32","352","32","384","","0","352","32","384","10","374","8","137","4","1","1","87","3","0","2","0","1","2","128","28.10.12"
"560455","156","Рівненська область","будинок культури, актова зала
вул.Романа Мартинюка, 13, с.Деражне, Костопільський р-н, Рівненська обл., 35053","1568","593","1541","67","911","64","975","","0","911","64","975","23","952","23","87","10","20","4","295","0","5","5","2","2","5","494","29.10.12"
"560456","156","Рівненська область","будинок культури, актова зала
вул.Н.Хасевича, 54А, с.Дюксин, Костопільський р-н, Рівненська обл., 35055","932","347","915","10","577","8","585","","0","577","8","585","19","566","15","24","4","34","1","190","0","1","2","1","0","14","280","29.10.12"
"560457","156","Рівненська область","школа, актова зала
вул.Незалежності, 72, с.Жильжа, Костопільський р-н, Рівненська обл., 35055","108","20","104","0","88","0","88","","0","88","0","88","1","87","4","0","0","6","0","14","1","0","0","0","0","0","62","28.10.12"
"560458","156","Рівненська область","сільський клуб, танцювальна зала
вул.Костопільська, 13А, с.Соломка, Костопільський р-н, Рівненська обл., 35045","56","10","52","1","45","1","46","","0","45","1","46","2","44","1","2","0","0","0","11","0","0","0","0","0","0","30","29.10.12"
"560459","156","Рівненська область","сільський клуб, танцювальна зала
вул.Лісна, 8, с.Суськ, Костопільський р-н, Рівненська обл., 35055","240","64","238","5","171","5","176","","0","171","5","176","4","172","2","1","1","1","2","31","0","0","3","1","3","2","125","29.10.12"
"560460","156","Рівненська область","школа, актова зала
вул.Героїв УПА, 32, с.Звіздівка, Костопільський р-н, Рівненська обл., 35051","588","193","585","14","381","14","395","","0","381","14","395","8","387","2","27","14","19","1","125","0","1","0","1","1","4","192","29.10.12"
"560461","156","Рівненська область","сільський клуб, актова зала
вул.Лісова, 7, с.Корчин, Костопільський р-н, Рівненська обл., 35051","252","74","249","3","175","3","178","","0","175","3","178","3","175","0","7","5","2","0","68","0","0","1","0","0","1","91","28.10.12"
"560462","156","Рівненська область","школа, спортивна зала
вул.Шевченка, 13, с.Ставок, Костопільський р-н, Рівненська обл., 35052","760","275","739","11","474","11","485","","0","474","11","485","21","464","8","28","4","4","6","133","1","0","0","1","2","6","271","29.10.12"
"560463","156","Рівненська область","школа, ігрова кімната
вул.Старе Село, 15, с.Чудви, Костопільський р-н, Рівненська обл., 35051","140","55","136","5","80","5","85","","0","80","5","85","2","83","0","7","0","1","2","38","0","0","0","0","1","3","31","29.10.12"
"560464","156","Рівненська область","школа, фойє
вул.Гагаріна, 29, с.Вигін, Костопільський р-н, Рівненська обл., 35040","272","67","270","10","195","10","205","","0","195","10","205","4","201","5","9","15","0","0","16","1","2","1","2","0","3","147","29.10.12"
"560465","156","Рівненська область","школа, актова зала
вул.Шкільна, 2, с.Злазне, Костопільський р-н, Рівненська обл., 35040","1188","365","1174","43","781","42","823","","0","781","42","823","9","814","3","43","4","3","0","79","1","0","0","3","6","1","671","29.10.12"
"560466","156","Рівненська область","школа, фойє
вул.Соборна, 4, с.Перетоки, Костопільський р-н, Рівненська обл., 35040","248","66","244","7","175","7","182","","0","175","7","182","4","178","1","22","9","45","1","20","0","0","1","0","1","1","77","29.10.12"
"560467","156","Рівненська область","сільська рада, зала засідань
вул.Гомелюка, 33, с.Золотолин, Костопільський р-н, Рівненська обл., 35016","680","258","664","85","344","78","422","","0","344","78","422","6","416","45","18","9","15","2","181","3","5","3","0","4","1","130","29.10.12"
"560468","156","Рівненська область","сільський клуб, танцювальна зала
вул.Центральна, 6А, с.Комарівка, Костопільський р-н, Рівненська обл., 35016","132","36","127","5","91","5","96","","0","91","5","96","3","93","3","20","1","9","1","35","0","0","0","1","0","4","19","28.10.12"
"560469","156","Рівненська область","клуб, актова зала
вул.Л.Українки, 53А, с.Тростянець, Костопільський р-н, Рівненська обл., 35016","164","46","163","18","102","16","118","","0","102","16","118","6","112","4","7","5","1","0","62","0","1","0","1","3","3","25","28.10.12"
"560470","156","Рівненська область","сільський клуб, танцювальна зала
вул.Кузнєцова, 5, с.Борщівка, Костопільський р-н, Рівненська обл., 35061","628","250","619","15","363","15","378","","0","363","15","378","14","364","8","20","2","4","3","126","9","3","0","1","4","9","175","29.10.12"
"560471","156","Рівненська область","школа, класна кімната
вул.Центральна, 82, с.Лісопіль, Костопільський р-н, Рівненська обл., 35065","592","264","581","22","307","21","328","","0","307","21","328","11","317","18","49","5","8","4","125","5","6","5","2","6","6","78","28.10.12"
"560472","156","Рівненська область","сільський клуб, танцювальна зала
вул.Дружби, 36, с.Мала Любаша, Костопільський р-н, Рівненська обл., 35009","860","317","847","27","520","23","543","","0","520","23","543","16","527","7","37","11","15","11","190","4","0","7","2","7","10","226","28.10.12"
"560473","156","Рівненська область","фельдшерсько-акушерський пункт, приймальне відділення
вул.Ватутіна, 32, с.Ледне, Костопільський р-н, Рівненська обл., 35013","64","20","63","9","35","9","44","","0","35","9","44","1","43","1","9","2","0","1","11","0","1","3","0","0","0","15","28.10.12"
"560474","156","Рівненська область","будинок культури, танцювальна зала
вул.Шевченка, 58, с.Малий Мидськ, Костопільський р-н, Рівненська обл., 35013","536","183","522","35","324","29","353","","0","324","29","353","14","339","6","31","26","13","3","126","0","2","8","2","4","2","116","29.10.12"
"560475","156","Рівненська область","сільський клуб, танцювальна зала
вул.8 Березня, 3, с.Осова, Костопільський р-н, Рівненська обл., 35011","140","30","141","2","109","1","110","","0","109","1","110","7","103","4","2","6","3","1","38","0","2","1","1","0","8","37","28.10.12"
"560476","156","Рівненська область","сільський клуб, танцювальна зала
вул.Богдана Хмельницького, 12, с.Рудня, Костопільський р-н, Рівненська обл., 35013","236","62","232","17","160","14","174","","0","160","14","174","6","168","5","11","7","5","4","90","1","1","1","1","0","2","40","28.10.12"
"560477","156","Рівненська область","школа, класна кімната
вул.Липненська, 2, с.Майдан, Костопільський р-н, Рівненська обл., 35014","164","46","162","10","108","10","118","","0","108","10","118","3","115","2","2","3","4","1","28","0","0","0","0","1","3","71","28.10.12"
"560478","156","Рівненська область","сільська рада, зала засідань
вул.Сільська, 2, с.Малий Стидин, Костопільський р-н, Рівненська обл., 35014","584","182","576","33","370","32","402","","0","370","32","402","10","392","5","33","25","8","6","133","1","1","2","2","1","7","168","28.10.12"
"560479","156","Рівненська область","сільський клуб, актова зала
вул.Шевченка, 29, с.Глажева, Костопільський р-н, Рівненська обл., 35045","164","46","163","8","110","8","118","","0","110","8","118","4","114","7","2","1","0","0","26","2","0","0","1","0","2","73","28.10.12"
"560480","156","Рівненська область","сільський клуб, актова зала
вул.Садова, 71, с.Кам’яна Гора, Костопільський р-н, Рівненська обл., 35045","136","57","126","7","73","6","79","","0","73","6","79","0","79","5","5","1","2","0","28","1","0","1","0","0","4","32","28.10.12"
"560481","156","Рівненська область","сільський клуб, актова зала
вул.Центральна, 61, с.Маща, Костопільський р-н, Рівненська обл., 35044","504","225","504","20","260","19","279","","0","260","19","279","11","268","12","23","8","7","3","117","4","4","10","0","8","10","62","28.10.12"
"560482","156","Рівненська область","сільський клуб, актова зала
вул.Нікончука, 25, с.Новий Берестовець, Костопільський р-н, Рівненська обл., 35044","208","61","199","10","138","9","147","","0","138","9","147","5","142","8","17","4","0","0","53","0","0","1","1","1","0","57","28.10.12"
"560483","156","Рівненська область","сільський клуб, актова зала
вул.Колгоспна, 19, с.Данчиміст, Костопільський р-н, Рівненська обл., 35062","404","145","403","2","257","2","259","","0","257","2","259","15","244","3","13","4","4","4","121","4","1","0","1","3","6","80","28.10.12"
"560484","156","Рівненська область","будинок культури, танцювальна зала
вул.Радянська, 55, с.Мирне, Костопільський р-н, Рівненська обл., 35030","1027","463","565","38","527","37","564","","0","527","37","564","27","537","9","62","11","13","7","271","8","5","9","8","6","19","109","28.10.12"
"560485","156","Рівненська область","фельдшерсько-акушерський пункт, приймальне відділення
вул.Привокзальна, 7А, с.Моквин, Костопільський р-н, Рівненська обл., 35031","148","44","140","4","100","4","104","","0","100","4","104","6","98","3","11","7","1","2","32","1","1","5","1","1","7","26","28.10.12"
"560486","156","Рівненська область","сільський клуб, актова зала
вул.Зелена, 19, с.Тихе, Костопільський р-н, Рівненська обл., 35031","172","43","171","10","119","10","129","","0","119","10","129","2","127","4","6","7","1","1","59","1","2","0","0","1","2","43","29.10.12"
"560487","156","Рівненська область","школа, класна кімната
вул.Озерна, 1, с.Мар’янівка, Костопільський р-н, Рівненська обл., 35020","116","31","110","8","77","8","85","","0","77","8","85","1","84","6","42","1","1","1","17","0","0","1","0","1","2","12","28.10.12"
"560488","156","Рівненська область","житловий будинок, зала
вул.Шевченка, 13, с.Олександрівка, Костопільський р-н, Рівненська обл., 35020","136","31","133","10","95","10","105","","0","95","10","105","2","103","11","27","0","1","0","39","0","1","1","0","1","4","18","28.10.12"
"560489","156","Рівненська область","сільський клуб, танцювальна зала
вул.Б.Хмельницького, 6, с.Пеньків, Костопільський р-н, Рівненська обл., 35020","200","79","197","18","106","15","121","","0","106","15","121","6","115","7","24","4","0","1","31","4","1","1","0","0","1","41","28.10.12"
"560490","156","Рівненська область","сільський клуб, актова зала
вул.Шевченка, 109, с.Велика Любаша, Костопільський р-н, Рівненська обл., 35024","724","376","724","14","338","10","348","","0","338","10","348","20","328","12","59","7","7","9","152","19","3","2","2","6","5","45","29.10.12"
"560491","156","Рівненська область","школа, класна кімната
вул.Молодіжна, 35А, с.Корчів’я, Костопільський р-н, Рівненська обл., 35064","576","234","554","14","328","14","342","","0","328","14","342","15","327","7","47","8","8","6","165","8","1","3","0","6","17","51","28.10.12"
"560492","156","Рівненська область","школа, спортивна зала
вул.Шкільна, 2, с.Космачів, Костопільський р-н, Рівненська обл., 35023","180","69","176","9","106","5","111","","0","106","5","111","7","104","1","23","0","0","4","32","8","1","3","1","0","6","25","28.10.12"
"560493","156","Рівненська область","школа, фойє
вул.Жовтнева, 1, с.Підлужне, Костопільський р-н, Рівненська обл., 35023","632","304","629","28","300","28","328","","0","300","28","328","16","312","7","72","9","4","10","134","15","5","4","1","5","2","44","29.10.12"
"560494","156","Рівненська область","школа, класна кімната
вул.Героїв УПА, 19А, с.Трубиці, Костопільський р-н, Рівненська обл., 35023","288","119","285","12","157","12","169","","0","157","12","169","7","162","9","20","2","3","1","78","3","1","1","0","3","2","39","29.10.12"
"560495","156","Рівненська область","лісництво, фойє
вул.Лісна, 4, с.Моквинські Хутори, Костопільський р-н, Рівненська обл., 35031","272","115","268","6","152","5","157","","0","152","5","157","8","149","7","21","13","1","9","45","0","1","7","2","0","4","39","28.10.12"
"560496","156","Рівненська область","сільський клуб, танцювальна зала
вул.Незалежності, 55, с.Пісків, Костопільський р-н, Рівненська обл., 35032","896","386","883","22","488","22","510","","0","488","22","510","4","506","10","113","9","11","10","206","15","3","9","4","4","9","103","28.10.12"
"560497","156","Рівненська область","сільський клуб, танцювальна зала
вул.Шкільна, 16, с.Рокитне, Костопільський р-н, Рівненська обл., 35033","476","195","472","30","254","27","281","","0","254","27","281","11","270","12","41","4","4","5","139","9","2","4","1","2","0","47","28.10.12"
"560498","156","Рівненська область","сільський клуб, танцювальна зала
вул.Правди, 2, с.Яснобір, Костопільський р-н, Рівненська обл., 35033","100","36","101","3","61","3","64","","0","61","3","64","3","61","2","4","3","2","4","13","0","0","1","0","0","19","13","28.10.12"
"560499","156","Рівненська область","школа, фойє
вул.Незалежності, 10, с.Постійне, Костопільський р-н, Рівненська обл., 35050","1512","534","1496","68","914","64","978","","0","914","64","978","40","938","5","314","11","7","2","239","4","0","2","2","1","1","350","29.10.12"
"560500","156","Рівненська область","сільський клуб, зала засідань
вул.Центральна, 33, с.Волиця, Костопільський р-н, Рівненська обл., 35021","140","50","138","8","82","8","90","","0","82","8","90","2","88","8","10","2","1","1","23","3","0","0","0","0","3","37","29.10.12"
"560501","156","Рівненська область","школа, фойє
вул.Набережна, 88, с.Жалин, Костопільський р-н, Рівненська обл., 35022","524","166","514","38","320","38","358","","0","320","38","358","12","346","11","61","8","14","2","135","7","3","3","0","6","12","84","29.10.12"
"560502","156","Рівненська область","школа, класна кімната
вул.Л.Українки, 3, с.Збуж, Костопільський р-н, Рівненська обл., 35022","316","113","313","10","193","10","203","","0","193","10","203","4","199","3","16","7","23","4","66","4","0","2","0","1","2","71","28.10.12"
"560503","156","Рівненська область","сільська рада, зала засідань
вул.Молодіжна, 1, с.Яполоть, Костопільський р-н, Рівненська обл., 35021","636","280","627","6","350","6","356","","0","350","6","356","27","329","16","28","8","8","0","102","3","0","4","2","1","8","149","29.10.12"
"560504","156","Рівненська область","Костопільська дільниця по випуску теплоізоляційних матеріалів, фойє
вул.Степанська, 115, м.Костопіль, Костопільський р-н, Рівненська обл., 35000","1900","943","1877","13","946","11","957","","0","946","11","957","38","919","35","151","26","51","25","424","45","9","7","7","22","11","106","29.10.12"
"560505","156","Рівненська область","центр культури і дозвілля, актова зала
вул.Степанська, 12, м.Костопіль, Костопільський р-н, Рівненська обл., 35000","2376","1177","2326","17","1185","14","1199","","0","1185","14","1199","45","1154","31","195","33","27","19","547","44","10","19","8","41","18","162","28.10.12"
"560506","156","Рівненська область","школа №3, зала їдальні
вул.М.Грушевського, 11, м.Костопіль, Костопільський р-н, Рівненська обл., 35000","1368","653","1344","15","702","13","715","","0","702","13","715","32","683","14","150","14","18","25","263","32","7","20","13","22","16","89","29.10.12"
"560507","156","Рівненська область","районний будинок культури, фойє
вул.Д.Галицького, 1, м.Костопіль, Костопільський р-н, Рівненська обл., 35000","2016","908","1976","23","1089","19","1108","","0","1089","19","1108","38","1070","22","198","20","20","25","466","53","11","29","12","20","21","173","29.10.12"
"560508","156","Рівненська область","КП ""Костопільське будинкоуправління"", зала засідань
вул.1 Травня, 7А, м.Костопіль, Костопільський р-н, Рівненська обл., 35000","1760","879","1740","17","868","13","881","","0","868","13","881","43","838","24","177","15","22","24","364","42","6","15","9","19","18","103","29.10.12"
"560509","156","Рівненська область","школа №8, спортивна зала
вул.Зелена, 3, м.Костопіль, Костопільський р-н, Рівненська обл., 35000","2152","1016","2105","18","1119","17","1136","","0","1119","17","1136","45","1091","25","216","7","28","12","394","166","7","16","5","38","23","154","28.10.12"
"560510","156","Рівненська область","магазин райспоживспілки, торгова зала
вул.Хмизопільська, 50, м.Костопіль, Костопільський р-н, Рівненська обл., 35000","608","280","596","5","323","5","328","","0","323","5","328","6","322","5","20","0","4","3","87","149","0","1","2","5","5","41","28.10.12"
"560511","156","Рівненська область","школа №4, спортивна зала
вул.Лятуринської, 15, м.Костопіль, Костопільський р-н, Рівненська обл., 35000","2048","958","2111","27","1070","20","1090","","0","1070","20","1090","41","1049","24","189","20","37","26","466","43","7","17","13","27","26","154","29.10.12"
"560512","156","Рівненська область","школа №5, спортивна зала
вул.Сидорова, 1А, м.Костопіль, Костопільський р-н, Рівненська обл., 35000","2340","1153","2305","15","1176","11","1187","","0","1176","11","1187","80","1107","46","245","20","34","13","458","58","7","20","11","28","18","149","29.10.12"
"560513","156","Рівненська область","КП ""Костопільські районні мережі"", зала засідань, колишній Агробуд
вул.Проектова, 50, м.Костопіль, Костопільський р-н, Рівненська обл., 35000","1928","1046","1907","12","871","11","882","","0","871","11","882","37","845","50","127","20","46","11","359","47","12","15","2","19","24","113","29.10.12"
"560514","156","Рівненська область","АТП-15638, зала засідань
вул.Рівненська, 107, м.Костопіль, Костопільський р-н, Рівненська обл., 35000","2124","1023","2077","15","1087","14","1101","","0","1087","14","1101","55","1046","27","167","16","45","16","522","50","6","8","11","51","18","109","29.10.12"
"560515","156","Рівненська область","Костопільське міжрайонне управління водного господарства, актова зала
вул.Сарненська, 26, м.Костопіль, Костопільський р-н, Рівненська обл., 35000","2236","1087","2197","25","1129","20","1149","","0","1129","20","1149","67","1082","20","208","17","41","24","533","66","7","12","6","21","14","113","29.10.12"
"560516","156","Рівненська область","школа №6, вестибюль
вул.Ю.Жилки, 3, м.Костопіль, Костопільський р-н, Рівненська обл., 35000","2340","1077","1268","25","1243","20","1263","","0","1243","20","1263","58","1205","34","184","18","53","17","623","72","12","9","15","39","13","116","29.10.12"
"560517","156","Рівненська область","Костопільська центральна районна лікарня, палати пацієнтів
вул.Степанська, 52А, м.Костопіль, Костопільський р-н, Рівненська обл., 35000","124","42","91","65","22","60","82","","0","22","60","82","4","78","6","9","0","1","1","32","2","0","1","0","2","3","21","28.10.12"
"560777","156","Рівненська область","дитсадок №7, актова зала
вул.Дослідна станція, 3А, м.Сарни, Сарненський р-н, Рівненська обл., 34500","476","196","470","1","279","1","280","","0","279","1","280","9","271","10","31","4","3","0","87","2","14","14","0","2","19","85","29.10.12"
"560778","156","Рівненська область","Управління водного господарства, приміщення для засідань
вул.Бегми, 61, м.Сарни, Сарненський р-н, Рівненська обл., 34500","1124","498","1107","9","621","5","626","","0","621","5","626","27","599","8","27","38","20","8","264","1","45","29","2","8","26","123","29.10.12"
"560779","156","Рівненська область","ДП ""Сарненський лісгосп"", актова зала
вул.Гоголя, 34, м.Сарни, Сарненський р-н, Рівненська обл., 34500","1192","515","1179","18","660","17","677","","0","660","17","677","33","644","10","39","28","10","3","255","1","37","42","1","10","42","166","29.10.12"
"560780","156","Рівненська область","НВК ""Школа-колегіум"", актова зала
вул.В’ячеслава Чорновола, 1, м.Сарни, Сарненський р-н, Рівненська обл., 34500","952","470","938","9","473","9","482","","0","473","9","482","12","470","3","40","22","13","2","195","3","24","48","1","4","38","77","29.10.12"
"560781","156","Рівненська область","школа №4, спортивна зала
вул.В’ячеслава Чорновола, 2, м.Сарни, Сарненський р-н, Рівненська обл., 34500","1068","497","1053","20","560","11","571","","0","560","11","571","25","546","5","35","28","16","3","214","2","44","57","0","4","53","85","29.10.12"
"560782","156","Рівненська область","Педагогічний коледж, навчальний корпус, фойє
вул.Ковельська, 16, м.Сарни, Сарненський р-н, Рівненська обл., 34500","984","457","985","8","521","6","527","","0","521","6","527","23","504","12","54","22","12","1","244","0","22","24","3","6","14","90","29.10.12"
"560783","156","Рівненська область","будинок дітей та молоді, спортивна зала
вул.Ковельська, 9, м.Сарни, Сарненський р-н, Рівненська обл., 34500","1264","677","1250","9","580","7","587","","0","580","7","587","31","556","4","58","45","13","3","226","3","42","46","3","6","35","72","29.10.12"
"560784","156","Рівненська область","ВАТ ""СЗМТК"", вестибюль
вул.17 Вересня, 21, м.Сарни, Сарненський р-н, Рівненська обл., 34500","1268","566","1237","11","697","5","702","","0","697","5","702","46","656","5","44","35","21","7","229","1","38","95","2","9","45","125","29.10.12"
"560785","156","Рівненська область","МБК ""Залізничник"", вестибюль
вул.Залізнична, 18, м.Сарни, Сарненський р-н, Рівненська обл., 34500","1420","723","1399","20","677","20","697","","0","677","20","697","38","659","10","52","55","18","10","216","2","38","68","4","3","73","110","29.10.12"
"560786","156","Рівненська область","міська рада, зала засідань
вул.Широка, 31, м.Сарни, Сарненський р-н, Рівненська обл., 34500","1144","546","1127","19","584","14","598","","0","584","14","598","24","574","4","63","26","8","6","226","1","35","52","6","9","38","100","29.10.12"
"560787","156","Рівненська область","гімназія, актова зала
вул.Бєлгородська, 1, м.Сарни, Сарненський р-н, Рівненська обл., 34500","948","456","928","14","481","11","492","","0","481","11","492","27","465","5","35","35","7","1","135","0","43","52","1","4","47","100","29.10.12"
"560788","156","Рівненська область","дитсадок №6, музична зала
вул.8 Березня, 3, м.Сарни, Сарненський р-н, Рівненська обл., 34500","1516","746","1488","5","766","4","770","","0","766","4","770","35","735","15","56","51","24","9","273","5","53","59","2","13","62","113","29.10.12"
"560789","156","Рівненська область","дитсадок №8, музична зала
вул.Бєлгородська, 1А, м.Сарни, Сарненський р-н, Рівненська обл., 34500","1256","605","1255","2","649","2","651","","0","649","2","651","20","631","7","37","50","24","1","242","3","67","35","2","8","51","104","29.10.12"
"560790","156","Рівненська область","школа №5, актова зала
вул.Коперніка, 10, м.Сарни, Сарненський р-н, Рівненська обл., 34500","1288","678","1285","6","604","6","610","","0","604","6","610","17","593","10","62","33","11","5","224","1","58","34","0","3","61","91","29.10.12"
"560791","156","Рівненська область","ПМК-81, актова зала
вул.Ткача, 5, м.Сарни, Сарненський р-н, Рівненська обл., 34500","1236","590","1230","12","639","7","646","","0","639","7","646","14","632","3","45","34","10","9","218","0","85","34","2","6","56","130","29.10.12"
"560792","156","Рівненська область","школа №2, вестибюль
вул.Кузнєцова, 23, м.Сарни, Сарненський р-н, Рівненська обл., 34500","1408","656","1387","29","729","23","752","","0","729","23","752","32","720","10","57","52","3","13","274","4","71","46","1","18","52","119","29.10.12"
"560793","156","Рівненська область","ВПУ-22, актова зала
вул.Технічна, 4, м.Сарни, Сарненський р-н, Рівненська обл., 34500","1576","851","1552","3","722","3","725","","0","722","3","725","34","691","15","59","38","10","4","241","1","87","51","3","11","57","114","29.10.12"
"560794","156","Рівненська область","клуб ""Колос"", глядацька зала
вул.Гагаріна, 60А, м.Сарни, Сарненський р-н, Рівненська обл., 34500","1900","1054","1877","13","833","13","846","","0","833","13","846","40","806","7","67","54","5","6","346","0","75","21","2","4","61","158","29.10.12"
"560795","156","Рівненська область","школа, вестибюль
вул.Меліораторів, 5, смт Клесів, Сарненський р-н, Рівненська обл., 34550","1084","570","1080","10","504","10","514","","0","504","10","514","24","490","6","40","110","4","7","125","1","10","12","0","5","21","149","29.10.12"
"560796","156","Рівненська область","будинок культури, актова зала
вул.Леніна, 17, смт Клесів, Сарненський р-н, Рівненська обл., 34550","2456","1235","2434","25","1198","23","1221","","0","1198","23","1221","67","1154","19","96","201","12","6","338","2","40","38","4","14","65","319","29.10.12"
"560797","156","Рівненська область","сільський клуб, глядацька зала
вул.Центральна, 119, с.Клесів, Сарненський р-н, Рівненська обл., 34550","1540","986","1539","25","532","22","554","","0","532","22","554","37","517","6","31","71","4","4","116","3","13","11","6","1","77","174","29.10.12"
"560798","156","Рівненська область","будинок культури, актова зала
вул.Київська, 4, смт Степань, Сарненський р-н, Рівненська обл., 34560","1384","611","1373","59","721","52","773","","0","721","52","773","16","757","3","30","32","197","6","356","1","6","7","0","13","14","92","29.10.12"
"560799","156","Рівненська область","будинок дітей та молоді, актова зала
вул.Київська, 24, смт Степань, Сарненський р-н, Рівненська обл., 34560","1576","603","1498","46","940","33","973","","0","940","33","973","31","942","5","30","55","294","5","328","0","3","10","15","24","12","161","29.10.12"
"560800","156","Рівненська область","школа, вестибюль
вул.Шкільна, 3, с.Калинівка, Сарненський р-н, Рівненська обл., 34574","532","224","524","11","299","9","308","","0","299","9","308","18","290","7","5","21","58","3","90","2","3","7","0","4","10","80","29.10.12"
"560801","156","Рівненська область","сільський клуб, глядацька зала
вул.Миру, 2, с.Мельниця, Сарненський р-н, Рівненська обл., 34574","236","59","235","15","163","14","177","","0","163","14","177","8","169","0","7","0","15","2","47","0","1","1","0","5","7","84","28.10.12"
"560802","156","Рівненська область","школа, вестибюль
вул.Зелена, 23, с.Грушівка, Сарненський р-н, Рівненська обл., 34560","152","34","158","3","115","3","118","","0","115","3","118","6","112","4","0","18","7","3","42","0","0","3","0","0","2","33","29.10.12"
"560803","156","Рівненська область","школа, вестибюль
вул.Богдана Хмельницького, 28, с.Труди, Сарненський р-н, Рівненська обл., 34574","120","35","104","13","73","12","85","","0","73","12","85","2","83","0","0","2","15","1","30","1","0","1","0","5","5","23","29.10.12"
"560804","156","Рівненська область","школа, вестибюль
вул.Лісова, 20, с.Двірець, Сарненський р-н, Рівненська обл., 34560","104","41","98","0","63","0","63","","0","63","0","63","2","61","0","5","4","3","0","9","0","0","1","0","7","1","31","29.10.12"
"560805","156","Рівненська область","будинок культури, актова зала
вул.Першотравнева, 46, с.Велике Вербче, Сарненський р-н, Рівненська обл., 34531","1808","569","1789","52","1189","50","1239","","0","1189","50","1239","40","1199","22","68","155","50","14","528","9","20","35","24","7","38","229","29.10.12"
"560806","156","Рівненська область","сільський клуб, глядацька зала
вул.Центральна, 14, с.Бутейки, Сарненський р-н, Рівненська обл., 34571","484","118","482","25","341","25","366","","0","341","25","366","6","360","12","22","22","52","1","114","1","5","8","2","6","21","94","29.10.12"
"560807","156","Рівненська область","сільський клуб, глядацька зала
вул.Центральна, 58, с.Вирка, Сарненський р-н, Рівненська обл., 34571","204","38","211","22","146","20","166","","0","146","20","166","7","159","1","10","13","2","1","50","2","2","4","2","0","2","70","29.10.12"
"560808","156","Рівненська область","сільський клуб, глядацька зала
вул.Центральна, 2Б, с.Вири, Сарненський р-н, Рівненська обл., 34551","1300","595","1292","0","705","0","705","","0","705","0","705","29","676","21","28","112","57","5","217","0","8","8","7","4","29","180","29.10.12"
"560809","156","Рівненська область","сільський клуб, глядацька зала
вул.Заводська, 16, с.Гранітне, Сарненський р-н, Рівненська обл., 34573","376","105","370","0","271","0","271","","0","271","0","271","15","256","9","8","24","16","1","62","1","5","10","1","4","20","95","29.10.12"
"560810","156","Рівненська область","сільський клуб, глядацька зала
вул.Шкільна, 1, с.Олексіївка, Сарненський р-н, Рівненська обл., 34573","204","66","203","0","138","0","138","","0","138","0","138","5","133","4","3","10","2","2","30","0","1","5","0","1","14","61","29.10.12"
"560811","156","Рівненська область","сільський клуб, глядацька зала
вул.Лісна, 1, с.Федорівка, Сарненський р-н, Рівненська обл., 34577","480","218","476","7","255","7","262","","0","255","7","262","12","250","9","16","23","3","1","46","0","2","7","1","1","27","114","29.10.12"
"560812","156","Рівненська область","будинок культури, глядацька зала
вул.Центральна, 103, с.Зносичі, Сарненський р-н, Рівненська обл., 34545","1532","560","1525","35","945","27","972","","0","945","27","972","34","938","18","60","26","19","2","230","2","19","8","5","20","56","473","29.10.12"
"560813","156","Рівненська область","будинок культури, актова зала
вул.Литовська, 1А, с.Кам’яне-Случанське, Сарненський р-н, Рівненська обл., 34543","940","434","933","8","498","8","506","","0","498","8","506","29","477","18","20","30","7","3","66","0","5","35","2","9","30","252","29.10.12"
"560814","156","Рівненська область","сільський клуб, глядацька зала
вул.Центральна, 14, с.Карасин, Сарненський р-н, Рівненська обл., 34511","400","117","396","27","256","27","283","","0","256","27","283","32","251","5","21","20","11","0","54","0","2","10","1","0","25","102","29.10.12"
"560815","156","Рівненська область","будинок культури, актова зала
вул.Радянська, 49, с.Карпилівка, Сарненський р-н, Рівненська обл., 34513","1568","486","1549","55","1028","54","1082","","0","1028","54","1082","51","1031","17","51","73","24","15","344","9","31","22","26","9","36","374","29.10.12"
"560816","156","Рівненська область","сільський клуб, глядацька зала
вул.Щорса, 1А, с.Рудня-Карпилівська, Сарненський р-н, Рівненська обл., 34513","344","114","338","10","220","10","230","","0","220","10","230","7","223","8","12","17","14","7","52","0","4","2","2","0","14","91","29.10.12"
"560817","156","Рівненська область","будинок культури, глядацька зала
вул.Центральна, 100, с.Корост, Сарненський р-н, Рівненська обл., 34532","1492","620","1478","26","849","23","872","","0","849","23","872","29","843","9","39","136","26","6","366","0","12","20","3","11","25","190","29.10.12"
"560818","156","Рівненська область","сільський клуб, глядацька зала
вул.Центральна, 61, с.Мале Вербче, Сарненський р-н, Рівненська обл., 34533","720","278","704","10","432","10","442","","0","432","10","442","31","411","9","23","58","6","8","188","2","9","11","4","3","8","82","29.10.12"
"560819","156","Рівненська область","сільський клуб, вестибюль
вул.Центральна, 26, с.Одринки, Сарненський р-н, Рівненська обл., 34575","436","169","434","0","267","0","267","","0","267","0","267","15","252","5","3","85","23","2","46","2","2","17","1","2","5","59","28.10.12"
"560820","156","Рівненська область","сільський клуб, глядацька зала
вул.Шевченка, 4, с.Костянтинівка, Сарненський р-н, Рівненська обл., 34509","936","474","920","47","415","47","462","","0","415","47","462","9","453","10","25","45","23","1","133","1","14","25","1","3","21","151","29.10.12"
"560821","156","Рівненська область","школа, вестибюль
вул.Миру, 50, с.Орлівка, Сарненський р-н, Рівненська обл., 34509","392","207","383","14","171","14","185","","0","171","14","185","10","175","6","24","6","7","1","65","1","4","11","2","0","9","39","29.10.12"
"560822","156","Рівненська область","будинок культури, актова зала
вул.Шевченка, 196А, с.Кричильськ, Сарненський р-н, Рівненська обл., 34530","1880","958","1859","14","908","14","922","","0","908","14","922","33","889","6","20","314","8","5","343","3","3","10","6","4","21","146","29.10.12"
"560823","156","Рівненська область","школа, вестибюль
вул.Центральна, 92, с.Поляна, Сарненський р-н, Рівненська обл., 34530","292","115","293","12","165","12","177","","0","165","12","177","1","176","1","1","82","4","0","16","0","1","1","0","0","2","68","29.10.12"
"560824","156","Рівненська область","сільський клуб, глядацька зала
вул.Центральна, 30, с.Угли, Сарненський р-н, Рівненська обл., 34530","216","69","213","9","138","9","147","","0","138","9","147","3","144","0","4","44","3","2","32","2","5","3","0","0","2","47","29.10.12"
"560825","156","Рівненська область","будинок культури, глядацька зала
вул.Кузнєцова, 102, с.Кузьмівка, Сарненський р-н, Рівненська обл., 34561","496","187","492","43","271","38","309","","0","271","38","309","6","303","6","9","19","33","0","89","0","3","7","2","2","14","119","28.10.12"
"560826","156","Рівненська область","сільський клуб, глядацька зала
вул.Центральна, 55, с.Яблунька, Сарненський р-н, Рівненська обл., 34562","204","42","201","26","137","25","162","","0","137","25","162","8","154","6","2","19","26","5","28","0","2","0","0","2","7","57","29.10.12"
"560827","156","Рівненська область","сільський клуб, глядацька зала
вул.Центральна, 49, с.Волоша, Сарненський р-н, Рівненська обл., 34561","152","48","149","17","88","16","104","","0","88","16","104","5","99","3","10","6","12","0","13","0","2","0","2","3","0","48","29.10.12"
"560828","156","Рівненська область","будинок культури, глядацька зала
вул.Центральна, 119, с.Любиковичі, Сарненський р-н, Рівненська обл., 34510","948","416","929","27","508","24","532","","0","508","24","532","28","504","15","27","24","17","6","138","4","17","24","5","0","53","174","29.10.12"
"560829","156","Рівненська область","сільський клуб, глядацька зала
вул.Шкільна, 1, с.Білятичі, Сарненський р-н, Рівненська обл., 34510","292","110","288","13","171","11","182","","0","171","11","182","10","172","3","15","5","6","1","78","0","1","14","0","1","12","36","29.10.12"
"560830","156","Рівненська область","сільський клуб, глядацька зала
вул.Центральна, 22А, с.Мар’янівка, Сарненський р-н, Рівненська обл., 34510","212","67","207","16","129","16","145","","0","129","16","145","9","136","1","12","12","3","0","49","2","0","5","1","0","10","41","29.10.12"
"560831","156","Рівненська область","будинок культури, актова зала
вул.Центральна, 75, с.Люхча, Сарненський р-н, Рівненська обл., 34508","1692","734","1666","13","948","10","958","","0","948","10","958","42","916","4","52","34","9","5","292","3","18","15","3","2","23","456","29.10.12"
"560832","156","Рівненська область","сільський клуб, глядацька зала
вул.Франка, 48, с.Глушиця, Сарненський р-н, Рівненська обл., 34572","876","434","874","4","438","4","442","","0","437","4","441","13","428","10","13","20","3","5","120","0","6","25","0","2","18","206","29.10.12"
"560833","156","Рівненська область","школа, вестибюль
вул.Шкільна, 3Б, с.Дубки, Сарненський р-н, Рівненська обл., 34572","356","141","356","3","212","3","215","","0","212","3","215","8","207","4","17","8","5","1","58","0","4","5","1","1","5","98","29.10.12"
"560834","156","Рівненська область","сільський клуб, глядацька зала
вул.Лесі Українки, 2А, с.Обірки, Сарненський р-н, Рівненська обл., 34572","144","44","150","1","99","1","100","","0","99","1","100","3","97","2","8","5","3","1","25","1","3","4","1","0","5","39","29.10.12"
"560835","156","Рівненська область","сільський клуб, глядацька зала
вул.Радянська, 6, с.Немовичі, Сарненський р-н, Рівненська обл., 34540","2284","1212","2255","23","1049","23","1072","","0","1049","23","1072","34","1038","14","94","78","14","7","301","4","38","22","4","14","26","422","29.10.12"
"560836","156","Рівненська область","адмінприміщення ВК-46, приміщення для засідань
вул.Ткача, 31, с.Катеринівка, Сарненський р-н, Рівненська обл., 34541","552","243","543","7","302","7","309","","0","302","7","309","12","297","17","17","15","5","2","70","1","10","12","3","3","32","110","29.10.12"
"560837","156","Рівненська область","приміщення лісництва, приміщення для засідань
вул.Залізнична, 11, с-ще Немовичі, Сарненський р-н, Рівненська обл., 34540","96","38","94","12","46","12","58","","0","46","12","58","1","57","0","1","2","1","0","9","1","2","0","0","0","1","40","29.10.12"
"560838","156","Рівненська область","адмінприміщення сільської ради, приміщення для засідань
вул.Перемоги, 21, с.Ремчиці, Сарненський р-н, Рівненська обл., 34520","644","312","628","39","293","39","332","","0","293","39","332","13","319","3","18","16","2","1","91","0","14","12","3","0","16","143","29.10.12"
"560839","156","Рівненська область","школа, вестибюль
вул.Кузнєцова, 64, с.Тріскині, Сарненський р-н, Рівненська обл., 34521","1112","584","1115","10","518","10","528","","0","518","10","528","24","504","13","20","30","12","3","268","0","9","8","4","3","12","122","29.10.12"
"560840","156","Рівненська область","школа, вестибюль
вул.Шевченка, 44, с.Яринівка, Сарненський р-н, Рівненська обл., 34580","652","308","649","25","319","25","344","","0","319","25","344","16","328","7","11","19","5","4","151","1","14","13","2","1","13","87","29.10.12"
"560841","156","Рівненська область","адмінприміщення сільської ради, приміщення для засідань
вул.40-річчя Перемоги, 2, с.Селище, Сарненський р-н, Рівненська обл., 34552","1080","434","1059","44","603","43","646","","0","603","43","646","23","623","28","34","55","16","4","228","5","16","63","6","6","48","114","29.10.12"
"560842","156","Рівненська область","сільський клуб, глядацька зала
вул.40-річчя Перемоги, 3, с.Ясногірка, Сарненський р-н, Рівненська обл., 34553","1112","544","1112","7","561","7","568","","0","561","7","568","35","533","21","14","68","26","1","163","2","11","3","3","8","13","200","29.10.12"
"560843","156","Рівненська область","сільський клуб, глядацька зала
вул.Грушевського, 9А, с.Чабель, Сарненський р-н, Рівненська обл., 34579","724","298","721","13","413","13","426","","0","413","13","426","23","403","9","8","47","10","3","139","4","7","1","0","5","6","164","29.10.12"
"560844","156","Рівненська область","будинок культури, глядацька зала
вул.Чапленка, 32, с.Стрільськ, Сарненський р-н, Рівненська обл., 34512","1644","696","1631","51","899","49","948","","0","899","49","948","45","903","22","40","31","15","9","262","9","12","20","15","2","53","413","29.10.12"
"560845","156","Рівненська область","сільський клуб, глядацька зала
вул.Центральна, 1, с.Маслопуща, Сарненський р-н, Рівненська обл., 34512","100","58","95","0","42","0","42","","0","42","0","42","1","41","0","2","4","0","0","13","1","0","1","0","0","0","20","28.10.12"
"560846","156","Рівненська область","будинок культури, актова зала
вул.Українська, 1, с.Тинне, Сарненський р-н, Рівненська обл., 34544","2228","970","2219","65","1196","62","1258","","0","1196","62","1258","50","1208","22","35","96","41","7","553","9","16","15","7","20","48","339","29.10.12"
"560847","156","Рівненська область","школа, спортивна зала
вул.Садова, 2, с.Тинне, Сарненський р-н, Рівненська обл., 34544","592","251","593","4","337","4","341","","0","337","4","341","19","322","7","20","23","20","1","143","2","5","5","3","3","34","56","28.10.12"
"560848","156","Рівненська область","сільський клуб, глядацька зала
вул.І.Наумця, 75, с.Тутовичі, Сарненський р-н, Рівненська обл., 34522","780","305","777","9","466","9","475","","0","466","9","475","18","457","20","35","33","11","5","179","0","7","2","3","4","24","134","29.10.12"
"560849","156","Рівненська область","сільський клуб, глядацька зала
вул.Центральна, 83Б, с.Довге, Сарненський р-н, Рівненська обл., 34523","640","303","633","22","315","22","337","","0","315","22","337","8","329","3","7","32","9","3","108","0","5","4","1","2","8","147","28.10.12"
"560850","156","Рівненська область","школа, приміщення їдальні
вул.Центральна, 60, с.Цепцевичі, Сарненський р-н, Рівненська обл., 34578","1800","993","1792","12","796","11","807","","0","796","11","807","41","766","14","23","57","30","6","482","2","8","3","3","1","33","104","29.10.12"
"560851","156","Рівненська область","сільський клуб, актова зала
вул.Залізнична, 2В, с-ще Чемерне, Сарненський р-н, Рівненська обл., 34524","564","280","554","1","283","1","284","","0","283","1","284","17","267","3","14","28","9","2","81","0","8","6","0","0","13","103","29.10.12"
"560852","156","Рівненська область","адмінприміщення сільської ради, приміщення для засідань
вул.Миру, 1, с.Чудель, Сарненський р-н, Рівненська обл., 34542","2096","1023","2085","72","1014","59","1073","","0","1014","59","1073","32","1041","7","36","41","8","7","156","3","17","13","5","7","54","687","29.10.12"
"560853","156","Рівненська область","адмінприміщення лікарні, актова зала
вул.Ярослава Мудрого, 3, м.Сарни, Сарненський р-н, Рівненська обл., 34500","432","384","50","31","18","30","48","","0","18","30","48","0","48","1","1","4","2","1","16","0","1","1","0","0","7","14","29.10.12"
"560854","156","Рівненська область","адмінприміщення лікарні, актова зала
вул.Миру, 36А, с.Орлівка, Сарненський р-н, Рівненська обл., 34509","104","76","29","0","28","0","28","","0","28","0","28","0","28","0","2","2","1","2","6","1","1","1","0","0","0","12","29.10.12"
"560855","156","Рівненська область","діагностичний корпус, вестибюль
вул.Залізничників, 1А, с-ще Страшеве, Сарненський р-н, Рівненська обл., 34513","80","47","49","0","33","0","33","","0","33","0","33","3","30","0","0","2","2","0","8","0","0","1","0","0","3","14","29.10.12"
"560856","156","Рівненська область","ВК-46, приміщення клубу
вул.Рівненська, 10, с.Катеринівка, Сарненський р-н, Рівненська обл., 34541","1220","14","1206","0","1206","0","1206","","0","1206","0","1206","186","1020","43","32","28","18","30","131","25","47","22","33","33","96","482","29.10.12"
