"№ ВД","OBO","Назва регіону України","Місцезнаходження та адреса приміщення для голосування","1) К-сть одержаних бюлетенів","2) К-сть невикористаних бюлетенів","3) К-сть виборців, внесених до списку виборців","4) К-сть виборців, внесених до витягу зі списку виборців","5) К-сть виборців, які отримали бюлетені у приміщенні","6) К-сть виборців, які отримали за місцем перебування","7) Сумарна к-сть виборців, які отримали бюлетені","8) К-сть бюлетенів, що виявилися у кожній скринці","9) К-сть бюлетенів, що не підлягають врахуванню","10) К-сть виборців, які взяли участь у голос. у приміщенні для гол.","11) К-сть виборців, які взяли участь у голос. за місцем перебування","12) К-сть виборців, які взяли участь у голосуванні на виборчій дільниці","13) К-сть бюлетенів, визнаних недійсними","14) Сумарна к-сть голосів виборців ЗА","Анащенко
Анатолій
Анатолійович","Білий
Андрій
Володимирович","Власова
Наталія
Федорівна","Городецький
Олексій
Ілліч","Карачевцев
Юрій
Васильович","Криштоп
Ігор
Володимирович","Лужецький
Олексій
Анатолійович","Салкоч
Олексій
Федорович","Солошенко
Микола
Павлович","Шилова
Вікторія
Віталіївна","Шипко
Аркадій
Юрійович","Дата підписання протоколу"
"120209","38","Дніпропетровська область","школа, вестибюль
вул.Крупської, 2, с.Бузівка, Магдалинівський р-н, Дніпропетровська обл., 51120","486","174","488","59","257","55","312","","0","257","55","312","9","303","2","28","13","4","3","1","0","7","127","82","36","29.10.12"
"120210","38","Дніпропетровська область","школа, вестибюль
вул.Центральна, 48, с.Ковпаківка, Магдалинівський р-н, Дніпропетровська обл., 51121","510","212","495","47","252","46","298","","0","252","46","298","7","291","4","20","8","2","4","1","1","6","123","80","42","29.10.12"
"120211","38","Дніпропетровська область","фельдшерський пункт, фойє
вул.Шкільна, 2, с.Йосипівка, Магдалинівський р-н, Дніпропетровська обл., 51123","180","48","177","28","104","28","132","","0","104","28","132","5","127","4","10","4","0","2","2","0","1","60","24","20","29.10.12"
"120212","38","Дніпропетровська область","школа, вестибюль
вул.Стаханова, 4, с.Гупалівка, Магдалинівський р-н, Дніпропетровська обл., 51110","930","371","918","110","455","104","559","","0","455","104","559","13","546","4","39","17","4","19","4","4","32","230","119","74","29.10.12"
"120213","38","Дніпропетровська область","сільська рада, кабінет бухгалтерії
вул.Пушкіна, 4, с.Дмухайлівка, Магдалинівський р-н, Дніпропетровська обл., 51115","912","387","902","117","410","115","525","","0","410","115","525","18","507","8","56","16","12","15","1","3","11","255","78","52","29.10.12"
"120214","38","Дніпропетровська область","школа, вестибюль
вул.Ленінська, 27, с.Жданівка, Магдалинівський р-н, Дніпропетровська обл., 51142","1002","437","994","82","489","76","565","","0","489","76","565","18","547","5","22","17","0","8","2","2","46","314","75","56","29.10.12"
"120215","38","Дніпропетровська область","школа, вестибюль
вул.Центральна, 34, с.Крамарка, Магдалинівський р-н, Дніпропетровська обл., 51142","336","121","324","31","187","28","215","","0","187","28","215","3","212","0","6","6","2","1","0","2","15","117","49","14","29.10.12"
"120216","38","Дніпропетровська область","школа, спортивна зала
вул.Крупської, 1, с.Заплавка, Магдалинівський р-н, Дніпропетровська обл., 51113","564","234","560","46","284","46","330","","0","284","46","330","9","321","8","27","7","0","3","5","0","3","116","67","85","28.10.12"
"120217","38","Дніпропетровська область","школа, вестибюль
вул.Нестеренка, 5, с.Минівка, Магдалинівський р-н, Дніпропетровська обл., 51114","330","124","330","40","166","40","206","","0","166","40","206","16","190","2","19","3","0","2","1","2","4","65","59","33","29.10.12"
"120218","38","Дніпропетровська область","будинок культури, зала
вул.Назаренка, 147, с.Казначеївка, Магдалинівський р-н, Дніпропетровська обл., 51153","858","323","850","34","505","30","535","","0","505","30","535","17","518","2","32","14","12","15","6","5","52","206","123","51","29.10.12"
"120219","38","Дніпропетровська область","будинок культури, великий зал
вул.Садова, 1Г, с.Котовка, Магдалинівський р-н, Дніпропетровська обл., 51112","1848","826","1819","92","932","90","1022","","0","932","90","1022","48","974","5","56","24","8","44","6","3","29","285","397","117","29.10.12"
"120220","38","Дніпропетровська область","будинок культури, велика зала
вул.Леніна, 37А, с.Личкове, Магдалинівський р-н, Дніпропетровська обл., 51140","1878","861","1876","135","890","127","1017","","0","890","127","1017","27","990","12","64","23","10","17","7","1","6","553","158","139","29.10.12"
"120221","38","Дніпропетровська область","районний будинок культури, фойє, 1-й поверх
вул.Радянська, 61, смт Магдалинівка, Магдалинівський р-н, Дніпропетровська обл., 51100","2412","1061","2376","60","1298","53","1351","","0","1298","53","1351","46","1305","24","112","20","6","73","11","5","56","564","241","193","29.10.12"
"120222","38","Дніпропетровська область","спорткомплекс ""Мрія"", спортивна зала
вул.Радянська, 1Б, смт Магдалинівка, Магдалинівський р-н, Дніпропетровська обл., 51100","2394","1201","2373","36","1164","29","1193","","0","1164","29","1193","42","1151","29","111","20","8","39","9","2","55","481","227","170","29.10.12"
"120223","38","Дніпропетровська область","адміністративна будівля ПТУ №88, фойє, 1-й поверх
вул.Колгоспна, 2, смт Магдалинівка, Магдалинівський р-н, Дніпропетровська обл., 51100","600","285","597","17","299","16","315","","0","299","16","315","19","296","5","42","3","2","11","0","3","8","119","60","43","29.10.12"
"120224","38","Дніпропетровська область","школа, вестибюль
вул.Шкільна, 1, с.Радянське, Магдалинівський р-н, Дніпропетровська обл., 51106","330","103","327","24","203","24","227","","0","203","24","227","8","219","0","6","10","1","9","4","0","1","93","27","68","29.10.12"
"120225","38","Дніпропетровська область","будинок культури, великий зал
вул.Адміністративна, 6, с.Мар’ївка, Магдалинівський р-н, Дніпропетровська обл., 51141","456","184","454","24","249","23","272","","0","249","23","272","15","257","4","15","5","3","9","2","2","12","101","64","40","29.10.12"
"120226","38","Дніпропетровська область","школа, вестибюль
вул.Фрунзе, 1, с.Новопетрівка, Магдалинівський р-н, Дніпропетровська обл., 51130","798","351","785","59","389","58","447","","0","389","58","447","16","431","7","30","7","0","8","2","1","7","152","129","88","29.10.12"
"120227","38","Дніпропетровська область","будинок культури, великий зал
вул.Гагаріна, 2А, с.Шевське, Магдалинівський р-н, Дніпропетровська обл., 51130","642","248","633","87","309","85","394","","0","309","85","394","12","382","9","19","14","1","20","1","2","16","134","105","61","29.10.12"
"120228","38","Дніпропетровська область","школа, вестибюль
вул.Шкільна, 5, с.Олександрівка, Магдалинівський р-н, Дніпропетровська обл., 51166","450","168","449","34","248","34","282","","0","248","34","282","7","275","4","15","8","2","15","2","0","7","90","61","71","29.10.12"
"120229","38","Дніпропетровська область","школа, вестибюль
вул.Широка, 13А, с.Оленівка, Магдалинівський р-н, Дніпропетровська обл., 51105","1032","420","1019","50","562","50","612","","0","562","50","612","24","588","11","29","14","1","10","2","1","17","295","154","54","29.10.12"
"120230","38","Дніпропетровська область","школа, вестибюль
вул.Чапаєва, 1, с.Очеретувате, Магдалинівський р-н, Дніпропетровська обл., 51165","606","190","603","43","373","43","416","","0","373","43","416","22","394","4","26","7","5","11","1","2","6","245","54","33","29.10.12"
"120231","38","Дніпропетровська область","школа, вестибюль
вул.40 років Перемоги, 2А, с.Першотравенка, Магдалинівський р-н, Дніпропетровська обл., 51163","528","209","519","64","259","60","319","","0","259","60","319","10","309","10","24","6","0","10","0","3","10","156","68","22","29.10.12"
"120232","38","Дніпропетровська область","школа, вестибюль
вул.Центральна, 18, с.Поливанівка, Магдалинівський р-н, Дніпропетровська обл., 51150","1056","471","1043","73","528","57","585","","0","528","57","585","28","557","5","33","16","5","16","3","3","72","202","160","42","29.10.12"
"120233","38","Дніпропетровська область","будинок культури, великий зал
вул.Центральна, 59, с.Почино-Софіївка, Магдалинівський р-н, Дніпропетровська обл., 51151","618","236","619","70","318","64","382","","0","318","64","382","6","376","0","11","5","0","14","0","0","190","73","57","26","28.10.12"
"120234","38","Дніпропетровська область","школа, вестибюль
вул.Радянська, 1, с.Січкарівка, Магдалинівський р-н, Дніпропетровська обл., 51152","192","47","192","19","126","19","145","","0","126","19","145","6","139","0","6","0","1","1","1","0","16","78","23","13","29.10.12"
"120235","38","Дніпропетровська область","будинок культури, великий зал
вул.Центральна, 3, с.Приют, Магдалинівський р-н, Дніпропетровська обл., 51164","522","244","512","39","239","39","278","","0","239","39","278","9","269","3","16","11","0","7","2","1","14","110","66","39","28.10.12"
"120236","38","Дніпропетровська область","будинок культури, вестибюль
вул.Центральна, 3, с.Тарасо-Шевченківка, Магдалинівський р-н, Дніпропетровська обл., 51161","384","185","381","15","184","15","199","","0","184","15","199","11","188","3","11","6","1","9","2","1","7","50","68","30","29.10.12"
"120237","38","Дніпропетровська область","будинок культури, великий зал
вул.Леніна, 8, с-ще Пролетарське, Магдалинівський р-н, Дніпропетровська обл., 51122","780","343","769","40","402","35","437","","0","402","35","437","19","418","3","22","13","3","12","1","4","10","136","155","59","29.10.12"
"120238","38","Дніпропетровська область","школа, спортивний зал
вул.Центральна, 3, с.Топчине, Магдалинівський р-н, Дніпропетровська обл., 51132","756","375","748","19","362","19","381","","0","362","19","381","22","359","41","30","7","1","22","4","0","21","154","53","26","29.10.12"
"120239","38","Дніпропетровська область","будинок культури, великий зал
вул.Леніна, 42А, с.Чернеччина, Магдалинівський р-н, Дніпропетровська обл., 51111","894","316","886","88","494","84","578","","0","494","84","578","9","569","3","37","14","6","14","3","4","15","268","133","72","29.10.12"
"120240","38","Дніпропетровська область","сільська рада, кабінет бухгалтерії
вул.Кутузова, 38, с.Шевченківка, Магдалинівський р-н, Дніпропетровська обл., 51160","288","91","283","47","150","47","197","","0","150","47","197","3","194","3","11","2","2","13","1","2","4","65","42","49","29.10.12"
"120241","38","Дніпропетровська область","школа, вестибюль
вул.Євдокіївська, 1, с.Євдокіївка, Магдалинівський р-н, Дніпропетровська обл., 51161","378","133","370","44","201","44","245","","0","201","44","245","8","237","5","14","8","2","7","3","0","1","80","84","33","29.10.12"
"120295","38","Дніпропетровська область","будинок культури, фойє
вул.Козиря, 1, с.Багате, Новомосковський р-н, Дніпропетровська обл., 51241","624","174","628","33","418","32","450","","0","418","32","450","18","432","3","30","9","9","15","1","2","6","167","132","58","29.10.12"
"120296","38","Дніпропетровська область","школа, вестибюль
вул.Гагаріна, 14, с.Панасівка, Новомосковський р-н, Дніпропетровська обл., 51224","732","214","714","179","345","173","518","","0","345","173","518","14","504","7","22","9","5","12","0","1","5","211","148","84","29.10.12"
"120297","38","Дніпропетровська область","навчально-виховний комплекс, хол
вул.Радянська, 2, с.Василівка, Новомосковський р-н, Дніпропетровська обл., 51273","594","248","586","44","303","43","346","","0","303","43","346","9","337","2","30","4","6","5","1","2","18","78","67","124","28.10.12"
"120298","38","Дніпропетровська область","школа, хол
вул.Центральна, 1, с.Всесвятське, Новомосковський р-н, Дніпропетровська обл., 51275","420","199","413","15","207","14","221","","0","207","14","221","14","207","1","12","7","4","3","3","2","5","98","32","40","28.10.12"
"120299","38","Дніпропетровська область","школа, клас початкової школи
вул.Кооперативна, 60, с.Андріївка, Новомосковський р-н, Дніпропетровська обл., 51274","234","104","228","27","106","24","130","","0","106","24","130","10","120","0","7","6","1","5","0","2","2","48","29","20","28.10.12"
"120300","38","Дніпропетровська область","будинок культури, актова зала
вул.Червоних партизан, 37Б, с.Вільне, Новомосковський р-н, Дніпропетровська обл., 51260","1494","815","1472","55","630","49","679","","0","629","49","678","39","639","13","46","15","18","21","3","3","9","325","122","64","29.10.12"
"120301","38","Дніпропетровська область","школа, їдальня
вул.Калініченка, 1, с.Хащеве, Новомосковський р-н, Дніпропетровської обл., 51262","636","274","632","28","335","27","362","","0","335","27","362","28","334","2","35","15","11","13","3","0","4","130","95","26","29.10.12"
"120302","38","Дніпропетровська область","будинок офіцерів, танцювальна зала, 1-й поверх
вул.Зенітна, 5, смт Гвардійське, Новомосковський р-н, Дніпропетровська обл., 51270","2226","1174","2200","1","1051","1","1052","","0","1051","1","1052","42","1010","12","89","28","45","8","60","7","9","468","169","115","29.10.12"
"120303","38","Дніпропетровська область","будинок офіцерів, фойє, 2-й поверх
вул.Зенітна, 5, смт Гвардійське, Новомосковський р-н, Дніпропетровська обл., 51270","2046","1136","2011","15","896","14","910","","0","896","14","910","32","878","3","58","25","35","48","6","1","12","460","136","94","29.10.12"
"120304","38","Дніпропетровська область","школа, вестибюль, 2-й поверх
вул.Ювілейна, 12, смт Гвардійське, Новомосковський р-н, Дніпропетровська обл., 51270","1326","361","1130","0","965","0","965","","0","965","0","965","42","923","26","157","76","50","46","36","14","25","304","140","49","29.10.12"
"120305","38","Дніпропетровська область","школа, вестибюль
вул.Леніна, 17, с.Голубівка, Новомосковський р-н, Дніпропетровська обл., 51230","1992","1139","1963","71","794","59","853","","0","794","59","853","38","815","3","71","19","15","32","7","0","16","288","200","164","29.10.12"
"120306","38","Дніпропетровська область","початкова школа, класна кімната
вул.Цвіткова, 25, с.Голубівка, Новомосковський р-н, Дніпропетровська обл., 51230","720","383","704","42","299","38","337","","0","299","38","337","26","311","6","21","10","3","7","4","0","8","111","75","66","29.10.12"
"120307","38","Дніпропетровська область","фельдшерсько-акушерський пункт, дитячий кабінет
вул.Привокзальна, 12, с-ще Кільчень, Новомосковський р-н, Дніпропетровська обл., 51233","294","119","292","29","147","28","175","","0","147","28","175","5","170","1","8","5","2","17","3","1","7","55","27","44","29.10.12"
"120308","38","Дніпропетровська область","школа, вестибюль
вул.Шкільна, 6, с-ще Видвиженець, Новомосковський р-н, Дніпропетровська обл., 51232","960","512","955","51","402","46","448","","0","402","46","448","18","430","4","55","11","7","25","3","1","13","176","57","78","29.10.12"
"120309","38","Дніпропетровська область","школа №2, вестибюль
вул.Шевченка, 3, смт Губиниха, Новомосковський р-н, Дніпропетровська обл., 51250","1398","806","1378","32","565","27","592","","0","565","27","592","20","572","3","55","21","11","23","4","1","6","251","108","89","29.10.12"
"120310","38","Дніпропетровська область","будинок культури, глядацька зала
вул.Шевченка, 26, смт Губиниха, Новомосковський р-н, Дніпропетровська обл., 51250","1626","995","1613","40","600","31","631","","0","600","31","631","33","598","3","74","15","18","33","3","3","21","233","113","82","29.10.12"
"120311","38","Дніпропетровська область","школа №1, вестибюль
вул.Берегового, 15, смт Губиниха, Новомосковський р-н, Дніпропетровська обл., 51251","1392","731","1372","20","648","13","661","","0","648","13","661","23","638","2","84","22","14","38","3","5","20","209","109","132","29.10.12"
"120312","38","Дніпропетровська область","початкова школа, вестибюль
вул.Гагаріна, 4, с.Євецько-Миколаївка, Новомосковський р-н, Дніпропетровська обл., 51253","216","97","209","2","117","2","119","","0","117","2","119","6","113","0","11","1","2","6","0","2","4","53","18","16","28.10.12"
"120313","38","Дніпропетровська область","навчально-виховний комплекс, фойє
вул.Герасименка, 79, с.Новотроїцьке, Новомосковський р-н, Дніпропетровська обл., 51291","528","231","521","12","285","12","297","","0","285","12","297","10","287","1","37","6","0","25","7","2","3","96","85","25","29.10.12"
"120314","38","Дніпропетровська область","школа №2, фойє
вул.Жукова, 1, с.Знаменівка, Новомосковський р-н, Дніпропетровська обл., 51281","1572","862","1555","47","665","45","710","","0","665","45","710","20","690","7","83","22","25","48","6","5","4","246","160","84","29.10.12"
"120315","38","Дніпропетровська область","школа №1, фойє
вул.Українська, 217, с.Знаменівка, Новомосковський р-н, Дніпропетровська обл., 51280","1914","1102","1898","45","773","39","812","","0","773","39","812","27","785","6","68","17","19","43","6","2","17","359","175","73","29.10.12"
"120316","38","Дніпропетровська область","будинок бригади №3, вестибюль
вул.Центральна, 36Б, с.Підпільне, Новомосковський р-н, Дніпропетровська обл., 51282","180","75","180","18","88","17","105","","0","88","17","105","6","99","1","4","2","5","10","0","0","3","36","26","12","28.10.12"
"120317","38","Дніпропетровська область","Керносівська школа, фойє
вул.Кірова, 20, с.Керносівка, Новомосковський р-н, Дніпропетровська обл., 51226","822","350","808","44","429","43","472","","0","429","43","472","21","451","2","23","6","7","18","1","2","6","249","72","65","29.10.12"
"120318","38","Дніпропетровська область","Мар’янівська школа, вестибюль
вул.Шкільна, 1, с.Мар’янівка, Новомосковський р-н, Дніпропетровська обл., 51261","978","350","969","64","566","62","628","","0","566","62","628","16","612","2","51","14","11","22","3","1","11","287","155","55","29.10.12"
"120319","38","Дніпропетровська область","школа, вестибюль, 1-й поверх
вул.Молодіжна, 31, смт Меліоративне, Новомосковський р-н, Дніпропетровська обл., 51227","2220","1106","2189","28","1093","21","1114","","0","1093","21","1114","41","1073","4","80","24","20","61","8","4","13","289","358","212","29.10.12"
"120320","38","Дніпропетровська область","школа, хол
вул.Молодіжна, 31, смт Меліоративне, Новомосковський р-н, Дніпропетровська обл., 51227","1326","710","1303","8","612","4","616","","0","612","4","616","23","593","2","38","14","24","26","6","2","7","205","182","87","29.10.12"
"120321","38","Дніпропетровська область","культурно-спортивний центр, танцювальна зала
вул.Рахівнича, 28, с.Королівка, Новомосковський р-н, Дніпропетровська обл., 51256","768","321","758","44","403","44","447","","0","403","44","447","14","433","4","44","6","4","17","3","0","11","115","120","109","29.10.12"
"120322","38","Дніпропетровська область","адміністративна будівля агрофірми ім.Горького, зала
вул.Коцюби, 1, с.Миколаївка, Новомосковський р-н, Дніпропетровська обл., 51254","960","477","941","53","435","48","483","","0","435","48","483","26","457","6","57","9","5","17","2","3","8","225","77","48","28.10.12"
"120323","38","Дніпропетровська область","будинок культури, фойє
вул.Радянська, 31А, с.Миколаївка, Новомосковський р-н, Дніпропетровська обл., 51254","1500","773","1483","36","693","34","727","","0","693","34","727","38","689","7","77","23","15","83","5","6","16","220","136","101","29.10.12"
"120324","38","Дніпропетровська область","школа, їдальня
вул.Леніна, 72, с.Левенцівка, Новомосковський р-н, Дніпропетровська обл., 51241","528","182","518","39","310","36","346","","0","310","36","346","4","342","3","26","13","7","9","1","3","8","146","81","45","29.10.12"
"120325","38","Дніпропетровська область","школа, їдальня
вул.Леніна, 1А, с.Михайлівка, Новомосковський р-н, Дніпропетровська обл., 51240","636","235","630","50","355","46","401","","0","355","46","401","16","385","1","28","10","5","10","4","0","7","122","85","113","29.10.12"
"120326","38","Дніпропетровська область","школа, 1-й поверх
вул.Мороза, 50, с.Новостепанівка, Новомосковський р-н, Дніпропетровська обл., 51234","462","182","456","19","261","19","280","","0","261","19","280","12","268","1","17","11","8","3","4","1","5","129","55","34","29.10.12"
"120327","38","Дніпропетровська область","навчально-виховний комплекс, коридор
вул.Леніна, 12, с.Івано-Михайлівка, Новомосковський р-н, Дніпропетровська обл., 51253","234","91","235","17","129","14","143","","0","129","14","143","7","136","0","4","2","0","5","2","0","1","92","15","15","28.10.12"
"120328","38","Дніпропетровська область","Гнатівська школа, їдальня
вул.Шкільна, 12, с.Гнатівка, Новомосковський р-н, Дніпропетровська обл., 51236","384","180","377","24","181","23","204","","0","181","23","204","10","194","4","10","3","1","8","0","0","1","92","62","13","29.10.12"
"120329","38","Дніпропетровська область","фельдшерсько-акушерський пункт, коридор
вул.Гагаріна, 2В, с.Герасимівка, Новомосковський р-н, Дніпропетровська обл., 51236","156","49","148","18","89","18","107","","0","89","18","107","5","102","0","11","2","1","0","1","0","2","61","13","11","29.10.12"
"120330","38","Дніпропетровська область","початкова школа, спортивна зала
вул.Комінтерна, 57, с.Орлівщина, Новомосковський р-н, Дніпропетровська обл., 51215","1098","534","1082","44","520","44","564","","0","520","44","564","19","545","3","56","19","10","53","4","1","34","159","132","74","28.10.12"
"120331","38","Дніпропетровська область","будинок культури, фойє
вул.Куйбишева, 3, с.Орлівщина, Новомосковський р-н, Дніпропетровська обл., 51215","1470","790","1480","39","646","34","680","","0","646","34","680","27","653","2","109","16","27","64","1","5","23","201","143","62","29.10.12"
"120332","38","Дніпропетровська область","школа, фойє
вул.Куйбишева, 18, с.Орлівщина, Новомосковський р-н, Дніпропетровська обл., 51215","1374","732","1352","37","605","37","642","","0","605","37","642","18","624","5","72","17","24","61","2","0","33","200","127","83","29.10.12"
"120333","38","Дніпропетровська область","школа №1, хол
вул.Калініна, 5, м.Перещепине, Новомосковський р-н, Дніпропетровська обл., 51220","2232","1107","2200","32","1097","28","1125","","0","1097","28","1125","31","1094","3","94","26","29","40","13","6","17","405","280","181","29.10.12"
"120334","38","Дніпропетровська область","будинок школяра, фойє
вул.Шевченка, 29, м.Перещепине, Новомосковський р-н, Дніпропетровська обл., 51220","1746","846","1712","34","868","32","900","","0","868","32","900","36","864","6","99","20","20","54","6","5","19","316","203","116","29.10.12"
"120335","38","Дніпропетровська область","школа №2, спортивна зала
вул.Комсомольська, 1, м.Перещепине, Новомосковський р-н, Дніпропетровська обл., 51220","1176","616","1164","20","542","18","560","","0","542","18","560","14","546","6","72","13","14","27","3","2","27","184","134","64","29.10.12"
"120336","38","Дніпропетровська область","професійний ліцей, спортивна зала
вул.Шевченка, 114, м.Перещепине, Новомосковський р-н, Дніпропетровська обл., 51220","1560","811","1538","35","716","33","749","","0","716","33","749","25","724","1","85","24","6","36","3","0","20","248","178","123","29.10.12"
"120337","38","Дніпропетровська область","навчально-виховний комплекс, спортивна зала
вул.Ломоносова, 2А, с.Малокозирщина, Новомосковський р-н, Дніпропетровська обл., 51223","930","478","901","80","379","73","452","","0","379","73","452","12","440","5","25","19","9","22","3","4","4","180","97","72","29.10.12"
"120338","38","Дніпропетровська область","будинок культури, фойє
вул.Леніна, 5, с.Піщанка, Новомосковський р-н, Дніпропетровська обл., 51283","2094","1203","2071","44","862","29","891","","0","862","29","891","43","848","6","108","32","45","76","7","4","19","247","201","103","29.10.12"
"120339","38","Дніпропетровська область","школа, спортивна зала
вул.Леніна, 1, с.Піщанка, Новомосковський р-н, Дніпропетровська обл., 51283","1554","828","1533","34","701","25","726","","0","701","25","726","33","693","4","98","20","36","62","1","2","12","229","140","89","29.10.12"
"120340","38","Дніпропетровська область","школа, фойє
вул.Шкільна, 2, с.Новоселівка, Новомосковський р-н, Дніпропетровська обл., 51284","780","368","775","33","379","33","412","","0","379","33","412","26","386","4","49","14","4","39","3","1","6","122","86","58","29.10.12"
"120341","38","Дніпропетровська область","школа, кабінет світової літератури та російської мови
вул.Шкільна, 21, с.Соколове, Новомосковський р-н, Дніпропетровська обл., 51285","360","175","358","24","161","24","185","","0","161","24","185","7","178","2","11","4","2","11","1","3","3","78","44","19","29.10.12"
"120342","38","Дніпропетровська область","сільський клуб, зала
вул.Центральна, 43, с.Ягідне, Новомосковський р-н, Дніпропетровська обл., 51286","258","109","256","7","142","7","149","","0","142","7","149","9","140","1","13","3","2","5","1","0","2","70","27","16","29.10.12"
"120343","38","Дніпропетровська область","сільська рада, обрядова зала
вул.Центральна, 63, с.Попасне, Новомосковський р-н, Дніпропетровська обл., 51242","906","430","903","66","412","64","476","","0","412","64","476","21","455","0","46","12","11","6","4","0","9","218","97","52","29.10.12"
"120344","38","Дніпропетровська область","початкова школа, спортивна зала
вул.Центральна, 10, с.Надеждівка, Новомосковський р-н, Дніпропетровська обл., 51243","336","188","325","16","132","16","148","","0","132","16","148","7","141","0","15","8","2","5","0","1","7","58","29","16","29.10.12"
"120345","38","Дніпропетровська область","школа, спортивна зала
вул.Козинця, 74Б, с.Спаське, Новомосковський р-н, Дніпропетровська обл., 51263","1632","906","1609","27","704","22","726","","0","704","22","726","26","700","13","95","24","23","60","7","3","15","232","165","63","29.10.12"
"120346","38","Дніпропетровська область","будинок культури, зала для глядачів
вул.Маяковського, 1А, с.Спаське, Новомосковський р-н, Дніпропетровська обл., 51263","912","468","899","35","412","32","444","","0","412","32","444","23","421","2","68","17","9","48","2","2","12","146","87","28","29.10.12"
"120347","38","Дніпропетровська область","школа, фойє
вул.Леніна, 5, с.Хуторо-Губиниха, Новомосковський р-н, Дніпропетровська обл., 51264","810","380","800","53","377","53","430","","0","377","53","430","9","421","2","56","4","13","31","4","2","3","133","130","43","29.10.12"
"120348","38","Дніпропетровська область","будинок офіцерів, хол, 1-й поверх
вул.Гагаріна, 5, смт Черкаське, Новомосковський р-н, Дніпропетровська обл., 51272","2124","1034","2102","7","1083","7","1090","","0","1083","7","1090","38","1052","5","63","17","16","15","47","3","6","559","102","219","29.10.12"
"120349","38","Дніпропетровська область","будинок офіцерів, зала, 2-й поверх
вул.Гагаріна, 5, смт Черкаське, Новомосковський р-н, Дніпропетровська обл., 51272","1782","719","1707","5","1059","4","1063","","0","1059","4","1063","38","1025","28","122","66","38","53","28","20","8","415","113","134","29.10.12"
"120350","38","Дніпропетровська область","Новомосковська центральна районна лікарня, конференцзала
вул.Радянська, 238, м.Новомосковськ, Дніпропетровська обл., 51200","204","22","203","41","153","29","182","","0","153","29","182","14","168","1","15","3","7","12","1","2","2","67","43","15","29.10.12"
"120667","38","Дніпропетровська область","школа, коридор
вул.Центральна, 57А, с.Вербуватівка, Юр’ївський р-н, Дніпропетровська обл., 51326","774","352","770","39","387","35","422","","0","387","35","422","21","401","3","42","8","3","15","4","2","6","94","184","40","29.10.12"
"120668","38","Дніпропетровська область","дитячий садок ""Ластівка"", групова кімната, 1-й поверх
вул.Чкалова, 36, с.Варварівка, Юр’ївський р-н, Дніпропетровська обл., 51325","1333","662","1319","76","604","67","671","","0","604","67","671","33","638","7","60","15","11","23","5","4","3","213","228","69","29.10.12"
"120669","38","Дніпропетровська область","районний будинок культури, зал
вул.Леніна, 114, смт Юр’ївка, Юр’ївський р-н, Дніпропетровська обл., 51300","1908","772","1889","37","1105","31","1136","","0","1105","31","1136","32","1104","9","65","22","5","19","6","5","13","289","593","78","29.10.12"
"120670","38","Дніпропетровська область","школа, хол, 1-й поверх
вул.Леніна, 37, с.Новогригорівка, Юр’ївський р-н, Дніпропетровська обл., 51316","480","191","474","54","239","50","289","","0","239","50","289","20","269","4","10","4","2","6","1","0","5","62","140","35","28.10.12"
"120671","38","Дніпропетровська область","сільський клуб, зал
вул.Радянська, 7, с.Жемчужне, Юр’ївський р-н, Дніпропетровська обл., 51327","564","202","554","39","324","38","362","","0","324","38","362","21","341","1","12","7","4","8","1","0","2","115","151","40","28.10.12"
"120672","38","Дніпропетровська область","школа, хол, 1-й поверх
вул.Центральна, 24, с.Новоіванівське, Юр’ївський р-н, Дніпропетровська обл., 51313","408","154","407","30","225","29","254","","0","225","29","254","11","243","1","8","5","1","0","0","1","4","89","114","20","28.10.12"
"120673","38","Дніпропетровська область","сільський клуб, глядацька зала
вул.Нова, 2, с.Новочорноглазівське, Юр’ївський р-н, Дніпропетровська обл., 51312","348","154","343","34","163","31","194","","0","163","31","194","5","189","1","5","3","0","6","1","0","3","73","88","9","29.10.12"
"120674","38","Дніпропетровська область","школа, коридор
вул.Шкільна, 42, с.Преображенка, Юр’ївський р-н, Дніпропетровська обл., 51315","372","130","365","49","198","44","242","","0","198","44","242","3","239","3","17","9","1","7","1","1","4","52","89","55","29.10.12"
"120675","38","Дніпропетровська область","сільський клуб, глядацька зала
вул.Дудченко, 14, с.Чернявщина, Юр’ївський р-н, Дніпропетровська обл., 51310","624","267","618","18","341","16","357","","0","341","16","357","27","330","3","17","11","0","9","3","0","4","125","140","18","29.10.12"
"120676","38","Дніпропетровська область","сільський клуб, глядацька зала
вул.Крупської, 26, с.Чорноглазівка, Юр’ївський р-н, Дніпропетровська обл., 51317","240","91","233","31","122","27","149","","0","122","27","149","6","143","4","6","4","3","4","0","1","2","48","63","8","29.10.12"
"120677","38","Дніпропетровська область","сільська рада, кабінет голови
вул.Шевченка, 73, с.Шандрівка, Юр’ївський р-н, Дніпропетровська обл., 51314","546","239","536","35","275","32","307","","0","273","32","305","6","299","1","5","8","3","4","4","1","2","64","194","13","29.10.12"
"120678","38","Дніпропетровська область","будинок культури, фойє
вул.Каштанова, 14, с.Чаплинка, Юр’ївський р-н, Дніпропетровська обл., 51321","684","264","672","24","399","21","420","","0","399","21","420","19","401","4","26","8","3","7","2","1","3","162","155","30","29.10.12"
"120679","38","Дніпропетровська область","навчально-виховний комплекс, хол, 1-й поверх
вул.Леніна, 44, с.Олександрівка, Юр’ївський р-н, Дніпропетровська обл., 51322","762","368","754","54","342","52","394","","0","342","52","394","10","384","2","12","9","1","3","5","1","3","152","174","22","29.10.12"
"120680","38","Дніпропетровська область","будинок культури, хол
вул.Леніна, 19, с.Новов’язівське, Юр’ївський р-н, Дніпропетровська обл., 51323","1320","490","1309","92","744","86","830","","0","744","86","830","33","797","5","57","22","6","16","4","2","5","297","331","52","28.10.12"
"120681","38","Дніпропетровська область","школа, класна кімната, 1-й поверх
вул.Дзержинського, 19, с.Водяне, Юр’ївський р-н, Дніпропетровська обл., 51324","426","149","424","41","238","39","277","","0","238","39","277","9","268","4","15","12","9","6","1","4","3","95","100","19","28.10.12"
"120797","38","Дніпропетровська область","виховний комбінат №5, спортивна зала
вул.Шкільна, 10, м.Новомосковськ, Дніпропетровська обл., 51200","1602","848","1571","48","722","32","754","","0","722","32","754","31","723","3","98","21","16","109","6","1","10","239","125","95","29.10.12"
"120798","38","Дніпропетровська область","міський клуб культури, глядацька зала, 2-й поверх
пл.Перемоги, 17, м.Новомосковськ, Дніпропетровська обл., 51200","2004","989","1983","47","980","35","1015","","0","980","35","1015","51","964","10","133","15","53","132","11","3","12","302","101","192","28.10.12"
"120799","38","Дніпропетровська область","ДЮСШ, спортивна зала
вул.Шевченка, 8, м.Новомосковськ, Дніпропетровська обл., 51200","2124","885","2109","47","1209","30","1239","","0","1209","30","1239","42","1197","6","187","18","52","185","15","5","19","331","114","265","29.10.12"
"120800","38","Дніпропетровська область","школа №2, фойє, 1-й поверх
вул.Червоноармійська, 19, м.Новомосковськ, Дніпропетровська обл., 51200","2190","911","2171","28","1255","24","1279","","0","1255","24","1279","51","1228","4","175","30","65","176","24","5","18","371","151","209","29.10.12"
"120801","38","Дніпропетровська область","колегіум №11, спортивна зала, 1-й поверх
вул.Жовтнева, 5, м.Новомосковськ, Дніпропетровська обл., 51200","1398","693","1362","25","686","19","705","","0","686","19","705","27","678","3","96","17","27","91","11","0","7","240","65","121","29.10.12"
"120802","38","Дніпропетровська область","кооперативний коледж, актова зала, 1-й поверх
вул.Радянська, 29, м.Новомосковськ, Дніпропетровська обл., 51200","1002","398","982","11","595","9","604","","0","595","9","604","13","591","0","100","14","42","68","5","0","7","173","80","102","29.10.12"
"120803","38","Дніпропетровська область","школа №18, спортивна зала, 1-й поверх
вул.Комсомольська, 9А, м.Новомосковськ, Дніпропетровська обл., 51200","1686","736","1679","31","930","20","950","","0","930","20","950","44","906","2","101","15","51","153","25","1","6","302","90","160","29.10.12"
"120804","38","Дніпропетровська область","школа №18, актова зала, 2-й поверх
вул.Комсомольська, 9А, м.Новомосковськ, Дніпропетровська обл., 51200","1368","596","1361","29","748","24","772","","0","748","24","772","29","743","1","87","8","37","119","4","2","15","229","90","151","29.10.12"
"120805","38","Дніпропетровська область","палац культури металургів, фойє, 2-й поверх
вул.Комсомольська, 6, м.Новомосковськ, Дніпропетровська обл., 51200","2262","1078","2214","37","1149","35","1184","","0","1149","35","1184","48","1136","4","174","13","55","158","19","1","9","341","148","214","29.10.12"
"120806","38","Дніпропетровська область","школа №1, спортивна зала, 1-й поверх
вул.Червоноармійська, 7, м.Новомосковськ, Дніпропетровська обл., 51200","2058","982","2019","35","1051","25","1076","","0","1051","25","1076","35","1041","5","136","23","83","153","30","3","9","340","112","147","29.10.12"
"120807","38","Дніпропетровська область","школа №1, актова зала, 2-й поверх
вул.Червоноармійська, 7, м.Новомосковськ, Дніпропетровська обл., 51200","1122","507","1104","19","599","16","615","","0","599","16","615","21","594","1","91","19","23","100","18","1","7","163","76","95","29.10.12"
"120808","38","Дніпропетровська область","школа №6, спортивна зала, 2-й поверх
вул.З.Бєлої, 6, м.Новомосковськ, Дніпропетровська обл., 51200","2124","1039","2076","56","1041","44","1085","","0","1041","44","1085","42","1043","11","146","25","37","145","16","2","13","303","164","181","29.10.12"
"120809","38","Дніпропетровська область","школа №6, фойє, 1-й поверх
вул.З.Бєлої, 6, м.Новомосковськ, Дніпропетровська обл., 51200","2346","1220","2305","67","1085","41","1126","","0","1084","41","1125","26","1099","9","184","23","38","166","20","0","14","376","115","154","29.10.12"
"120810","38","Дніпропетровська область","центральна бібліотека, читальна зала, 2-й поверх
вул.Комсомольська, 17Б, м.Новомосковськ, Дніпропетровська обл., 51200","1440","624","1413","26","793","23","816","","0","793","23","816","24","792","4","140","23","33","136","22","4","14","195","89","132","29.10.12"
"120811","38","Дніпропетровська область","металургійний технікум, фойє, 1-й поверх
вул.Жовтнева, 16, м.Новомосковськ, Дніпропетровська обл., 51200","1614","705","1606","27","885","24","909","","0","885","24","909","35","874","5","161","17","34","148","23","0","14","285","70","117","28.10.12"
"120812","38","Дніпропетровська область","ПТНЗ №48, актова зала, 2-й поверх
вул.Леваневського, 27А, м.Новомосковськ, Дніпропетровська обл., 51200","2394","1133","2373","25","1242","19","1261","","0","1242","19","1261","36","1225","5","235","21","69","222","25","2","25","321","146","154","29.10.12"
"120813","38","Дніпропетровська область","ПТНЗ №48, спортивна зала, 1-й поверх
вул.Леваневського, 27А, м.Новомосковськ, Дніпропетровська обл., 51200","2382","1134","2353","43","1216","32","1248","","0","1216","32","1248","51","1197","1","185","30","70","189","32","1","10","344","145","190","29.10.12"
"120814","38","Дніпропетровська область","коледж Аграрного університету, фойє, 1-й поверх
вул.Радянська, 236, м.Новомосковськ, Дніпропетровська обл., 51200","2214","1305","2172","38","875","34","909","","0","875","34","909","37","872","2","115","10","23","138","13","0","10","342","113","106","29.10.12"
"120815","38","Дніпропетровська область","школа №7, фойє учбового корпусу, 1-й поверх
вул.Боженка, 21А, м.Новомосковськ, Дніпропетровська обл., 51200","1734","909","1721","30","802","23","825","","0","802","23","825","31","794","3","105","14","21","122","7","4","12","294","118","94","29.10.12"
"120816","38","Дніпропетровська область","школа №7, фойє спального корпусу, 1-й поверх
вул.Боженка, 21А, м.Новомосковськ, Дніпропетровська обл., 51200","1278","704","1260","13","562","12","574","","0","562","12","574","34","540","8","86","16","26","81","4","3","10","156","72","78","29.10.12"
"120817","38","Дніпропетровська область","гімназія №3, спортивна зала, 2-й поверх
пров.Новоселівський, 11, м.Новомосковськ, Дніпропетровська обл., 51200","2142","1203","2100","79","880","59","939","","0","880","59","939","31","908","6","129","14","36","120","9","4","10","327","100","153","29.10.12"
"120818","38","Дніпропетровська область","залізнична станція, зала засідань
вул.Ковальова, 5, м.Новомосковськ, Дніпропетровська обл., 51200","432","177","445","10","250","5","255","","0","250","5","255","14","241","0","30","2","7","27","1","1","0","109","29","35","29.10.12"
"120819","38","Дніпропетровська область","школа №16, фойє
вул.Сільвестрова, 1, м.Новомосковськ, Дніпропетровська обл., 51200","1194","621","1185","47","532","41","573","","0","532","41","573","17","556","1","69","9","23","71","7","3","7","212","70","84","29.10.12"
"120820","38","Дніпропетровська область","будинок культури імені Кірова, фойє, 1-й поверх
вул.Сучкова, 116, м.Новомосковськ, Дніпропетровська обл., 51200","1618","872","1582","14","732","14","746","","0","732","14","746","30","716","0","109","18","39","77","5","1","3","267","110","87","29.10.12"
"120821","38","Дніпропетровська область","школа №4, спортивна зала, 1-й поверх
вул.Сучкова, 103, м.Новомосковськ, Дніпропетровська обл., 51200","1410","787","1382","20","607","16","623","","0","607","16","623","24","599","3","89","8","23","63","3","2","10","191","94","113","29.10.12"
"120822","38","Дніпропетровська область","школа №17, фойє, 1-й поверх
вул.Плеханова, 203, м.Новомосковськ, Дніпропетровська обл., 51200","1314","607","1296","28","683","24","707","","0","683","24","707","39","668","4","124","19","20","94","1","1","11","229","98","67","29.10.12"
"120823","38","Дніпропетровська область","школа №14, спортивна зала
вул.Юрченка, 24, м.Новомосковськ, Дніпропетровська обл., 51200","2082","1221","2061","20","845","16","861","","0","845","16","861","42","819","6","196","16","18","83","8","1","10","288","92","101","28.10.12"
"120824","38","Дніпропетровська область","школа №12, фойє, 1-й поверх
вул.Толстого, 141, м.Новомосковськ, Дніпропетровська обл., 51200","1470","865","1458","20","587","18","605","","0","587","18","605","17","588","4","132","10","13","60","6","1","6","229","60","67","29.10.12"
"120825","38","Дніпропетровська область","школа №12, спортивна зала, 1-й поверх
вул.Толстого, 141, м.Новомосковськ, Дніпропетровська обл., 51200","2280","1274","2259","41","971","35","1006","","0","971","35","1006","52","954","1","164","29","23","141","11","3","10","382","100","90","29.10.12"
"120826","38","Дніпропетровська область","Геофізична розвідувальна експедиція, актова зала, 2-й поверх
вул.Спаська, 17, м.Новомосковськ, Дніпропетровська обл., 51200","2412","1203","2386","13","1198","11","1209","","0","1198","11","1209","58","1151","9","113","24","23","119","7","8","9","618","127","94","29.10.12"
"120827","38","Дніпропетровська область","КП ""Південукргеологія"", актова зала, 1-й поверх
вул.Спаська, 9, м.Новомосковськ, Дніпропетровська обл., 51200","1680","1107","1661","11","564","9","573","","0","564","9","573","23","550","1","49","10","7","107","1","0","10","237","90","38","29.10.12"
"120828","38","Дніпропетровська область","школа №13, спортивна зала
вул.Спаська, 42, м.Новомосковськ, Дніпропетровська обл., 51200","1950","1248","1915","15","689","13","702","","0","689","13","702","27","675","2","74","16","14","167","3","1","5","236","91","66","29.10.12"
"120829","38","Дніпропетровська область","міський центр первинної медико-санітарної допомоги, (доросла поліклініка), фойє, 1-й поверх
вул.Сучкова, 40, м.Новомосковськ, Дніпропетровська обл., 51200","276","142","138","51","85","49","134","","0","85","49","134","1","133","1","14","2","6","10","2","1","2","62","17","16","29.10.12"
"120830","38","Дніпропетровська область","Амбулаторія №4 КНП НМЦПМСД (дитяча поліклініка), конференц-зала, 1-й поверх
вул.Українська, 12, м.Новомосковськ, Дніпропетровська обл., 51200","72","18","55","7","47","7","54","","0","47","7","54","2","52","0","5","1","7","6","0","0","1","19","7","6","29.10.12"
