"№ ВД","OBO","Назва регіону України","Місцезнаходження та адреса приміщення для голосування","1) К-сть одержаних бюлетенів","2) К-сть невикористаних бюлетенів","3) К-сть виборців, внесених до списку виборців","4) К-сть виборців, внесених до витягу зі списку виборців","5) К-сть виборців, які отримали бюлетені у приміщенні","6) К-сть виборців, які отримали за місцем перебування","7) Сумарна к-сть виборців, які отримали бюлетені","8) К-сть бюлетенів, що виявилися у кожній скринці","9) К-сть бюлетенів, що не підлягають врахуванню","10) К-сть виборців, які взяли участь у голос. у приміщенні для гол.","11) К-сть виборців, які взяли участь у голос. за місцем перебування","12) К-сть виборців, які взяли участь у голосуванні на виборчій дільниці","13) К-сть бюлетенів, визнаних недійсними","14) Сумарна к-сть голосів виборців ЗА","Бабич
Лариса
Ігорівна","Бахчевников
Олександр
Анатолійович","Демошенко
Геннадій
Валентинович","Дідич
Валентин
Володимирович","Козирський
Микола
Анатолійович","Рязанцев
Іван
Михайлович","Царьов
Олег
Анатолійович","Шебанов
Вадим
Анатолійович","Яковіткін
Олександр
Валентинович","Дата підписання протоколу"
"120180","40","Дніпропетровська область","районний будинок культури, танцювальна зала, 1-й поверх
вул.Центральна, 13, смт Кринички, Криничанський р-н, Дніпропетровська обл., 52300","2016","830","1990","157","1051","135","1186","","0","1051","135","1186","31","1155","18","93","15","343","5","264","403","6","8","29.10.12"
"120181","40","Дніпропетровська область","центр учнівської молоді, фойє, 1-й поверх
вул.Дзержинського, 33, смт Кринички, Криничанський р-н, Дніпропетровська обл., 52300","2016","947","1987","83","999","70","1069","","0","999","70","1069","28","1041","20","85","12","297","2","207","395","9","14","29.10.12"
"120182","40","Дніпропетровська область","школа №2, спортивна зала, 1-й поверх
вул.Центральна, 24, смт Кринички, Криничанський р-н, Дніпропетровська обл., 52300","824","355","806","24","445","24","469","","0","445","24","469","15","454","9","41","4","154","5","84","151","3","3","29.10.12"
"120183","40","Дніпропетровська область","сільський клуб, хол
вул.Щорса, 48А, с.Одарівка, Криничанський р-н, Дніпропетровська обл., 52306","568","273","563","47","253","42","295","","0","253","42","295","11","284","4","17","3","58","0","61","140","1","0","29.10.12"
"120184","40","Дніпропетровська область","сільський клуб, хол
вул.Широка, 21, с.Новопушкарівка, Криничанський р-н, Дніпропетровська обл., 52300","544","244","534","40","261","39","300","","0","261","39","300","3","297","4","13","7","43","1","85","141","2","1","29.10.12"
"120185","40","Дніпропетровська область","школа №1, спортивна зала, 2-й поверх
вул.Пушкіна, 8, смт Аули, Криничанський р-н, Дніпропетровська обл., 52310","2232","1197","2205","74","983","52","1035","","0","983","52","1035","48","987","48","110","42","239","5","179","342","9","13","29.10.12"
"120186","40","Дніпропетровська область","виробничі класи Аульської школи, к.1, 1-й поверх
вул.Чапаєва, 31, смт Аули, Криничанський р-н, Дніпропетровська обл., 52310","1240","703","1225","42","508","29","537","","0","508","29","537","17","520","17","44","34","84","4","85","245","4","3","28.10.12"
"120187","40","Дніпропетровська область","будинок культури, глядацька зала, 1-й поверх
вул.Красноармійська, 2А, смт Щорськ, Криничанський р-н, Дніпропетровська обл., 52323","2352","1248","2320","125","988","116","1104","","0","988","116","1104","31","1073","22","65","11","345","3","207","403","6","11","29.10.12"
"120188","40","Дніпропетровська область","школа, фойє, 1-й поверх
вул.Радянська, 37, смт Щорськ, Криничанський р-н, Дніпропетровська обл., 52323","696","362","684","53","281","53","334","","0","281","53","334","9","325","12","15","9","65","2","20","196","4","2","29.10.12"
"120189","40","Дніпропетровська область","будинок культури, глядацька зала, 1-й поверх
вул.Центральна, 7А, с.Адамівка, Криничанський р-н, Дніпропетровська обл., 52334","1136","517","1125","225","416","203","619","","0","416","203","619","37","582","17","50","19","70","8","205","196","10","7","29.10.12"
"120190","40","Дніпропетровська область","школа, спортивна зала
вул.Шкільна, 60, с.Бикове, Криничанський р-н, Дніпропетровська обл., 52321","560","260","549","58","250","50","300","","0","250","50","300","19","281","11","13","22","40","1","31","158","1","4","29.10.12"
"120191","40","Дніпропетровська область","школа, спортивна зала, 1-й поверх
вул.Ватутіна, 42А, с.Болтишка, Криничанський р-н, Дніпропетровська обл., 52362","568","217","566","85","272","79","351","","0","272","79","351","12","339","2","19","4","60","2","47","202","1","2","29.10.12"
"120192","40","Дніпропетровська область","сільський клуб, фойє
вул.Центральна, 39, с.Гуляйполе, Криничанський р-н, Дніпропетровська обл., 52370","1024","439","999","64","523","62","585","","0","523","62","585","19","566","18","35","5","58","3","168","271","5","3","29.10.12"
"120193","40","Дніпропетровська область","Малософіївська школа, к.1
вул.Центральна, 5, с.Малософіївка, Криничанський р-н, Дніпропетровська обл., 52371","448","180","442","39","234","34","268","","0","234","34","268","1","267","7","17","1","19","2","67","150","1","3","29.10.12"
"120194","40","Дніпропетровська область","сільська рада, актова зала, 1-й поверх
вул.Київська, 40, с.Дружба, Криничанський р-н, Дніпропетровська обл., 52331","1176","504","1149","89","595","77","672","","0","595","77","672","27","645","16","32","3","118","3","134","329","2","8","29.10.12"
"120195","40","Дніпропетровська область","школа, спортивна зала
вул.Шкільна, 1, с.Теплівка, Криничанський р-н, Дніпропетровська обл., 52332","568","218","557","58","295","55","350","","0","295","55","350","17","333","12","16","10","63","3","60","160","4","5","29.10.12"
"120196","40","Дніпропетровська область","школа, актова зала
вул.Леніна, 36, с.Затишне, Криничанський р-н, Дніпропетровська обл., 52363","976","354","963","48","579","43","622","","0","579","43","622","31","591","19","104","12","56","4","102","285","6","3","29.10.12"
"120197","40","Дніпропетровська область","сільський клуб, хол
вул.Гагаріна, 16Б, с.Катеринопіль, Криничанський р-н, Дніпропетровська обл., 52320","664","253","650","81","334","77","411","","0","334","77","411","24","387","10","16","10","82","1","38","227","2","1","29.10.12"
"120198","40","Дніпропетровська область","школа, фойє, 1-й поверх
вул.Виконкомівська, 46, с-ще Кудашівка, Криничанський р-н, Дніпропетровська обл., 52350","1232","628","1211","65","544","60","604","","0","544","60","604","29","575","14","40","6","53","4","159","294","5","0","29.10.12"
"120199","40","Дніпропетровська область","сільський клуб, глядацька зала
вул.Центральна, 20, с.Маломихайлівка, Криничанський р-н, Дніпропетровська обл., 52342","656","263","648","56","337","56","393","","0","337","56","393","9","384","4","9","3","96","1","63","205","0","3","29.10.12"
"120200","40","Дніпропетровська область","Степанівський будинок культури, глядацька зала
вул.Радянська, 107Б, с.Степанівка, Криничанський р-н, Дніпропетровська обл., 52314","1184","634","1162","118","444","106","550","","0","444","106","550","19","531","12","29","10","58","4","158","254","0","6","29.10.12"
"120201","40","Дніпропетровська область","Покровський будинок культури, фойє
вул.Центральна, 11, с.Покровка, Криничанський р-н, Дніпропетровська обл., 52351","888","374","883","131","392","122","514","","0","392","122","514","15","499","10","18","5","30","1","101","329","1","4","29.10.12"
"120202","40","Дніпропетровська область","школа, спортивна зала
вул.Центральна, 36А, с.Преображенка, Криничанський р-н, Дніпропетровська обл., 52360","600","243","591","56","304","53","357","","0","304","53","357","8","349","4","12","3","44","1","37","218","1","29","29.10.12"
"120203","40","Дніпропетровська область","будинок культури, глядацька зала
вул.Кооперативна, 51, с.Вітрівка, Криничанський р-н, Дніпропетровська обл., 52361","384","143","382","27","221","20","241","","0","221","20","241","7","234","3","11","4","29","1","23","157","1","5","29.10.12"
"120204","40","Дніпропетровська область","школа, їдальня, 1-й поверх
вул.І.Богатиря, 11, с.Світлогірське, Криничанський р-н, Дніпропетровська обл., 52340","1368","690","1347","40","650","28","678","","0","650","28","678","25","653","17","72","10","116","5","151","269","1","12","29.10.12"
"120205","40","Дніпропетровська область","будинок культури, фойє
вул.Леніна, 21А, с.Семенівка, Криничанський р-н, Дніпропетровська обл., 52315","1216","586","1202","91","555","75","630","","0","555","75","630","15","615","12","30","8","115","3","158","283","5","1","29.10.12"
"120206","40","Дніпропетровська область","будинок культури, фойє, 1-й поверх
вул.Шевченка, 59Б, с.Українка, Криничанський р-н, Дніпропетровська обл., 52313","912","465","903","17","436","11","447","","0","436","11","447","16","431","13","14","9","109","3","90","182","5","6","29.10.12"
"120207","40","Дніпропетровська область","сільський клуб, актова зала
вул.Радянська, 7, с.Червоноіванівка, Криничанський р-н, Дніпропетровська обл., 52330","760","353","745","61","350","57","407","","0","350","57","407","10","397","5","23","8","79","1","58","221","2","0","29.10.12"
"120208","40","Дніпропетровська область","школа, фойє, 1-й поверх
вул.Шкільна, 1А, с.Червоний Промінь, Криничанський р-н, Дніпропетровська обл., 52341","712","316","708","36","364","32","396","","0","364","32","396","12","384","11","20","7","60","1","73","209","2","1","29.10.12"
"120523","40","Дніпропетровська область","школа, їдальня
вул.Горького, 9, с.Башмачка, Солонянський р-н, Дніпропетровська обл., 52462","1280","617","1242","48","619","44","663","","0","619","44","663","25","638","19","95","7","40","5","125","327","14","6","29.10.12"
"120524","40","Дніпропетровська область","бібліотека, читальна зала
вул.Шевченко, 18А, с.Любимівка, Солонянський р-н, Дніпропетровська обл., 52463","376","152","372","43","182","42","224","","0","182","42","224","6","218","5","17","6","11","3","64","108","2","2","29.10.12"
"120525","40","Дніпропетровська область","будинок культури, актова зала
вул.Адміністративна, 1А, с.Березнуватівка, Солонянський р-н, Дніпропетровська обл., 52412","696","296","687","40","361","39","400","","0","361","39","400","27","373","10","57","6","26","2","102","161","3","6","29.10.12"
"120526","40","Дніпропетровська область","будинок культури, фойє
вул.Стремського, 1, с.Василівка, Солонянський р-н, Дніпропетровська обл., 52460","960","504","950","8","448","8","456","","0","448","8","456","28","428","8","31","5","34","1","118","221","7","3","29.10.12"
"120527","40","Дніпропетровська область","бібліотека, читальна зала
вул.Шевченко, 86, с.Кам’яне, Солонянський р-н, Дніпропетровська обл., 52461","584","278","577","35","273","33","306","","0","273","33","306","8","298","11","49","7","28","0","46","155","0","2","29.10.12"
"120528","40","Дніпропетровська область","сільська рада, актова зала, 2-й поверх
вул.Миронова, 9, с.Військове, Солонянський р-н, Дніпропетровська обл., 52472","632","260","632","43","335","37","372","","0","335","37","372","15","357","10","39","4","40","5","105","152","1","1","29.10.12"
"120529","40","Дніпропетровська область","школа, вестибюль
вул.Компанійця, 70А, с.Калинівка, Солонянський р-н, Дніпропетровська обл., 52473","560","202","558","50","308","50","358","","0","308","50","358","10","348","10","24","4","27","1","105","176","1","0","29.10.12"
"120530","40","Дніпропетровська область","школа, фойє
вул.Шкільна, 1, с.Дзержинівка, Солонянський р-н, Дніпропетровська обл., 52421","536","226","521","57","257","53","310","","0","257","53","310","6","304","9","31","3","21","0","76","159","3","2","28.10.12"
"120531","40","Дніпропетровська область","школа, коридор
вул.Центральна, 1, с.Мала Калинівка, Солонянський р-н, Дніпропетровська обл., 52421","336","134","329","41","161","41","202","","0","161","41","202","4","198","12","15","3","23","2","42","97","2","2","29.10.12"
"120532","40","Дніпропетровська область","школа, фойє
вул.Шкільна, 41, с.Миропіль, Солонянський р-н, Дніпропетровська обл., 52422","312","112","305","32","168","32","200","","0","168","32","200","4","196","2","9","1","10","0","55","115","1","3","29.10.12"
"120533","40","Дніпропетровська область","амбулаторія, хол
вул.Центральна, 8Б, с-ще Єлізарове, Солонянський р-н, Дніпропетровська обл., 52433","1344","751","1317","45","559","34","593","","0","559","34","593","28","565","31","41","40","10","1","126","304","4","8","29.10.12"
"120534","40","Дніпропетровська область","школа, коридор
вул.Нова, 1, с.Малозахарине, Солонянський р-н, Дніпропетровська обл., 52451","264","87","258","7","170","7","177","","0","170","7","177","12","165","1","16","0","6","0","34","107","0","1","29.10.12"
"120535","40","Дніпропетровська область","школа, фойє
вул.Центральна, 13, с.Микільське-на-Дніпрі, Солонянський р-н, Дніпропетровська обл., 52470","608","216","600","16","378","14","392","","0","378","14","392","15","377","5","35","7","22","5","148","146","6","3","29.10.12"
"120536","40","Дніпропетровська область","контора СТОВ ""Прогрес"", актова зала
вул.Центральна, 1, с.Звонецьке, Солонянський р-н, Дніпропетровська обл., 52470","224","73","216","10","141","10","151","","0","141","10","151","5","146","4","3","5","12","1","28","91","1","1","29.10.12"
"120537","40","Дніпропетровська область","будинок культури, актова зала
вул.Нова, 13, с.Оріхове, Солонянський р-н, Дніпропетровська обл., 52423","344","86","342","18","240","18","258","","0","240","18","258","1","257","3","8","1","7","1","117","118","2","0","29.10.12"
"120538","40","Дніпропетровська область","школа, фойє
вул.Кооперативна, 2А, с.Звонецький Хутір, Солонянський р-н, Дніпропетровська обл., 52470","288","104","279","25","159","25","184","","0","159","25","184","6","178","3","12","2","13","3","37","105","2","1","29.10.12"
"120539","40","Дніпропетровська область","школа, коридор
вул.Центральна, 1, с.Мопрівське, Солонянський р-н, Дніпропетровська обл., 52450","560","244","547","63","257","59","316","","0","257","59","316","13","303","7","17","3","12","2","108","153","0","1","29.10.12"
"120540","40","Дніпропетровська область","будинок культури, актова зала
вул.Центральна, 59А, с.Григорівка, Солонянський р-н, Дніпропетровська обл., 52451","240","81","238","48","116","43","159","","0","116","43","159","6","153","3","12","3","12","0","63","59","0","1","28.10.12"
"120541","40","Дніпропетровська область","школа, хол
вул.Жовтнева, 35А, с.Незабудине, Солонянський р-н, Дніпропетровська обл., 52432","672","317","666","49","306","49","355","","0","306","49","355","11","344","2","14","2","28","0","85","207","2","4","29.10.12"
"120542","40","Дніпропетровська область","бібліотека, читальна зала
вул.Колгоспна, 30Г, с.Новомар’ївка, Солонянський р-н, Дніпропетровська обл., 52420","704","376","696","36","303","25","328","","0","303","25","328","6","322","9","19","3","54","2","72","156","3","4","29.10.12"
"120543","40","Дніпропетровська область","школа, вестибюль
вул.Радянська, 1, смт Новопокровка, Солонянський р-н, Дніпропетровська обл., 52441","1408","674","1392","87","665","69","734","","0","665","69","734","28","706","17","62","6","45","1","206","359","5","5","29.10.12"
"120544","40","Дніпропетровська область","школа, коридор
вул.Леніна, 13, с.Котлярівка, Солонянський р-н, Дніпропетровська обл., 52441","320","148","319","30","142","30","172","","0","142","30","172","1","171","3","6","2","5","0","81","70","1","3","29.10.12"
"120545","40","Дніпропетровська область","будинок культури, актова зала
вул.Радянська, 8А, с.Олександропіль, Солонянський р-н, Дніпропетровська обл., 52423","680","301","662","35","346","33","379","","0","346","33","379","10","369","6","22","6","15","3","80","233","2","2","29.10.12"
"120546","40","Дніпропетровська область","контора ФГ ""Сонячне"", актова зала
вул.Садова, 1, с.Петриківка, Солонянський р-н, Дніпропетровська обл., 52423","600","282","604","45","274","44","318","","0","274","44","318","12","306","9","24","4","32","3","94","136","3","1","29.10.12"
"120547","40","Дніпропетровська область","школа, фойє
вул.Зелена, 18А, с.Кринички, Солонянський р-н, Дніпропетровська обл., 52424","528","253","514","21","257","18","275","","0","257","18","275","11","264","2","20","2","34","1","99","100","3","3","29.10.12"
"120548","40","Дніпропетровська область","будинок культури, кімната для голосування
вул.Щорса, 42Б, с.Павлівка, Солонянський р-н, Дніпропетровська обл., 52434","600","311","593","43","252","37","289","","0","252","37","289","13","276","10","27","6","15","1","47","160","5","5","29.10.12"
"120549","40","Дніпропетровська область","школа, фойє
вул.Шкільна, 67, с.Письмечеве, Солонянський р-н, Дніпропетровська обл., 52440","792","370","777","52","378","44","422","","0","378","44","422","21","401","5","44","2","22","0","106","216","2","4","29.10.12"
"120550","40","Дніпропетровська область","школа, їдальня
вул.Центральна, 21А, с.Привільне, Солонянський р-н, Дніпропетровська обл., 52413","880","358","873","78","444","78","522","","0","444","78","522","33","489","10","43","5","34","2","69","318","6","2","29.10.12"
"120551","40","Дніпропетровська область","сільський клуб, танцювальна зала
вул.Кірова, 33А, с.Микільське, Солонянський р-н, Дніпропетровська обл., 52413","216","85","212","28","103","28","131","","0","103","28","131","8","123","1","14","1","4","1","29","70","0","3","29.10.12"
"120552","40","Дніпропетровська область","школа, їдальня
вул.Центральна, 2А, с.Червоний Маяк, Солонянський р-н, Дніпропетровська обл., 52414","720","385","712","59","278","57","335","","0","278","57","335","28","307","7","26","7","17","0","62","181","3","4","29.10.12"
"120553","40","Дніпропетровська область","школа, коридор
вул.Артюха, 28Б, с.Промінь, Солонянський р-н, Дніпропетровська обл., 52431","616","279","610","67","284","53","337","","0","284","53","337","10","327","4","17","6","30","1","59","205","3","2","29.10.12"
"120554","40","Дніпропетровська область","школа №1, вестибюль
вул.Шевченко, 33, смт Солоне, Солонянський р-н, Дніпропетровська обл., 52400","2008","994","1977","16","999","15","1014","","0","999","15","1014","32","982","11","117","14","97","7","388","325","8","15","29.10.12"
"120555","40","Дніпропетровська область","будинок культури, фойє, 1-й поверх
вул.Гагаріна, 12, смт Солоне, Солонянський р-н, Дніпропетровська обл., 52400","2240","1301","2223","15","924","15","939","","0","924","15","939","45","894","25","96","6","85","5","284","376","10","7","29.10.12"
"120556","40","Дніпропетровська область","школа №2, спортивна зала, 2-й поверх
вул.Строменко, 50, смт Солоне, Солонянський р-н, Дніпропетровська обл., 52400","2232","1080","2225","54","1100","52","1152","","0","1100","52","1152","42","1110","28","94","13","99","4","425","430","14","3","29.10.12"
"120557","40","Дніпропетровська область","дитячий садок, актова зала
вул.Військове містечко, 29, с.Аполлонівка, Солонянський р-н, Дніпропетровська обл., 52406","1400","764","1382","24","613","23","636","","0","613","23","636","25","611","8","48","7","39","3","120","372","8","6","29.10.12"
"120558","40","Дніпропетровська область","школа, фойє
вул.Шкільна, 2А, с-ще Жданове, Солонянський р-н, Дніпропетровська обл., 52405","992","510","976","32","453","29","482","","0","453","29","482","12","470","7","42","19","6","4","107","280","2","3","29.10.12"
"120559","40","Дніпропетровська область","будинок культури, танцювальна зала, 1-й поверх
вул.Кірова, 1, с.Сурсько-Михайлівка, Солонянський р-н, Дніпропетровська обл., 52410","1920","1074","1877","71","783","63","846","","0","783","63","846","40","806","27","57","13","55","4","118","520","6","6","29.10.12"
"120560","40","Дніпропетровська область","школа, спортивна зала
вул.Сорокіна, 58, с.Широке, Солонянський р-н, Дніпропетровська обл., 52445","488","186","484","64","247","55","302","","0","247","55","302","17","285","5","10","3","14","1","43","204","1","4","29.10.12"
"120561","40","Дніпропетровська область","будинок культури, актова зала
вул.Свердлова, 12, с.Тритузне, Солонянський р-н, Дніпропетровська обл., 52446","464","183","452","65","224","57","281","","0","224","57","281","9","272","3","6","2","5","2","91","158","3","2","29.10.12"
"120562","40","Дніпропетровська область","Солонянська виправна колонія №21, клуб, зала клубу
вул.Військове Містечко, 37, с.Аполлонівка, Солонянський р-н, Дніпропетровська обл., 52406","1800","96","1704","0","1704","0","1704","","0","1704","0","1704","201","1503","200","70","76","178","31","202","627","50","69","29.10.12"
"120594","40","Дніпропетровська область","районний будинок культури, фойє, 1-й поверх
вул.Леніна, 21, смт Томаківка, Томаківський р-н, Дніпропетровська обл., 53500","1568","722","1564","56","790","56","846","","0","790","56","846","20","826","11","88","7","74","8","299","324","7","8","29.10.12"
"120595","40","Дніпропетровська область","аграрний ліцей, фойє, 1-й поверх
вул.Шосейна, 10, смт Томаківка, Томаківський р-н, Дніпропетровська обл., 53500","1976","911","1981","58","1011","54","1065","","0","1011","54","1065","25","1040","15","106","4","62","12","373","449","4","15","29.10.12"
"120596","40","Дніпропетровська область","школа №1, фойє, 1-й поверх
вул.Ватутіна, 7, смт Томаківка, Томаківський р-н, Дніпропетровська обл., 53500","2376","1036","2355","69","1282","58","1340","","0","1282","58","1340","32","1308","21","109","10","85","7","454","604","4","14","29.10.12"
"120597","40","Дніпропетровська область","школа, фойє
вул.Максименка, 27, с.Сергіївка, Томаківський р-н, Дніпропетровська обл., 53505","544","225","539","46","277","42","319","","0","277","42","319","12","307","5","35","29","5","3","112","117","1","0","29.10.12"
"120598","40","Дніпропетровська область","будинок культури, фойє
вул.Ювілейна, 6, с.Кисличувата, Томаківський р-н, Дніпропетровська обл., 53530","1144","449","1131","82","619","76","695","","0","619","76","695","16","679","2","31","8","21","8","201","399","3","6","29.10.12"
"120599","40","Дніпропетровська область","будинок культури, фойє
вул.Партизанська, 64, с.Михайлівка, Томаківський р-н, Дніпропетровська обл., 53531","576","259","555","43","280","37","317","","0","280","37","317","12","305","8","21","10","11","2","78","161","5","9","29.10.12"
"120600","40","Дніпропетровська область","будинок культури, фойє
вул.Бардукова, 44А, с.Володимирівка, Томаківський р-н, Дніпропетровська обл., 53550","1552","673","1535","195","717","162","879","","0","717","162","879","54","825","41","49","20","53","19","214","408","8","13","29.10.12"
"120601","40","Дніпропетровська область","будинок культури, фойє, 1-й поверх
вул.Центральна, 2, с.Китайгородка, Томаківський р-н, Дніпропетровська обл., 53512","472","105","466","45","324","43","367","","0","324","43","367","12","355","6","26","4","17","5","111","174","4","8","29.10.12"
"120602","40","Дніпропетровська область","будинок культури, фойє, 1-й поверх
вул.Гагаріна, 1, с.Чумаки, Томаківський р-н, Дніпропетровська обл., 53510","1312","586","1291","84","654","72","726","","0","654","72","726","26","700","21","75","16","48","8","200","318","5","9","29.10.12"
"120603","40","Дніпропетровська область","будинок культури, фойє
вул.Леніна, 199, с.Преображенка, Томаківський р-н, Дніпропетровська обл., 53520","1008","408","1000","62","546","54","600","","0","546","54","600","16","584","17","20","6","28","4","200","299","4","6","29.10.12"
"120604","40","Дніпропетровська область","навчально-виховний комплекс, фойє
вул.Центральна, 19А, с.Зелений Гай, Томаківський р-н, Дніпропетровська обл., 53521","496","189","484","38","272","35","307","","0","272","35","307","3","304","2","10","2","7","5","146","131","1","0","29.10.12"
"120605","40","Дніпропетровська область","будинок культури, фойє, 1-й поверх
вул.Кірова, 2, с.Топила, Томаківський р-н, Дніпропетровська обл., 53540","1816","910","1802","100","820","86","906","","0","820","86","906","38","868","25","77","7","38","9","308","381","4","19","29.10.12"
"120606","40","Дніпропетровська область","школа, фойє, 1-й поверх
вул.Гагаріна, 1А, с.Настасівка, Томаківський р-н, Дніпропетровська обл., 53541","640","307","630","29","304","29","333","","0","304","29","333","12","321","7","16","2","17","1","95","177","2","4","29.10.12"
"120607","40","Дніпропетровська область","будинок культури, фойє, 1-й поверх
вул.Сільськогосподарська, 37, с-ще Зоря, Томаківський р-н, Дніпропетровська обл., 53542","808","315","806","31","466","27","493","","0","466","27","493","22","471","5","34","2","36","4","92","281","2","15","29.10.12"
"120608","40","Дніпропетровська область","школа, фойє, 1-й поверх
вул.імені Надії Кулик, 23, с.Виводове, Томаківський р-н, Дніпропетровська обл., 53552","1080","471","1069","107","516","93","609","","0","516","93","609","12","597","2","24","20","0","2","326","215","1","7","29.10.12"
"120609","40","Дніпропетровська область","школа, фойє, 1-й поверх
вул.Горького, 7, с.Вищетарасівка, Томаківський р-н, Дніпропетровська обл., 53563","1408","687","1389","100","628","93","721","","0","628","93","721","34","687","10","63","3","42","14","243","307","1","4","29.10.12"
"120610","40","Дніпропетровська область","будинок культури, фойє, 1-й поверх
вул.Леніна, 11, с.Вищетарасівка, Томаківський р-н, Дніпропетровська обл., 53563","1320","638","1300","101","587","95","682","","0","587","95","682","27","655","11","64","2","34","4","208","327","3","2","29.10.12"
"120611","40","Дніпропетровська область","будинок культури, фойє
вул.Центральна, 1А, с.Новокиївка, Томаківський р-н, Дніпропетровська обл., 53560","448","212","439","15","221","15","236","","0","221","15","236","11","225","4","33","3","14","3","45","120","1","2","06.11.12"
"120612","40","Дніпропетровська область","сільський клуб, фойє
вул.Кірова, 1А, с.Добра Надія, Томаківський р-н, Дніпропетровська обл., 53562","968","459","958","205","379","130","509","","0","379","130","509","31","478","33","57","9","38","24","84","213","6","14","29.10.12"
"120713","40","Дніпропетровська область","Укрпошта, фойє
пров.Мар’ївський, 9, м.Марганець, Дніпропетровська обл., 53400","416","188","410","11","218","10","228","","0","218","10","228","12","216","7","60","0","17","6","30","77","0","19","28.10.12"
"120714","40","Дніпропетровська область","школа №2, фойє, 2-й поверх
вул.Садова, 18, м.Марганець, Дніпропетровська обл., 53400","1040","469","1037","53","530","41","571","","0","530","41","571","17","554","9","99","5","42","21","92","229","4","53","29.10.12"
"120715","40","Дніпропетровська область","комплекс позашкільної роботи, фойє
вул.Садова, 1, м.Марганець, Дніпропетровська обл., 53400","968","437","947","21","519","12","531","","0","519","12","531","11","520","15","92","3","33","21","74","177","4","101","29.10.12"
"120716","40","Дніпропетровська область","палац культури, фойє, 2-й поверх
пл.Леніна, 1, м.Марганець, Дніпропетровська обл., 53400","880","455","867","23","409","16","425","","0","409","16","425","22","403","4","70","5","32","12","67","149","9","55","29.10.12"
"120717","40","Дніпропетровська область","центр трудової підготовки, фойє
вул.О.Кошового, 4, м.Марганець, Дніпропетровська обл., 53400","1456","698","1450","35","733","25","758","","0","733","25","758","23","735","6","144","6","43","22","131","287","6","90","29.10.12"
"120718","40","Дніпропетровська область","школа №11, фойє, 1-й поверх
вул.50 років Жовтня, 14, м.Марганець, Дніпропетровська обл., 53400","1552","778","1545","62","725","49","774","","0","725","49","774","27","747","13","156","2","54","13","163","270","11","65","29.10.12"
"120719","40","Дніпропетровська область","професійно-технічний ліцей, спортивна зала, 1-й поверх
вул.Радянська, 41, м.Марганець, Дніпропетровська обл., 53400","936","461","916","17","463","12","475","","0","463","12","475","20","455","7","99","6","35","10","73","171","12","42","29.10.12"
"120720","40","Дніпропетровська область","школа №12, фойє, 1-й поверх
вул.Радянська, 65А, м.Марганець, Дніпропетровська обл., 53400","1976","906","1952","52","1034","36","1070","","0","1034","36","1070","31","1039","12","178","6","89","35","160","447","11","101","29.10.12"
"120721","40","Дніпропетровська область","ПАТ ""Рудоремонтний завод"", їдальня №3, 1-й поверх
вул.Радянська, 160, м.Марганець, Дніпропетровська обл., 53400","1760","906","1725","36","825","29","854","","0","825","29","854","31","823","16","163","5","59","38","116","356","5","65","29.10.12"
"120722","40","Дніпропетровська область","школа №3, фойє, 2-й поверх
вул.Жовтнева, 1, м.Марганець, Дніпропетровська обл., 53400","1512","755","1490","42","721","36","757","","0","721","36","757","32","725","10","126","9","51","10","101","381","2","35","29.10.12"
"120723","40","Дніпропетровська область","адмінбудинок ""Лісгоспу"", зала засідань
вул.Крупської, 32, м.Марганець, Дніпропетровська обл., 53400","1008","537","987","21","454","17","471","","0","454","17","471","20","451","10","74","3","37","10","84","186","3","44","29.10.12"
"120724","40","Дніпропетровська область","школа №9, фойє, 1-й поверх
квартал Ювілейний, 16, м.Марганець, Дніпропетровська обл., 53400","2376","1188","2333","26","1174","14","1188","","0","1174","14","1188","31","1157","17","178","7","87","37","230","524","5","72","29.10.12"
"120725","40","Дніпропетровська область","Марганецький коледж НГУ, фойє, 1-й поверх
вул.Лермонтова, 8, м.Марганець, Дніпропетровська обл., 53400","2200","1120","2169","36","1052","28","1080","","0","1052","28","1080","36","1044","19","224","13","71","26","164","438","14","75","29.10.12"
"120726","40","Дніпропетровська область","школа-інтернат №2, актова зала, 1-й поверх
вул.Лермонтова, 2, м.Марганець, Дніпропетровська обл., 53400","1880","1058","1871","49","785","37","822","","0","785","37","822","28","794","11","119","2","75","35","139","339","5","69","29.10.12"
"120727","40","Дніпропетровська область","МНС ""Гірничо-рятувальний загін"", актова зала
вул.Київська, 159, м.Марганець, Дніпропетровська обл., 53400","1888","1089","1843","18","789","10","799","","0","789","10","799","24","775","12","97","4","63","47","123","364","5","60","29.10.12"
"120728","40","Дніпропетровська область","школа №6, фойє, 1-й поверх
вул.Щербини, 26, м.Марганець, Дніпропетровська обл., 53400","2240","1057","2186","57","1145","38","1183","","0","1145","38","1183","33","1150","17","146","10","81","35","241","518","10","92","29.10.12"
"120729","40","Дніпропетровська область","школа №10, фойє, 1-й поверх
вул.Бульварна, 1, м.Марганець, Дніпропетровська обл., 53400","2184","1142","2106","44","1010","32","1042","","0","1010","32","1042","30","1012","16","139","6","76","44","184","473","12","62","29.10.12"
"120730","40","Дніпропетровська область","школа №1, фойє, 1-й поверх
вул.Перспективна, 3А, м.Марганець, Дніпропетровська обл., 53400","2408","1287","2364","30","1101","20","1121","","0","1101","20","1121","49","1072","14","158","1","89","73","171","487","6","73","29.10.12"
"120731","40","Дніпропетровська область","дитячий клуб ""Вікторія"", фойє
вул.Київська, 174А, м.Марганець, Дніпропетровська обл., 53400","2159","1096","2147","44","1027","36","1063","","0","1027","36","1063","21","1042","12","179","7","114","36","203","416","6","69","29.10.12"
"120732","40","Дніпропетровська область","дитячий садок, фойє
вул.Перспективна, 3Б, м.Марганець, Дніпропетровська обл., 53400","1592","968","1588","15","613","11","624","","0","613","11","624","16","608","7","78","8","55","33","93","262","14","58","29.10.12"
"120733","40","Дніпропетровська область","школа №8, фойє
вул.Макаренка, 22, м.Марганець, Дніпропетровська обл., 53400","448","232","446","8","209","7","216","","0","209","7","216","14","202","6","19","4","8","3","44","105","2","11","28.10.12"
"120734","40","Дніпропетровська область","ВАТ ""Пасавтотранс"", фойє, 1-й поверх
вул.Нікопольська, 1, м.Марганець, Дніпропетровська обл., 53400","1000","530","991","17","458","12","470","","0","458","12","470","11","459","7","40","3","18","12","144","186","4","45","29.10.12"
"120735","40","Дніпропетровська область","школа №7, їдальня, 1-й поверх
вул.Долгова, 1, м.Марганець, Дніпропетровська обл., 53400","1704","968","1679","25","719","17","736","","0","719","17","736","35","701","13","128","8","35","17","128","316","8","48","29.10.12"
"120736","40","Дніпропетровська область","школа №5, спортивна зала, 1-й поверх
вул.К.Маркса, 37, м.Марганець, Дніпропетровська обл., 53400","1904","1030","1902","55","827","47","874","","0","827","47","874","25","849","13","86","5","46","14","187","445","7","46","29.10.12"
"121022","40","Дніпропетровська область","школа №7, спортивна зала, 2-й поверх
вул.Ніжинська, 7, м.Дніпродзержинськ, Дніпропетровська обл., 51922","2240","1260","2209","22","967","13","980","","0","967","13","980","59","921","17","105","96","96","8","166","410","14","9","28.10.12"
"121023","40","Дніпропетровська область","школа №7, вестибюль, 1-й поверх
вул.Ніжинська, 7, м.Дніпродзержинськ, Дніпропетровська обл., 51922","2336","1318","2286","15","1005","13","1018","","0","1005","13","1018","57","961","50","99","148","135","7","162","333","19","8","29.10.12"
"121024","40","Дніпропетровська область","школа №35, коридор, 1-й поверх
вул.Куйбишева, 162, м.Дніпродзержинськ, Дніпропетровська обл., 51922","2376","1157","2374","21","1201","18","1219","","0","1201","18","1219","68","1151","30","116","158","182","8","265","369","16","7","29.10.12"
"121025","40","Дніпропетровська область","школа №35, коридор, 2-й поверх
вул.Куйбишева, 162, м.Дніпродзержинськ, Дніпропетровська обл., 51922","2280","1345","2253","2","933","2","935","","0","933","2","935","62","873","23","85","123","126","5","183","315","8","5","29.10.12"
"121026","40","Дніпропетровська область","реабілітаційний центр, спортивна зала, 2-й поверх
вул.Кузнєцова, 18, м.Дніпродзержинськ, Дніпропетровська обл., 51912","2384","1245","2331","17","1122","17","1139","","0","1122","17","1139","59","1080","31","117","124","122","7","258","398","17","6","29.10.12"
"121027","40","Дніпропетровська область","Дитячо-юнацька спортивна школа №4, вестибюль, 1-й поверх
вул.Скаліка, 5, м.Дніпродзержинськ, Дніпропетровська обл., 51935","2376","1361","2324","6","1012","3","1015","","0","1012","3","1015","71","944","34","112","145","128","8","179","319","17","2","29.10.12"
"121029","40","Дніпропетровська область","школа №28, вестибюль, 2-й поверх
вул.Криворізька, 41, м.Дніпродзержинськ, Дніпропетровська обл., 51914","2112","987","2061","10","1118","7","1125","","0","1118","7","1125","77","1048","30","77","113","174","3","288","338","13","12","29.10.12"
"121031","40","Дніпропетровська область","школа №13, коридор, 1-й поверх
вул.Бойка, 42, м.Дніпродзержинськ, Дніпропетровська обл., 51900","2176","1166","2129","7","1003","7","1010","","0","1003","7","1010","54","956","32","111","175","112","1","198","310","11","6","29.10.12"
"121032","40","Дніпропетровська область","школа №13, коридор, 2-й поверх
вул.Бойка, 42, м.Дніпродзержинськ, Дніпропетровська обл., 51900","2368","1260","2325","18","1093","15","1108","","0","1093","15","1108","84","1024","33","97","175","119","7","230","328","19","16","29.10.12"
"121033","40","Дніпропетровська область","школа №18, коридор, 1-й поверх
вул.Бойка, 31, м.Дніпродзержинськ, Дніпропетровська обл., 51900","2400","1315","2352","8","1079","6","1085","","0","1079","6","1085","57","1028","23","101","267","102","3","193","320","14","5","29.10.12"
"121034","40","Дніпропетровська область","школа №18, коридор, 1-й поверх
вул.Бойка, 31, м.Дніпродзержинськ, Дніпропетровська обл., 51900","2376","1292","2326","15","1073","11","1084","","0","1073","11","1084","59","1025","21","111","185","115","3","188","382","16","4","28.10.12"
"121035","40","Дніпропетровська область","школа №12, коридор, 1-й поверх
вул.Скаліка, 30, м.Дніпродзержинськ, Дніпропетровська обл., 51900","2376","1218","2343","15","1144","14","1158","","0","1144","14","1158","96","1062","43","116","179","168","2","212","324","12","6","29.10.12"
"121039","40","Дніпропетровська область","адміністративна будівля, актова зала
вул.Куп’янська, 31, м.Дніпродзержинськ, Дніпропетровська обл., 51900","1632","756","1603","5","871","5","876","","0","871","5","876","52","824","22","82","84","99","7","205","314","8","3","29.10.12"
"121044","40","Дніпропетровська область","Дніпродзержинська міська лікарня №7, хол, 2-й поверх
вул.Скаліка, 3, м.Дніпродзержинськ, Дніпропетровська обл., 51900","304","2","302","78","224","78","302","","0","224","78","302","14","288","10","18","54","28","4","23","143","7","1","28.10.12"
"121045","40","Дніпропетровська область","Дніпродзержинська виправна колонія №34, актова зала для засуджених, 2-й поверх
вул.Димитрова, 214, м.Дніпродзержинськ, Дніпропетровська обл., 51912","808","21","788","0","787","0","787","","0","787","0","787","7","780","2","7","2","15","1","3","746","2","2","28.10.12"
"121777","40","Дніпропетровська область","актова зала, 2-й поверх
вул.Паркова, 15, м.Марганець, Дніпропетровська обл., 53400","72","5","70","0","67","0","67","","0","67","0","67","2","65","1","14","0","1","3","9","32","0","5","29.10.12"
