"№ ВД","OBO","Назва регіону України","Місцезнаходження та адреса приміщення для голосування","1) К-сть одержаних бюлетенів","2) К-сть невикористаних бюлетенів","3) К-сть виборців, внесених до списку виборців","4) К-сть виборців, внесених до витягу зі списку виборців","5) К-сть виборців, які отримали бюлетені у приміщенні","6) К-сть виборців, які отримали за місцем перебування","7) Сумарна к-сть виборців, які отримали бюлетені","8) К-сть бюлетенів, що виявилися у кожній скринці","9) К-сть бюлетенів, що не підлягають врахуванню","10) К-сть виборців, які взяли участь у голос. у приміщенні для гол.","11) К-сть виборців, які взяли участь у голос. за місцем перебування","12) К-сть виборців, які взяли участь у голосуванні на виборчій дільниці","13) К-сть бюлетенів, визнаних недійсними","14) Сумарна к-сть голосів виборців ЗА","Балабан
Наталія
Володимирівна","Білоус
Василь
Васильович","Білоус
Інна
Василівна","Благодир
Андрій
Валерійович","Гінзбург
Ольга
Петрівна","Демидко
Віталій
Олегович","Молоток
Ігор
Федорович","Нога
Микола
Олександрович","Нога
Микола
Петрович","Петько
Сергій
Валентинович","Портянко
Максим
Андрійович","Ружина
Анастасія
Олегівна","Рябченко
Олег
Миколайович","Стриженко
Микола
Миколайович","Талала
Сергій
Миколайович","Ходькова
Аліна
Миколаївна","Яровий
Андрій
Михайлович","Дата підписання протоколу"
"590179","160","Сумська область","школа, фойє
вул.Будьонного, 27, с.Вирівка, Конотопський р-н, Сумська обл., 41630","1116","544","1071","76","510","62","572","","0","510","62","572","21","551","19","3","1","2","45","7","173","9","28","1","1","1","65","2","187","2","5","29.10.12"
"590180","160","Сумська область","Конотопський аграрний ліцей, к.26
вул.Заводська, 68, с-ще Заводське, Конотопський р-н, Сумська обл., 41631","1024","485","1016","52","488","51","539","","0","488","51","539","18","521","14","1","5","1","30","9","100","12","57","5","0","1","95","8","173","1","9","29.10.12"
"590200","160","Сумська область","навчально-виховний комплекс, спортивна зала
вул.Майдан Революції, 6, с.Мельня, Конотопський р-н, Сумська обл., 41640","292","82","285","33","179","31","210","","0","179","31","210","15","195","4","0","0","0","22","17","30","4","30","0","0","1","22","1","63","0","1","28.10.12"
"590207","160","Сумська область","сільський клуб, диско-зала
вул.Леніна, 20, с.Присеймів’я, Конотопський р-н, Сумська обл., 41642","180","52","182","32","100","28","128","","0","100","28","128","6","122","9","1","2","0","14","0","33","3","8","0","0","0","24","2","24","1","1","29.10.12"
"590208","160","Сумська область","навчально-виховний комплекс, актова зала
вул.Шевченка, 43, с.Чорноплатове, Конотопський р-н, Сумська обл., 41642","436","193","428","29","215","28","243","","0","215","28","243","9","234","11","1","2","0","12","2","95","4","13","0","0","0","20","0","71","0","3","29.10.12"
"590275","160","Сумська область","школа, фойє
вул.Чайківка, 7, с.Алтинівка, Кролевецький р-н, Сумська обл., 41346","1100","599","1078","36","469","32","501","","0","469","32","501","32","469","8","3","8","2","50","49","138","21","62","1","2","2","57","2","56","4","4","29.10.12"
"590279","160","Сумська область","будинок культури, актова зала
вул.Центральна, 16, с.Гречкине, Кролевецький р-н, Сумська обл., 41317","276","130","268","50","103","43","146","","0","103","43","146","1","145","1","0","1","0","5","6","35","18","42","0","0","0","4","1","29","2","1","29.10.12"
"590281","160","Сумська область","будинок культури, актова зала
вул.Мічуріна, 62, с.Добротове, Кролевецький р-н, Сумська обл., 41344","488","222","482","34","240","26","266","","0","240","26","266","4","262","2","0","3","0","24","22","87","21","55","0","1","1","7","0","37","0","2","29.10.12"
"590285","160","Сумська область","школа, актова зала
вул.Шлях, 1, с.Лапшине, Кролевецький р-н, Сумська обл., 41354","192","39","195","20","133","20","153","","0","133","20","153","5","148","0","0","0","0","12","6","60","4","34","1","0","0","4","0","27","0","0","29.10.12"
"590286","160","Сумська область","сільська рада, актова зала
вул.Леніна, 2, с.Ленінське, Кролевецький р-н, Сумська обл., 41354","756","304","736","40","413","39","452","","0","413","39","452","27","425","1","1","7","3","30","40","79","6","53","1","0","1","28","3","168","2","2","29.10.12"
"590289","160","Сумська область","сільський клуб, актова зала
вул.Поштова, 5, с.Любитове, Кролевецький р-н, Сумська обл., 41355","136","24","134","22","92","20","112","","0","92","20","112","1","111","2","0","2","0","2","21","16","3","36","1","0","0","10","0","18","0","0","29.10.12"
"590290","160","Сумська область","сільська рада, бухгалтерія
вул.Спортивна, 10, с.Майорівка, Кролевецький р-н, Сумська обл., 41346","172","65","174","13","95","12","107","","0","95","12","107","6","101","1","0","1","0","13","1","26","7","26","0","2","0","9","0","14","1","0","01.11.12"
"590292","160","Сумська область","школа, фойє
вул.Комсомольська, 110, с.Обтове, Кролевецький р-н, Сумська обл., 41340","564","183","546","38","346","35","381","","0","346","35","381","16","365","1","0","1","0","22","10","144","13","44","0","1","0","31","6","89","0","3","29.10.12"
"590293","160","Сумська область","ТОВ ""Десна"", кабінет директора
вул.Щорса, 56, с.Обтове, Кролевецький р-н, Сумська обл., 41340","540","191","540","67","286","63","349","","0","286","63","349","9","340","1","0","3","0","36","19","98","7","31","1","2","2","21","2","108","1","8","29.10.12"
"590294","160","Сумська область","сільський клуб, актова зала
вул.Перемоги, 23, с.Реутинці, Кролевецький р-н, Сумська обл., 41343","780","296","762","59","431","53","484","","0","431","53","484","26","458","4","3","4","1","47","32","236","13","47","2","0","0","18","4","42","1","4","29.10.12"
"590675","160","Сумська область","школа імені П.О.Куліша, новий корпус, вестибюль
вул.Н.-Сіверська, 2, смт Вороніж, Шосткинський р-н, Сумська обл., 41140","1908","1047","1891","187","717","144","861","","0","717","144","861","18","843","0","2","5","0","52","5","347","25","159","1","1","3","65","6","157","8","7","29.10.12"
"590676","160","Сумська область","школа імені П.О.Куліша, старий корпус, вестибюль
вул.Н.-Сіверська, 2, смт Вороніж, Шосткинський р-н, Сумська обл., 41140","1440","702","1419","94","660","78","738","","0","660","78","738","24","714","2","0","2","1","69","1","351","18","69","0","1","1","63","0","135","0","1","29.10.12"
"590677","160","Сумська область","ТОВ ""Контакт-плюс"", їдальня
вул.Кошового, 18, смт Вороніж, Шосткинський р-н, Сумська обл., 41140","1947","945","1919","61","955","47","1002","","0","955","47","1002","30","972","4","2","4","3","77","10","413","21","122","0","2","0","87","0","213","9","5","29.10.12"
"590678","160","Сумська область","навчально-виховний комплекс, вестибюль
вул.Тидня, 23, смт Вороніж, Шосткинський р-н, Сумська обл., 41140","652","312","655","42","303","37","340","","0","303","37","340","13","327","2","1","4","0","24","0","134","19","44","0","1","1","27","2","60","2","6","28.10.12"
"590689","160","Сумська область","клуб, актова зала
вул.Калініна, 147, с.Клишки, Шосткинський р-н, Сумська обл., 41145","328","134","319","42","159","35","194","","0","159","35","194","2","192","1","2","2","0","26","2","94","9","15","0","1","1","7","1","26","5","0","29.10.12"
"590690","160","Сумська область","школа, спортивна зала
вул.Калініна, 1А, с.Клишки, Шосткинський р-н, Сумська обл., 41145","612","279","598","71","270","63","333","","0","270","63","333","6","327","0","0","1","0","20","4","219","4","26","0","1","1","31","3","13","3","1","29.10.12"
"590691","160","Сумська область","будинок культури, актова зала
вул.Зелена, 2Б, с.Клишки, Шосткинський р-н, Сумська обл., 41145","720","348","714","94","304","68","372","","0","304","68","372","16","356","2","0","0","1","30","7","205","10","30","0","0","1","31","0","33","6","0","28.10.12"
"590692","160","Сумська область","фельдшерський пункт, к.1
вул.Солотвинська, 38Б, с.Солотвине, Шосткинський р-н, Сумська обл., 41145","156","60","154","33","69","27","96","","0","69","27","96","4","92","1","0","0","0","3","2","62","2","4","1","0","0","13","0","4","0","0","28.10.12"
"590693","160","Сумська область","школа, фойє
вул.Суворова, 4, с.Ковтунове, Шосткинський р-н, Сумська обл., 41122","616","242","607","42","338","36","374","","0","338","36","374","8","366","0","0","2","0","26","6","261","16","38","0","0","0","6","0","9","2","0","28.10.12"
"590700","160","Сумська область","клуб, к.1
вул.Перемоги, 41, с.Тиманівка, Шосткинський р-н, Сумська обл., 41144","268","84","264","23","161","23","184","","0","161","23","184","7","177","1","1","3","2","12","17","83","6","22","1","0","0","9","0","12","7","1","28.10.12"
"590701","160","Сумська область","школа, коридор
вул.Кірова, 176, с.Лушники, Шосткинський р-н, Сумська обл., 41146","340","129","332","46","165","46","211","","0","165","46","211","4","207","0","1","2","1","9","1","101","11","44","0","1","0","11","1","22","2","0","28.10.12"
"590702","160","Сумська область","школа, коридор
вул.Леніна, 2, с.Чапліївка, Шосткинський р-н, Сумська обл., 41143","1016","479","1006","115","448","89","537","","0","448","89","537","11","526","0","0","2","1","34","30","270","22","77","1","1","1","13","0","61","9","4","29.10.12"
"590703","160","Сумська область","виправна колонія (№66), клуб, актова зала
вул.Радянська, 57А, с.Гамаліївка, Шосткинський р-н, Сумська обл., 41132","1192","46","1184","0","1146","0","1146","","0","1146","0","1146","164","982","42","23","59","18","37","24","251","83","166","17","13","64","71","24","28","28","34","29.10.12"
"590752","160","Сумська область","колійна машинна станція №119, адмінкорпус, к.1
вул.Професійна, 108, м.Конотоп, Сумська обл., 41600","1596","863","1595","14","723","10","733","","0","723","10","733","48","685","14","3","5","1","70","33","154","11","58","2","1","1","151","3","170","4","4","01.11.12"
"590753","160","Сумська область","Конотопська школа №14, коридор, 1-й поверх
вул.Євгенії Бош, 29, м.Конотоп, Сумська обл., 41600","2020","1006","1985","25","994","20","1014","","0","994","20","1014","58","956","15","0","3","0","119","36","197","20","87","0","1","3","205","5","259","0","6","29.10.12"
"590754","160","Сумська область","Конотопська школа №13, вестибюль
вул.Богдана Хмельницького, 91, м.Конотоп, Сумська обл., 41600","2040","937","2010","44","1063","40","1103","","0","1063","40","1103","64","1039","16","4","12","6","111","39","268","15","94","2","3","3","226","10","214","1","15","29.10.12"
"590755","160","Сумська область","ДЮСШ ""Старт"", вестибюль
вул.Богдана Хмельницького, 24, м.Конотоп, Сумська обл., 41600","1612","761","1610","22","836","15","851","","0","836","15","851","40","811","14","1","9","2","127","20","170","18","66","3","3","2","144","5","213","1","13","29.10.12"
"590756","160","Сумська область","ДПТНЗ ""Конотопське ВПУ"", фойє
вул.6 Вересня, 1, м.Конотоп, Сумська обл., 41600","1536","697","1522","31","814","25","839","","0","814","25","839","38","801","11","0","5","1","78","24","221","9","85","0","3","0","183","9","156","0","16","29.10.12"
"590757","160","Сумська область","гуртожиток КдзпПЗз, зала засідань
вул.Свободи, 57, м.Конотоп, Сумська обл., 41600","2136","1034","2120","23","1090","12","1102","","0","1090","12","1102","49","1053","25","0","3","0","111","23","234","34","155","1","5","3","213","13","215","5","13","29.10.12"
"590758","160","Сумська область","ДПТНЗ Конотопський профліцей, вестибюль, 2-й поверх
вул.Тургенєва, 30, м.Конотоп, Сумська обл., 41600","1144","566","1134","28","558","20","578","","0","558","20","578","29","549","15","2","1","1","45","13","163","14","77","1","0","1","107","3","102","0","4","28.10.12"
"590759","160","Сумська область","Конотопська школа №12, вестибюль
вул.Цюрупи, 2, м.Конотоп, Сумська обл., 41600","2228","1062","2228","35","1143","23","1166","","0","1143","23","1166","56","1110","48","3","15","4","122","35","232","24","160","3","0","3","200","5","228","3","25","29.10.12"
"590760","160","Сумська область","будинок науки і техніки КДЗП, фойє
вул.Клубна, 2, м.Конотоп, Сумська обл., 41600","1236","573","1224","27","644","19","663","","0","644","19","663","28","635","12","0","5","0","104","23","121","10","102","1","1","0","139","8","103","3","3","29.10.12"
"590761","160","Сумська область","Конотопська школа №11, актова зала
вул.Свободи, 8, м.Конотоп, Сумська обл., 41600","1236","632","1224","36","575","29","604","","0","575","29","604","26","578","8","3","6","1","62","14","120","17","91","2","1","1","153","6","87","2","4","01.11.12"
"590762","160","Сумська область","клуб ДП ""Авіакон"", актова зала
вул.Рябошапка, 25, м.Конотоп, Сумська обл., 41600","2212","1093","2192","28","1102","17","1119","","0","1102","17","1119","52","1067","36","5","10","5","143","28","142","39","165","0","2","3","197","12","264","2","14","29.10.12"
"590763","160","Сумська область","Конотопська школа №3, фойє
вул.Клубна, 150, м.Конотоп, Сумська обл., 41600","2180","1058","2154","18","1106","16","1122","","0","1106","16","1122","40","1082","27","3","16","0","135","22","186","25","144","2","3","0","294","4","208","0","13","29.10.12"
"590764","160","Сумська область","автошкола ТСОУ, актова зала
вул.Клубна, 74, м.Конотоп, Сумська обл., 41600","1780","869","1738","17","899","12","911","","0","899","12","911","47","864","17","4","7","3","155","22","194","27","84","3","1","4","151","11","167","4","10","29.10.12"
"590765","160","Сумська область","Конотопська школа №10, коридор, 1-й поверх
просп.Миру, 65, м.Конотоп, Сумська обл., 41600","1440","646","1440","29","775","19","794","","0","775","19","794","34","760","23","1","4","3","91","20","148","14","88","1","0","1","159","5","194","0","8","29.10.12"
"590766","160","Сумська область","Конотопська філія ЄУ, актова зала
просп.Миру, 38, м.Конотоп, Сумська обл., 41600","2260","1051","2217","40","1177","32","1209","","0","1177","32","1209","57","1152","25","3","14","5","146","39","179","16","123","0","2","2","233","8","346","3","8","29.10.12"
"590767","160","Сумська область","Конотопський ДНЗ №7, музична зала
вул.Генерала Тхора, 40, м.Конотоп, Сумська обл., 41600","2364","1118","2319","15","1236","10","1246","","0","1236","10","1246","48","1198","19","2","18","6","138","47","174","13","143","1","4","0","275","14","320","4","20","29.10.12"
"590768","160","Сумська область","гурт. ТОВ""Паритет-Капітал"", актова зала
вул.Братів Радченків, 49, м.Конотоп, Сумська обл., 41600","1864","807","1846","18","1042","15","1057","","0","1042","15","1057","63","994","17","6","6","1","133","37","142","30","135","3","0","2","160","8","303","3","8","29.10.12"
"590769","160","Сумська область","Конотопська школа №5, їдальня
вул.Короленка, 6, м.Конотоп, Сумська обл., 41600","2128","1023","2095","35","1081","24","1105","","0","1081","24","1105","55","1050","11","4","11","3","122","58","132","11","109","1","1","1","217","13","343","1","12","29.10.12"
"590770","160","Сумська область","політехнічний технікум КІСумДУ, вестибюль
вул.Садова, 39, м.Конотоп, Сумська обл., 41600","2180","1018","2145","28","1136","26","1162","","0","1136","26","1162","53","1109","18","1","6","1","113","37","155","20","169","0","0","2","236","9","314","2","26","29.10.12"
"590771","160","Сумська область","ЦДЮТ, актова зала, 2-й поверх
просп.Миру, 6, м.Конотоп, Сумська обл., 41600","1976","847","1950","24","1109","20","1129","","0","1109","20","1129","39","1090","33","2","7","2","138","45","161","24","139","0","3","3","208","8","300","2","15","29.10.12"
"590772","160","Сумська область","Конотопська гімназія, спортивна зала
вул.Братів Радченків, 21, м.Конотоп, Сумська обл., 41600","2116","1095","2013","36","992","29","1021","","0","992","29","1021","44","977","10","6","8","1","111","38","147","14","113","1","3","2","240","6","257","0","20","29.10.12"
"590773","160","Сумська область","Конотопське відділення МАУП, актова зала
просп.Леніна, 15, м.Конотоп, Сумська обл., 41600","2048","950","2010","19","1083","15","1098","","0","1083","15","1098","43","1055","14","4","4","3","120","59","153","16","101","0","2","0","249","10","292","3","25","29.10.12"
"590774","160","Сумська область","Конотопська школа №2, к.21, 22
вул.Виконкомівська, 12, м.Конотоп, Сумська обл., 41600","1260","648","1237","12","601","11","612","","0","601","11","612","28","584","10","1","5","3","80","31","76","14","51","0","0","2","125","3","172","1","10","29.10.12"
"590775","160","Сумська область","будинок культури ""Зоряний"", фойє, 1-й поверх
просп.Леніна, 7, м.Конотоп, Сумська обл., 41600","2264","1102","2243","28","1139","23","1162","","0","1139","23","1162","52","1110","14","4","14","3","124","56","163","22","122","0","1","1","312","7","248","1","18","29.10.12"
"590776","160","Сумська область","Конотопське медичне училище, вестибюль
просп.Леніна, 3, м.Конотоп, Сумська обл., 41600","1068","562","1054","21","490","16","506","","0","490","16","506","30","476","4","1","3","1","67","31","93","17","40","1","3","1","98","3","103","1","9","29.10.12"
"590777","160","Сумська область","гуртожиток ТОВ Мотордеталь-Конотоп, актова зала
вул.Металістів, 2, м.Конотоп, Сумська обл., 41600","1440","753","1417","10","678","9","687","","0","678","9","687","22","665","22","0","7","1","63","23","160","22","56","2","2","3","137","4","159","2","2","29.10.12"
"590778","160","Сумська область","Конотопська школа №9, актова зала
вул.Вирівська, 23А, м.Конотоп, Сумська обл., 41600","1052","461","1034","8","586","5","591","","0","586","5","591","24","567","9","1","4","3","47","17","118","10","53","1","1","0","155","2","139","2","5","29.10.12"
"590779","160","Сумська область","ДНЗ №8 ""Волошка"", музична зала
вул.Вирівська, буд.23Б, м.Конотоп, Сумська обл., 41600","2056","1029","2024","12","1018","9","1027","","0","1018","9","1027","63","964","15","1","9","5","152","36","176","12","82","1","1","1","202","9","255","1","6","29.10.12"
"590780","160","Сумська область","ДПТНЗ ""Конотопське ПТУ"", коридор навчального корпусу
вул.Будівельників, 24, м.Конотоп, Сумська обл., 41600","1440","789","1422","6","648","3","651","","0","648","3","651","24","627","12","2","6","2","87","21","137","9","55","2","0","6","99","4","175","2","8","28.10.12"
"590781","160","Сумська область","Конотопська школа №9, вестибюль
вул.Сарнавська, 38А, м.Конотоп, Сумська обл., 41600","2217","1202","2182","30","989","26","1015","","0","989","26","1015","89","926","13","0","12","4","106","19","161","26","97","0","0","3","232","5","231","0","17","29.10.12"
"590782","160","Сумська область","Конотопська школа №7, вестибюль
вул.Петровського, 62, м.Конотоп, Сумська обл., 41600","2080","1085","2079","26","977","18","995","","0","977","18","995","55","940","11","1","6","4","127","84","198","19","72","1","0","2","212","15","182","0","6","29.10.12"
"590783","160","Сумська область","Конотопська школа №7, вестибюль
вул.Конотопських партизанів, 27, м.Конотоп, Сумська обл., 41600","1812","945","1783","28","847","20","867","","0","847","20","867","38","829","17","0","6","4","185","44","171","14","46","0","3","0","173","1","154","2","9","29.10.12"
"590784","160","Сумська область","індустріально-педагогічний технікум КІСумДУ, вестибюль
вул.Миші Немолота, 12, м.Конотоп, Сумська обл., 41600","1904","945","965","19","946","13","959","","0","946","13","959","50","909","11","1","4","2","108","37","206","20","71","2","4","2","188","8","240","0","5","29.10.12"
"590785","160","Сумська область","Підлипненська школа, їдальня
вул.Короленка, 18А, с.Підлипне, м.Конотоп, Сумська обл., 41626","1600","941","1586","34","627","32","659","","0","627","32","659","31","628","17","3","1","1","60","24","109","16","59","0","0","0","104","1","218","0","15","29.10.12"
"590786","160","Сумська область","сільський центр культури та дозвілля, актова зала
майдан Революції, 1, с.Підлипне, м.Конотоп, Сумська обл., 41626","1844","1090","1811","44","715","39","754","","0","715","39","754","47","707","9","12","4","1","79","22","137","25","103","0","2","1","120","6","171","2","13","29.10.12"
"590787","160","Сумська область","Конотопське трамвайне управління, актова зала
вул.Успенсько-Троїцька, 120, м.Конотоп, Сумська обл., 41600","2380","1151","2348","24","1209","20","1229","","0","1209","20","1229","48","1181","35","2","12","3","190","30","230","26","135","4","4","1","232","6","244","6","21","29.10.12"
"590788","160","Сумська область","відділкова лікарня станції Конотоп, червоний куток
вул.Бориса Олійника, 88, м.Конотоп, Сумська обл., 41600","204","180","27","8","16","8","24","","0","16","8","24","0","24","0","0","0","1","3","1","5","0","6","0","0","0","2","0","6","0","0","29.10.12"
"590789","160","Сумська область","Конотопська центральна районна лікарня, терапевтичний корпус, вестибюль
вул.Семашка, 5, м.Конотоп, Сумська обл., 41600","560","446","151","49","77","37","114","","0","77","37","114","8","106","6","0","3","0","11","5","16","4","9","1","0","0","13","0","38","0","0","29.10.12"
"590790","160","Сумська область","Конотопський виправний центр №130, клуб установи
вул.Батуринська, 2, м.Конотоп, Сумська обл., 41600","288","23","270","0","265","0","265","","0","265","0","265","18","247","3","0","4","2","4","2","189","5","7","3","2","1","7","0","17","0","1","29.10.12"
"590852","160","Сумська область","Шосткинський центр професійно-технічної освіти, каб.103
вул.Гагаріна, 21, м.Шостка, Сумська обл., 41100","788","362","805","11","419","7","426","","0","419","7","426","20","406","2","2","0","0","40","2","209","16","91","0","2","0","25","0","13","3","1","28.10.12"
"590853","160","Сумська область","гуртожиток Шосткинського центру професійно-технічної освіти, зала, 1-й поверх, ліворуч
вул.Луначарського, 8, м.Шостка, Сумська обл., 41100","2224","1061","2184","20","1149","14","1163","","0","1149","14","1163","34","1129","1","0","7","0","102","2","471","59","262","2","1","0","89","1","96","32","4","29.10.12"
"590854","160","Сумська область","школа №1, спортивна зала, 1-й поверх
вул.Кірова, 10, м.Шостка, Сумська обл., 41108","2404","1309","2352","5","1092","3","1095","","0","1092","3","1095","34","1061","1","1","4","0","74","1","440","48","273","0","1","0","77","2","113","22","4","29.10.12"
"590855","160","Сумська область","спорткомплекс, вестибюль, 1-й поверх
вул.Кірова, 20, м.Шостка, Сумська обл., 41108","2180","1094","2138","20","1067","19","1086","","0","1067","19","1086","25","1061","1","1","0","2","68","3","469","43","225","0","9","2","77","2","136","17","6","29.10.12"
"590856","160","Сумська область","дитяча школа мистецтв, вестибюль, 1-й поверх
вул.Кірова, 5, м.Шостка, Сумська обл., 41108","2324","1173","2285","16","1135","16","1151","","0","1135","16","1151","45","1106","0","1","1","1","59","2","453","49","270","1","4","4","82","2","156","18","3","29.10.12"
"590857","160","Сумська область","школа №12, спортивна зала
вул.Ціолковського, 10, м.Шостка, Сумська обл., 41108","2316","1066","2295","5","1246","4","1250","","0","1246","4","1250","42","1208","3","1","1","1","119","7","478","54","243","2","4","1","121","1","160","9","3","29.10.12"
"590858","160","Сумська область","школа №1, 1-й поверх, праве крило
вул.Кірова, 10, м.Шостка, Сумська обл., 41108","2220","1055","2176","18","1150","15","1165","","0","1150","15","1165","31","1134","1","0","1","1","85","4","464","45","307","1","1","1","67","0","133","15","8","29.10.12"
"590859","160","Сумська область","центр естетичного виховання, фойє, 1-й поверх
вул.К.Маркса, 18, м.Шостка, Сумська обл., 41100","1976","863","1929","17","1098","15","1113","","0","1098","15","1113","36","1077","2","1","2","3","99","2","386","32","315","1","0","1","104","1","96","25","7","29.10.12"
"590860","160","Сумська область","ТОВ ""Будівельно-монтажне управління-3"", фойє, 3-й поверх
вул.Депутатська, 1, м.Шостка, Сумська обл., 41100","1068","442","1061","10","617","9","626","","0","617","9","626","18","608","4","1","1","0","77","6","238","27","135","0","2","0","61","0","50","5","1","29.10.12"
"590861","160","Сумська область","школа №7, спортивна зала, 1-й поверх
вул.Матросова, 1, м.Шостка, Сумська обл., 41100","1752","796","1715","32","929","27","956","","0","929","27","956","22","934","1","0","4","2","74","2","367","40","249","2","0","3","82","1","72","33","2","29.10.12"
"590862","160","Сумська область","центр культури і дозвілля, зала, 2-й поверх
вул.Леніна, 13, м.Шостка, Сумська обл., 41100","2404","1168","2375","19","1223","13","1236","","0","1223","13","1236","50","1186","2","1","4","1","104","4","450","51","326","1","6","0","104","1","116","15","0","29.10.12"
"590863","160","Сумська область","центральна міська бібліотека, фойє
вул.Миру, 11, м.Шостка, Сумська обл., 41100","1316","547","1297","13","757","12","769","","0","757","12","769","22","747","4","1","2","1","46","3","298","31","194","0","0","4","63","0","88","7","5","29.10.12"
"590864","160","Сумська область","школа №9, каб.5
вул.Сумська, 2, м.Шостка, Сумська обл., 41103","2096","1069","2072","22","1007","20","1027","","0","1007","20","1027","40","987","2","1","2","4","55","2","446","39","204","0","1","3","96","1","118","11","2","28.10.12"
"590865","160","Сумська область","Шосткинське вище професійне училище, фойє, 2-й поверх
вул.Воронізька, 38, м.Шостка, Сумська обл., 41103","2332","1162","2294","8","1164","6","1170","","0","1164","6","1170","26","1144","3","2","0","1","53","2","647","45","222","1","1","2","81","1","67","13","3","29.10.12"
"590866","160","Сумська область","Шосткинська філія ""Райавтодор"", фойє, 2-й поверх
вул.Паризької Комуни, 28, м.Шостка, Сумська обл., 41103","1556","819","1531","13","725","12","737","","0","725","12","737","20","717","0","0","1","1","54","0","354","28","145","2","2","1","51","0","68","8","2","29.10.12"
"590867","160","Сумська область","Шосткинський хіміко-технологічний коледж ім.І.Кожедуба, фойє, 2-й поверх
вул.Інститутська, 1, м.Шостка, Сумська обл., 41100","1852","920","1857","10","922","10","932","","0","922","10","932","23","909","3","0","2","1","54","3","393","36","212","0","1","0","89","3","99","11","2","01.11.12"
"590868","160","Сумська область","школа №5, фойє, 1-й поверх
вул.Марата, 24А, м.Шостка, Сумська обл., 41100","1928","803","1905","11","1116","9","1125","","0","1116","9","1125","29","1096","3","1","4","1","104","6","419","41","265","0","2","2","92","3","144","7","2","29.10.12"
"590869","160","Сумська область","центр естетичного виховання, фойє, 2-й поверх, ліворуч
вул.К.Маркса, 38, м.Шостка, Сумська обл., 41100","2340","1218","2303","28","1097","24","1121","","1","1097","24","1121","28","1093","2","0","3","2","92","2","427","50","290","0","1","1","100","0","112","8","3","29.10.12"
"590870","160","Сумська область","центр естетичного виховання, зала, 2-й поверх, праворуч
вул.К.Маркса, 38, м.Шостка, Сумська обл., 41100","1796","819","1763","24","955","22","977","","0","955","22","977","23","954","0","2","2","1","64","1","335","57","273","2","2","2","106","3","85","15","4","29.10.12"
"590871","160","Сумська область","центр естетичного виховання, танцзала, 1-й поверх
вул.К.Маркса, 38, м.Шостка, Сумська обл., 41100","1452","735","1415","15","705","12","717","","0","705","12","717","15","702","0","0","2","0","62","3","287","30","157","0","2","2","70","0","69","15","3","28.10.12"
"590872","160","Сумська область","школа №11, актова зала, 2-й поверх
вул.К.Маркса, 70, м.Шостка, Сумська обл., 41100","1892","863","1862","15","1019","10","1029","","0","1019","10","1029","33","996","5","0","3","0","65","5","396","44","249","0","1","1","115","2","91","16","3","29.10.12"
"590873","160","Сумська область","Шосткинське медичне училище, актова зала
вул.Марата, 43, м.Шостка, Сумська обл., 41100","2244","1126","2203","24","1103","15","1118","","0","1103","15","1118","29","1089","1","3","1","1","94","3","441","42","258","1","5","5","98","0","124","9","3","29.10.12"
"590874","160","Сумська область","Шосткинський професійний ліцей, актова зала
вул.Робоча, 1, м.Шостка, Сумська обл., 41100","2252","989","2215","12","1253","10","1263","","0","1253","10","1263","41","1222","3","3","5","0","111","1","549","45","265","3","2","3","89","2","130","8","3","29.10.12"
"590875","160","Сумська область","ТОВ ""Харківенергоремонт"", вестибюль, 2-й поверх
вул.Онупрієнка, 12, м.Шостка, Сумська обл., 41106","2348","1168","2308","12","1171","9","1180","","0","1171","9","1180","34","1146","2","2","3","4","89","1","526","35","252","1","1","1","106","2","103","13","5","29.10.12"
"590876","160","Сумська область","Укртелеком, цех телекомунікаційних послуг №16, вестибюль, 3-й поверх
вул.Онупрієнка, 13, м.Шостка, Сумська обл., 41106","2424","1137","2394","10","1277","10","1287","","0","1277","10","1287","33","1254","1","0","0","2","94","10","496","52","303","0","2","1","121","2","152","12","6","29.10.12"
"590877","160","Сумська область","школа №6, фойє
вул.Піонерська, 6, м.Шостка, Сумська обл., 41104","1868","934","1855","8","928","6","934","","0","928","6","934","29","905","1","1","5","1","55","13","429","40","204","1","3","4","61","1","71","7","8","29.10.12"
"590878","160","Сумська область","школа №8, актова зала
вул.Бабушкіна, 29, м.Шостка, Сумська обл., 41109","2396","1145","2360","30","1229","22","1251","","0","1229","22","1251","43","1208","4","2","4","2","121","3","474","60","379","4","3","3","58","2","73","9","7","29.10.12"
"590879","160","Сумська область","БК ім.Куйбишева, фойє, 1-й поверх
вул.Орджонікідзе, 2, м.Шостка, Сумська обл., 41101","1936","985","1905","30","925","26","951","","0","925","26","951","22","929","2","0","3","1","102","3","342","52","312","1","1","0","60","1","43","4","2","29.10.12"
"590880","160","Сумська область","школа №4, фойє, 2-й поверх
вул.Куйбишева, 30, м.Шостка, Сумська обл., 41101","1624","731","1601","21","875","18","893","","0","875","18","893","33","860","2","0","0","1","76","1","373","48","252","0","1","0","57","2","43","3","1","29.10.12"
"590881","160","Сумська область","гуртожиток №3, кімната відпочинку, 1-й поверх
вул.Орджонікідзе, 8, м.Шостка, Сумська обл., 41101","1488","756","1484","36","699","33","732","","0","699","33","732","27","705","1","1","3","1","50","4","251","45","247","0","1","2","50","0","43","3","3","29.10.12"
"590882","160","Сумська область","профілакторій ""Лісний"", їдальня
пров.Красний, 2, м.Шостка, Сумська обл., 41109","2440","1051","2411","22","1370","19","1389","","0","1370","19","1389","47","1342","1","0","8","0","147","6","599","80","319","1","2","1","107","4","53","8","6","29.10.12"
"590883","160","Сумська область","ЦРЛ, фойє
вул.Щедріна, 1, м.Шостка, Сумська обл., 41100","184","96","95","64","31","57","88","","0","31","57","88","1","87","1","0","0","0","13","0","16","11","34","1","1","0","2","0","4","3","1","29.10.12"
