"№ ВД","OBO","Назва регіону України","Місцезнаходження та адреса приміщення для голосування","1) К-сть одержаних бюлетенів","2) К-сть невикористаних бюлетенів","3) К-сть виборців, внесених до списку виборців","4) К-сть виборців, внесених до витягу зі списку виборців","5) К-сть виборців, які отримали бюлетені у приміщенні","6) К-сть виборців, які отримали за місцем перебування","7) Сумарна к-сть виборців, які отримали бюлетені","8) К-сть бюлетенів, що виявилися у кожній скринці","9) К-сть бюлетенів, що не підлягають врахуванню","10) К-сть виборців, які взяли участь у голос. у приміщенні для гол.","11) К-сть виборців, які взяли участь у голос. за місцем перебування","12) К-сть виборців, які взяли участь у голосуванні на виборчій дільниці","13) К-сть бюлетенів, визнаних недійсними","14) Сумарна к-сть голосів виборців ЗА","Деркач
Андрій
Леонідович","Доля
Олексій
Васильович","Кравченко
Світлана
Анатоліївна","Кубраков
Сергій
Володимирович","Любивий
Володимир
Анатолійович","Московченко
Віктор
Васильович","Петрук
Ольга
Андріївна","Семеніхін
Артем
Юрійович","Шульга
Микола
Іванович","Дата підписання протоколу"
"590135","159","Сумська область","сільський клуб, фойє
вул.Шевченко, 1, с.Ходине, Глухівський р-н, Сумська обл., 41476","342","116","336","32","201","25","226","","0","201","25","226","5","221","172","4","0","3","1","33","0","8","0","29.10.12"
"590136","159","Сумська область","ДНЗ ""Горобинка"", спортивний зал
вул.Ковйонська, 154, смт Шалигине, Глухівський р-н, Сумська обл., 41470","504","168","490","41","295","41","336","","0","295","41","336","7","329","284","2","3","2","0","23","3","11","1","29.10.12"
"590137","159","Сумська область","Шалигинська школа, фойє
вул.Шкільна, 2, смт Шалигине, Глухівський р-н, Сумська обл., 41470","1284","529","1261","56","700","55","755","","0","700","55","755","34","721","571","10","5","16","4","66","2","44","3","29.10.12"
"590138","159","Сумська область","сільський клуб, фойє
вул.Центральна, 61, с.Старикове, Глухівський р-н, Сумська обл., 41444","174","59","165","11","104","11","115","","0","104","11","115","5","110","98","1","0","0","0","7","2","2","0","29.10.12"
"590139","159","Сумська область","Соснівська школа, фойє
вул.Будьонного, 70, с.Соснівка, Глухівський р-н, Сумська обл., 41442","438","160","427","32","246","32","278","","0","246","32","278","5","273","211","2","5","7","1","19","5","18","5","29.10.12"
"590140","159","Сумська область","сільський клуб, глядацький зал
вул.Центральна, 91, с.Катеринівка, Глухівський р-н, Сумська обл., 41443","162","55","158","14","94","13","107","","0","94","13","107","5","102","96","0","1","1","0","2","0","2","0","29.10.12"
"590141","159","Сумська область","сільський клуб, фойє
вул.Радянська, 14А, с.Білокопитове, Глухівський р-н, Сумська обл., 41446","552","235","545","35","285","32","317","","0","285","32","317","8","309","193","4","6","8","3","46","2","45","2","29.10.12"
"590142","159","Сумська область","Сварківська школа, спортивний зал
вул.Леніна, 7, с.Сваркове, Глухівський р-н, Сумська обл., 41445","636","227","631","34","375","34","409","","0","375","34","409","20","389","326","6","9","3","0","21","2","20","2","29.10.12"
"590143","159","Сумська область","Черневська школа, фойє
вул.Пивоварова, 1А, с.Черневе, Глухівський р-н, Сумська обл., 41461","264","93","254","19","153","18","171","","0","153","18","171","4","167","147","2","0","5","0","6","0","7","0","29.10.12"
"590144","159","Сумська область","сільська рада, зал засідань
вул.Радянська, 100А, с.Перемога, Глухівський р-н, Сумська обл., 41460","876","342","857","55","479","55","534","","0","479","55","534","26","508","370","7","10","9","1","52","3","49","7","29.10.12"
"590145","159","Сумська область","Баницька школа, їдальня
вул.Мурашка, 171Б, с.Баничі, Глухівський р-н, Сумська обл., 41462","1122","408","1117","102","619","95","714","","0","619","95","714","23","691","477","9","15","15","0","62","6","104","3","29.10.12"
"590146","159","Сумська область","Уздицька школа, спортивний зал
вул.Шкільна, 1, с.Уздиця, Глухівський р-н, Сумська обл., 41463","498","211","485","55","237","50","287","","0","237","50","287","7","280","186","9","5","3","1","45","4","23","4","29.10.12"
"590147","159","Сумська область","будинок культури, танцювальний зал
вул.Сутиська, 14, с.Дунаєць, Глухівський р-н, Сумська обл., 41456","972","314","958","172","491","167","658","","0","491","167","658","29","629","448","12","14","4","1","29","7","101","13","29.10.12"
"590148","159","Сумська область","сільський клуб, глядацький зал
вул.Леніна, 8, с.Семенівка, Глухівський р-н, Сумська обл., 41454","432","136","420","68","229","67","296","","0","229","67","296","8","288","244","1","2","3","1","6","6","20","5","29.10.12"
"590149","159","Сумська область","будинок культури, глядацький зал
вул.Пушкіна, 32, с.Некрасове, Глухівський р-н, Сумська обл., 41454","666","198","650","65","404","64","468","","0","404","64","468","10","458","356","5","4","4","2","37","4","43","3","29.10.12"
"590150","159","Сумська область","будинок культури, фойє
вул.Леніна, 4, с.Полошки, Глухівський р-н, Сумська обл., 41452","972","397","960","54","530","45","575","","0","530","45","575","22","553","321","16","12","5","4","133","5","52","5","29.10.12"
"590151","159","Сумська область","будинок культури, фойє
вул.Коцеби, 51А, с.Обложки, Глухівський р-н, Сумська обл., 41453","576","189","572","53","337","50","387","","0","337","50","387","12","375","205","4","4","2","4","99","2","54","1","29.10.12"
"590152","159","Сумська область","Шевченківська школа, фойє
вул.Туманського, 103, с.Шевченкове, Глухівський р-н, Сумська обл., 41451","816","242","801","80","496","78","574","","0","496","78","574","13","561","343","3","3","4","1","143","2","59","3","29.10.12"
"590153","159","Сумська область","будинок культури, актовий зал
вул.Воронізький шлях, 36А, с.Землянка, Глухівський р-н, Сумська обл., 41450","342","121","333","50","174","47","221","","0","174","47","221","8","213","161","3","2","0","1","32","2","11","1","29.10.12"
"590154","159","Сумська область","будинок культури, танцювальний зал
вул.Леніна, 17, с.Слоут, Глухівський р-н, Сумська обл., 41436","1212","484","1198","74","667","61","728","","0","667","61","728","25","703","473","13","14","10","5","54","5","124","5","29.10.12"
"590155","159","Сумська область","будинок культури, фойє
вул.Дзержинського, 2А, с.Береза, Глухівський р-н, Сумська обл., 41437","1164","448","1154","84","640","76","716","","0","640","76","716","33","683","447","7","9","14","1","116","10","72","7","29.10.12"
"590156","159","Сумська область","сільський клуб, актовий зал
вул.Нова, 8, с.Іващенкове, Глухівський р-н, Сумська обл., 41437","198","60","196","16","122","16","138","","0","122","16","138","4","134","103","2","2","0","1","9","2","12","3","28.10.12"
"590157","159","Сумська область","сільський клуб, танцювальний зал
вул.40 років Перемоги, 6, с.Горіле, Глухівський р-н, Сумська обл., 41435","270","77","267","37","158","35","193","","0","158","35","193","3","190","159","5","2","0","2","12","4","6","0","28.10.12"
"590158","159","Сумська область","Первомайська школа, актовий зал
вул.Слави, 3, с.Первомайське, Глухівський р-н, Сумьска обл., 41430","474","143","474","35","298","33","331","","0","298","33","331","19","312","235","7","13","4","0","34","2","16","1","28.10.12"
"590159","159","Сумська область","Червонянська школа, актовий зал
вул.Радянська, 49, смт Червоне, Глухівський р-н, Сумська обл., 41432","1260","563","1228","85","623","74","697","","0","623","74","697","18","679","489","9","8","6","5","106","3","49","4","29.10.12"
"590160","159","Сумська область","будинок культури, фойє
вул.Гагаріна, 2, с.Пустогород, Глухівський р-н, Сумська обл., 41414","288","90","284","29","171","27","198","","0","171","27","198","6","192","149","3","1","4","1","24","0","8","2","28.10.12"
"590161","159","Сумська область","сільський клуб, фойє
вул.Миру, 9, с.Фотовиж, Глухівський р-н, Сумська обл., 41410","222","81","217","19","123","18","141","","0","123","18","141","2","139","115","4","3","2","0","11","0","4","0","28.10.12"
"590162","159","Сумська область","Сопицька школа, фойє
вул.Чкалова, 13, с.Сопич, Глухівський р-н, Сумська обл., 41412","534","207","531","40","288","39","327","","0","288","39","327","17","310","256","4","3","6","3","30","1","5","2","28.10.12"
"590163","159","Сумська область","Бачівська школа, фойє
вул.Трибунського, 1, с.Бачівськ, Глухівський р-н, Сумська обл., 41411","342","92","337","45","206","44","250","","0","206","44","250","7","243","226","5","0","1","1","7","0","2","1","29.10.12"
"590164","159","Сумська область","будинок культури, актова зала
вул.Леніна, 8, с.Вільна Слобода, Глухівський р-н, Сумська обл., 41415","252","79","242","23","151","22","173","","0","151","22","173","10","163","121","2","3","3","0","14","3","13","4","28.10.12"
"590165","159","Сумська область","Суходільська школа, фойє
вул.Нова, 27, с.Суходіл, Глухівський р-н, Сумсьска обл., 41420","336","84","328","36","222","30","252","","0","222","30","252","3","249","205","1","3","1","0","17","0","20","2","29.10.12"
"590166","159","Сумська область","Коренський фельдшерський пункт, каб.1
вул.Коренська, 48, с.Кореньок, Глухівський р-н, Сумська обл., 41420","180","62","178","25","94","24","118","","0","94","24","118","1","117","86","1","0","0","0","29","0","1","0","29.10.12"
"590167","159","Сумська область","будинок культури, глядацький зал
вул.Леніна, 42Б, с.Уланове, Глухівський р-н, Сумська обл., 41422","564","183","555","48","337","44","381","","0","337","44","381","10","371","285","3","4","3","0","69","2","3","2","29.10.12"
"590168","159","Сумська область","сільський клуб, танцювальний зал
вул.Леніна, 67, с.Яструбщина, Глухівський р-н, Сумська обл., 41421","240","61","227","21","160","19","179","","0","160","19","179","7","172","153","1","1","0","0","10","0","7","0","28.10.12"
"590169","159","Сумська область","будинок культури, танцювальний зал
вул.Радянська, 2, с.Кучерівка, Глухівський р-н, Сумська обл., 41426","498","147","491","43","308","43","351","","0","308","43","351","15","336","259","5","3","5","1","38","2","21","2","29.10.12"
"590170","159","Сумська область","Студеноцька школа, фойє
вул.Леніна, 17, с.Студенок, Глухівський р-н, Сумська обл., 41441","546","181","533","48","321","44","365","","0","321","44","365","12","353","260","11","6","4","1","52","4","11","4","29.10.12"
"590171","159","Сумська область","сільський клуб, глядацький зал
вул.Нова, 18, с.Привілля, Глухівський р-н, Сумська обл., 41440","414","186","412","71","168","60","228","","0","168","60","228","6","222","183","3","5","3","0","15","0","13","0","29.10.12"
"590176","159","Сумська область","сільський будинок культури, хол
вул.Соборна, 8, с.Бочечки, Конотопський р-н, Сумська обл., 41635","498","183","482","32","288","27","315","","0","288","27","315","11","304","167","7","6","7","1","9","4","96","7","29.10.12"
"590177","159","Сумська область","контора ТОВ""Бочечківське"", зал засідань
вул.Садова, 13, с.Бочечки, Конотопський р-н, Сумська обл., 41635","600","221","593","51","332","47","379","","0","332","47","379","22","357","209","11","13","20","4","24","3","63","10","29.10.12"
"590181","159","Сумська область","сільський будинок культури, актова зала
вул.Комсомольська, 10б, с.В’язове, Конотопський р-н, Сумська обл., 41650","774","305","764","120","355","114","469","","0","355","114","469","16","453","298","7","5","6","4","24","2","102","5","29.10.12"
"590182","159","Сумська область","навчально-виховний комплекс, фойє
вул.Перемоги, 21, с.Грузьке, Конотопський р-н, Сумська обл., 41651","888","426","877","32","435","27","462","","0","435","27","462","19","443","203","18","21","1","5","26","10","134","25","29.10.12"
"590183","159","Сумська область","фельдшерський пункт, к.2
вул.Колгоспна, 1, с.Дубинка, Конотопський р-н, Сумська обл., 41652","264","108","260","29","132","24","156","","0","132","24","156","14","142","72","5","7","3","2","5","2","38","8","29.10.12"
"590185","159","Сумська область","сільський будинок культури, к.1
вул.Чапаєва, 8, с.Духанівка, Конотопський р-н, Сумська обл., 41646","522","146","509","106","278","98","376","","0","278","98","376","8","368","296","5","6","7","4","20","2","25","3","29.10.12"
"590186","159","Сумська область","фельдшерський пункт, к.2
вул.Ватутіна, 112, с.Бережне, Конотопський р-н, Сумська обл., 41647","174","67","169","45","62","45","107","","0","62","45","107","3","104","49","4","4","1","3","6","3","26","8","28.10.12"
"590188","159","Сумська область","навчально-виховний комплекс, фойє
вул.Леніна, 16, с.Землянка, Конотопський р-н, Сумська обл., 41653","408","144","403","55","211","53","264","","0","211","53","264","10","254","188","11","7","1","2","13","2","18","12","29.10.12"
"590190","159","Сумська область","будинок культури, к.2
вул.40-років Перемоги, 20, с.Козацьке, Конотопський р-н, Сумська обл., 41644","966","475","953","22","474","17","491","","0","474","17","491","19","472","231","8","7","9","5","25","1","173","13","29.10.12"
"590191","159","Сумська область","агрофірма ""Козацька"", к.1
вул.Дзержинського, 4, с.Козацьке, Конотопський р-н, Сумська обл., 41644","366","192","366","14","162","12","174","","0","162","12","174","15","159","115","1","5","0","0","9","1","20","8","29.10.12"
"590192","159","Сумська область","сільський клуб, к.2
вул.Шкільна, 15, с.Новомутин, Конотопський р-н, Сумська обл., 41645","168","58","164","29","81","29","110","","0","81","29","110","5","105","55","4","1","1","0","4","2","37","1","29.10.12"
"590196","159","Сумська область","сільський будинок культури, хол
вул.Шевченка, 1, с.Кузьки, Конотопський р-н, Сумська обл., 41632","684","370","675","30","290","24","314","","0","290","24","314","28","286","140","13","10","11","4","15","1","79","13","29.10.12"
"590197","159","Сумська область","ТОВ ""Агробудмат"", к.2
вул.Заводська, 40, с.Раки, Конотопський р-н, Сумська обл., 41632","204","88","212","15","105","11","116","","0","105","11","116","12","104","40","5","3","7","1","2","6","39","1","29.10.12"
"590198","159","Сумська область","навчально-виховний комплекс, кабінет фізики
вул.Володимира Кичі, 1, с.Гути, Конотопський р-н, Сумська обл., 41634","264","106","260","40","123","35","158","","0","123","35","158","9","149","70","12","6","2","4","9","3","38","5","29.10.12"
"590210","159","Сумська область","сільський клуб, кінозала
вул.Чапаєва, 80, с.Сахни, Конотопський р-н, Сумська обл., 41636","690","297","677","42","351","42","393","","0","351","42","393","37","356","210","13","9","4","7","11","3","83","16","28.10.12"
"590213","159","Сумська область","сільський клуб, актова зала
вул.Центральна, 74, с.Хижки, Конотопський р-н, Сумська обл., 41643","288","91","290","43","156","41","197","","0","156","41","197","9","188","129","8","4","2","4","12","1","22","6","28.10.12"
"590260","159","Сумська область","школа №6, фойє
вул.Андріївська, 73, м.Кролевець, Кролевецький р-н, Сумська обл., 41300","1506","701","1492","32","777","28","805","","0","777","28","805","65","740","301","17","8","10","103","27","8","249","17","29.10.12"
"590261","159","Сумська область","школа №3, фойє
вул.Чкалова, 40, м.Кролевець, Кролевецький р-н, Сумська обл., 41300","1410","693","1371","11","707","10","717","","0","707","10","717","25","692","218","7","17","6","127","41","6","258","12","29.10.12"
"590262","159","Сумська область","спеціалізована школа №1, фойє
просп.Миру, 2, м.Кролевець, Кролевецький р-н, Сумська обл., 41300","1488","628","1466","17","848","12","860","","0","848","12","860","35","825","336","7","12","4","114","39","1","298","14","29.10.12"
"590263","159","Сумська область","будинок дітей та юнацтва, актова зала
вул.Комсомольська, 16, м.Кролевець, Кролевецький р-н, Сумська обл., 41300","1128","516","1103","19","597","15","612","","0","597","15","612","29","583","189","9","4","19","66","29","5","241","21","29.10.12"
"590264","159","Сумська область","районний центр зайнятості, фойє
просп.Миру, 7, м.Кролевець, Кролевецький р-н, Сумська обл., 41300","762","337","760","27","404","21","425","","0","404","21","425","15","410","168","10","7","4","53","36","2","120","10","29.10.12"
"590265","159","Сумська область","ВПУ-23, фойє
вул.8 Березня, 36, м.Кролевець, Кролевецький р-н, Сумська обл., 41300","1794","763","1768","97","940","91","1031","","0","940","91","1031","43","988","441","12","13","9","132","43","4","313","21","29.10.12"
"590266","159","Сумська область","школа мистецтв, фойє
вул.Радянська, 23, м.Кролевець, Кролевецький р-н, Сумська обл., 41300","768","361","763","24","386","21","407","","0","386","21","407","17","390","139","3","8","7","60","14","5","144","10","29.10.12"
"590267","159","Сумська область","школа №2, фойє
вул.Леніна, 39, м.Кролевець, Кролевецький р-н, Сумська обл., 41300","1536","738","1517","34","767","31","798","","0","767","31","798","36","762","266","28","19","7","107","39","8","265","23","29.10.12"
"590268","159","Сумська область","держлісгосп, актова зала
вул.Червоноранківська, 21, м.Кролевець, Кролевецький р-н, Сумська обл., 41300","1578","767","1549","14","797","14","811","","0","797","14","811","44","767","281","22","12","15","101","42","9","266","19","29.10.12"
"590269","159","Сумська область","школа №5, фойє
пл.Свободи, 5, м.Кролевець, Кролевецький р-н, Сумська обл., 41300","1350","613","1324","33","706","31","737","","0","706","31","737","28","709","240","15","13","7","94","42","12","268","18","29.10.12"
"590270","159","Сумська область","школа №4, спортивна зала
вул.Жовтнева, 19, м.Кролевець, Кролевецький р-н, Сумська обл., 41300","708","306","701","12","394","8","402","","0","394","8","402","11","391","137","6","16","7","33","16","1","166","9","29.10.12"
"590271","159","Сумська область","навчально-виховний комплекс №4, актова зала
вул.Кошового, 18, м.Кролевець, Кролевецький р-н, Сумська обл., 41300","1668","793","1643","22","857","18","875","","0","857","18","875","47","828","323","23","23","11","83","42","6","294","23","29.10.12"
"590272","159","Сумська область","ЗАТ ""Ксанта"", актова зала
вул.Шевченка, 86, м.Кролевець, Кролевецький р-н, Сумська обл., 41300","1320","661","1299","17","644","15","659","","0","644","15","659","23","636","205","13","11","9","85","34","8","256","15","29.10.12"
"590273","159","Сумська область","підлітковий клуб, актова зала
вул.Франка, 90, м.Кролевець, Кролевецький р-н, Сумська обл., 41300","1524","661","1504","11","856","7","863","","0","856","7","863","35","828","334","7","31","5","89","50","11","275","26","29.10.12"
"590274","159","Сумська область","подолівський клуб, актова зала
вул.Подолівська, 21, м.Кролевець, Кролевецький р-н, Сумська обл., 41300","582","289","582","10","286","7","293","","0","286","7","293","14","279","107","12","10","4","28","14","2","89","13","29.10.12"
"590276","159","Сумська область","будинок культури, актова зала
вул.Центральна, 80Ж, с.Бистрик, Кролевецький р-н, Сумська обл., 41330","774","358","761","39","380","36","416","","0","380","36","416","16","400","225","3","9","8","8","30","2","110","5","29.10.12"
"590277","159","Сумська область","будинок культури, актова зала
вул.Шкільна, 32, с.Білогриве, Кролевецький р-н, Сумська обл., 41323","378","137","371","59","186","55","241","","0","186","55","241","7","234","150","7","4","5","15","19","3","29","2","29.10.12"
"590278","159","Сумська область","сільська рада, бухгалтерія
вул.Центральна, 9, с.Буйвалове, Кролевецький р-н, Сумська обл., 41353","402","60","391","31","311","31","342","","0","311","31","342","18","324","225","8","7","6","8","13","5","52","0","29.10.12"
"590280","159","Сумська область","школа, фойє
вул.Шкільна, 33, с.Грузьке, Кролевецький р-н, Сумська обл., 41324","618","255","604","45","322","41","363","","0","322","41","363","10","353","157","12","14","9","25","43","5","77","11","29.10.12"
"590282","159","Сумська область","сільська рада, актова зала
вул.Жовтнева, 11, с.Дубовичі, Кролевецький р-н, Сумська обл., 41321","816","307","799","97","423","86","509","","0","423","86","509","13","496","239","13","16","9","12","33","8","161","5","29.10.12"
"590283","159","Сумська область","навчально-виховний комплекс, спортивна зала
вул.Заозерна, 60, с.Зазірки, Кролевецький р-н, Сумська обл., 41332","396","199","384","30","174","23","197","","0","174","23","197","15","182","104","3","5","5","3","18","1","38","5","29.10.12"
"590284","159","Сумська область","будинок культури, мала зала
вул.Шевченка, 7, с.Камінь, Кролевецький р-н, Сумська обл., 41350","582","259","568","50","281","42","323","","0","281","42","323","16","307","165","10","8","2","14","19","4","73","12","29.10.12"
"590287","159","Сумська область","сільська рада, фойє
вул.Центральна, 59А, с.Литвиновичи, Кролевецький р-н, Сумська обл., 41334","522","203","508","59","267","52","319","","0","267","52","319","11","308","163","8","12","6","10","47","6","44","12","29.10.12"
"590288","159","Сумська область","сільська рада, актова зала
вул.Центральна, 9, с.Локня, Кролевецький р-н, Сумська обл., 41336","366","137","359","18","215","14","229","","0","215","14","229","11","218","147","5","6","7","7","18","2","20","6","29.10.12"
"590291","159","Сумська область","сільська рада, актова зала
вул.Центральна, 41, с.Мутин, Кролевецький р-н, Сумська обл., 41351","960","402","949","58","507","51","558","","0","507","51","558","30","528","320","4","6","17","11","35","5","125","5","29.10.12"
"590295","159","Сумська область","будинок культури, фойє
вул.Леніна, 55, с.Тулиголове, Кролевецький р-н, Сумська обл., 41320","966","427","952","57","482","57","539","","0","482","57","539","15","524","339","7","14","10","12","40","6","89","7","29.10.12"
"590296","159","Сумська область","навчально виховний комплекс, фойє
вул.Кооперативна, 13, с.Червоний Ранок, Кролевецький р-н, Сумська обл., 41352","558","223","544","83","259","76","335","","0","259","76","335","7","328","162","5","8","9","27","46","4","62","5","29.10.12"
"590297","159","Сумська область","сільська рада, бухгалтерія
вул.Селянівка, 14, с.Ярове, Кролевецький р-н, Сумська обл., 41337","276","85","268","32","160","31","191","","0","160","31","191","4","187","96","0","7","5","1","10","0","66","2","29.10.12"
"590298","159","Сумська область","школа, фойє
вул.Перемоги, 16, с.Ярославець, Кролевецький р-н, Сумська обл., 41331","684","295","670","54","342","47","389","","0","342","47","389","25","364","213","10","11","8","13","39","8","51","11","29.10.12"
"590299","159","Сумська область","ЦРЛ, актова зала
бульв.Шевченка, 57, м.Кролевець, Кролевецький р-н, Сумська обл., 41300","252","162","132","23","67","23","90","","0","67","23","90","2","88","61","2","1","2","3","3","1","13","2","29.10.12"
"590432","159","Сумська область","спортивний комплекс, фойє, 1-й поверх
вул.Кірова, 2, м.Путивль, Путивльський р-н, Сумська обл., 41500","1926","976","1871","12","938","12","950","","0","938","12","950","36","914","536","11","14","9","0","107","6","100","131","29.10.12"
"590433","159","Сумська область","коледж СНАУ, їдальня, 1-й поверх
вул.Луначарського, 80, м.Путивль, Путивльський р-н, Сумська обл., 41500","2106","1046","2098","41","1024","36","1060","","0","1024","36","1060","27","1033","668","7","22","17","4","98","5","105","107","29.10.12"
"590434","159","Сумська область","педагогічний коледж, фойє, 1-й поверх
вул.Луначарського, 79, м.Путивль, Путивльський р-н, Сумська обл., 41500","2028","1032","1991","6","993","3","996","","0","993","3","996","38","958","640","6","14","15","6","88","4","87","98","29.10.12"
"590435","159","Сумська область","школа №1, фойє, 1-й поверх
вул.Першотравнева, 76, м.Путивль, Путивльський р-н, Сумська обл., 41500","2214","1138","2160","38","1041","35","1076","","0","1041","35","1076","11","1065","696","8","21","14","1","110","3","111","101","29.10.12"
"590436","159","Сумська область","центр позашкільної роботи, фойє, 1-й поверх
вул.Кірова, 77, м.Путивль, Путивльський р-н, Сумська обл., 41500","2160","1143","2117","53","968","49","1017","","0","968","49","1017","31","986","617","10","13","19","9","90","6","108","114","29.10.12"
"590437","159","Сумська область","школа №2, фойє, 1-й поверх
вул.Кірова, 79, м.Путивль, Путивльський р-н, Сумська обл., 41500","2148","1246","2119","22","882","20","902","","0","882","20","902","43","859","568","11","3","17","2","88","8","80","82","29.10.12"
"590438","159","Сумська область","сільський будинок культури, хол
вул.Сумська, 7А, с.Бобине, Путивльський р-н, Сумська обл., 41506","414","170","405","30","224","20","244","","0","224","20","244","5","239","169","1","4","6","3","12","1","19","24","29.10.12"
"590439","159","Сумська область","школа, актова зала
вул.Колгоспна, 18, с.Бояро-Лежачі, Путивльський р-н, Сумська обл., 41552","372","135","368","36","204","33","237","","0","204","33","237","4","233","167","2","7","4","3","26","0","2","22","29.10.12"
"590440","159","Сумська область","сільська рада, фойє
вул.Мірошнікова, 1, с.Бунякине, Путивльський р-н, Сумська обл., 41533","474","205","466","41","230","39","269","","0","230","39","269","8","261","172","5","13","3","1","16","3","18","30","29.10.12"
"590441","159","Сумська область","школа, фойє
вул.Шкільна, 1, с.Веселе, Путивльський р-н, Сумська обл., 41520","384","111","375","47","229","44","273","","0","229","44","273","2","271","218","9","7","0","3","22","2","1","9","29.10.12"
"590442","159","Сумська область","навчально-виховний комплекс, к.1
вул.Молодіжна, 20, с.Волокитине, Путивльський р-н, Сумська обл., 41510","396","187","393","36","176","33","209","","0","176","33","209","4","205","124","6","8","1","1","19","3","33","10","29.10.12"
"590443","159","Сумська область","школа, спортивна зала
вул.Леніна, 1, с.Кочерги, Путивльський р-н, Сумська обл., 41511","222","68","215","40","117","37","154","","0","117","37","154","6","148","114","1","3","0","1","2","1","18","8","29.10.12"
"590444","159","Сумська область","навчально-виховний комплекс, класна кімната
вул.Радянська, 3, с.В’язенка, Путивльський р-н, Сумська обл., 41512","324","133","312","23","172","19","191","","0","172","19","191","2","189","132","0","2","8","1","24","0","15","7","28.10.12"
"590445","159","Сумська область","фельдшерський пункт, кабінет прийому громадян
вул.Загородня, 6, с.Ховзівка, Путивльський р-н, Сумська обл., 41512","120","43","117","22","58","19","77","","0","58","19","77","1","76","64","0","2","0","0","3","0","4","3","28.10.12"
"590446","159","Сумська область","навчально-виховний комплекс, кабінет літератури
вул.Радянська, 12, с.Зінове, Путивльський р-н, Сумська обл., 41545","510","230","506","32","256","24","280","","0","256","24","280","6","274","182","2","7","4","3","18","4","16","38","29.10.12"
"590447","159","Сумська область","навчально-виховний комплекс, фойє, 1-й поверх
вул.Жовтнева, 25, с.Князівка, Путивльський р-н, Сумська обл., 41543","390","148","387","31","212","30","242","","0","212","30","242","11","231","162","2","4","3","1","9","3","16","31","29.10.12"
"590448","159","Сумська область","сільський клуб, актова зала
вул.Висоцького, 17, с.Ширяєве, Путивльський р-н, Сумська обл., 41544","156","47","157","32","81","28","109","","0","81","28","109","3","106","73","1","2","1","2","19","0","1","7","29.10.12"
"590449","159","Сумська область","школа, фойє
вул.Шкільна, 3, с.Козаче, Путивльський р-н, Сумська обл., 41522","192","73","186","14","107","12","119","","0","107","12","119","2","117","96","0","3","1","0","10","0","2","5","29.10.12"
"590450","159","Сумська область","школа, фойє
вул.Гусєва, 3, с.Линове, Путивльський р-н, Сумська обл., 41531","432","148","421","42","247","37","284","","0","247","37","284","8","276","243","2","2","3","0","13","1","6","6","29.10.12"
"590451","159","Сумська область","навчально-виховний комплекс, фойє
вул.Леніна, 15, с.Мазівка, Путивльський р-н, Сумська обл., 41532","618","260","610","39","321","37","358","","0","321","37","358","15","343","257","3","8","6","1","13","2","29","24","28.10.12"
"590452","159","Сумська область","навчально-виховний комплекс, коридор
вул.Радянська, 10, с.Манухівка, Путивльський р-н, Сумська обл., 41553","300","110","291","25","166","24","190","","0","166","24","190","13","177","130","6","2","0","1","17","2","5","14","29.10.12"
"590453","159","Сумська область","сільська рада, загальна кімната
вул.Леніна, 30, с.Мачулища, Путивльський р-н, Сумська обл., 41525","192","60","192","8","125","7","132","","0","125","7","132","3","129","97","1","1","1","0","7","0","11","11","29.10.12"
"590454","159","Сумська область","сільський будинок культури, актова зала
вул.Леніна, 74, с.Нова Слобода, Путивльський р-н, Сумська обл., 41530","1020","427","1004","23","570","23","593","","0","570","23","593","27","566","445","2","8","2","0","63","2","17","27","29.10.12"
"590455","159","Сумська область","навчально-виховний комплекс, спортивна зала
вул.Пролетарська, 108, с.Октябрське, Путивльський р-н, Сумська обл., 41540","372","109","368","26","238","25","263","","0","238","25","263","1","262","220","6","5","1","1","17","0","7","5","29.10.12"
"590456","159","Сумська область","навчально-виховний комплекс, кабінет початкових класів
вул.Леніна, 66, с.Скуносове, Путивльський р-н, Сумська обл., 41541","252","96","252","14","142","14","156","","0","142","14","156","5","151","109","4","5","2","2","8","1","15","5","29.10.12"
"590457","159","Сумська область","сільський клуб, фойє
вул.Молодіжна, 2, с.Рев’якине, Путивльський р-н, Сумська обл., 41521","282","83","276","32","170","29","199","","0","170","29","199","8","191","154","3","3","6","1","10","0","0","14","29.10.12"
"590458","159","Сумська область","сільський будинок культури, глядацька зала
вул.ком.Руднєва, 37, с.Руднєве, Путивльський р-н, Сумська обл., 41526","558","179","550","35","344","35","379","","0","344","35","379","11","368","268","3","5","3","3","43","3","11","29","28.10.12"
"590459","159","Сумська область","центр дозвілля, актова зала
вул.Центральна, 20, с.Сафонівка, Путивльський р-н, Сумська обл., 41507","312","122","307","34","161","29","190","","0","161","29","190","8","182","119","3","1","2","0","15","0","24","18","28.10.12"
"590460","159","Сумська область","центр дозвілля, актова зала
вул.Зелена, 3, с.Пруди, Путивльський р-н, Сумська обл., 41501","264","92","258","22","151","21","172","","0","151","21","172","10","162","112","4","3","7","0","16","0","18","2","28.10.12"
"590461","159","Сумська область","навчально-виховний комплекс, фойє
вул.Радянська, 50, с.Стрільники, Путивльський р-н, Сумська обл., 41513","240","93","230","29","123","24","147","","0","123","24","147","1","146","102","3","0","0","1","26","0","5","9","29.10.12"
"590462","159","Сумська область","фельдшерський пункт, кабінет фельдшера
вул.Пролетарська, 31, с.Ротівка, Путивльський р-н, Сумська обл., 41513","126","55","123","10","63","8","71","","0","63","8","71","2","69","42","1","2","1","1","16","0","3","3","29.10.12"
"590463","159","Сумська область","фельдшерський пункт, кабінет фельдшера
вул.Присеймівська, 29А, с.Чаплищі, Путивльський р-н, Сумська обл., 41546","144","51","142","13","81","12","93","","0","81","12","93","0","93","52","3","4","2","2","7","0","6","17","29.10.12"
"590464","159","Сумська область","центр дозвілля, актова зала
вул.Молодіжна, 1, с.Червоне Озеро, Путивльський р-н, Сумська обл., 41546","168","66","158","11","91","11","102","","0","91","11","102","10","92","67","1","4","1","2","6","1","0","10","29.10.12"
"590465","159","Сумська область","сільська рада, зала засідань
вул.Миру, 18А, с.Чорнобривкине, Путивльський р-н, Сумська обл., 41508","264","118","261","15","134","12","146","","0","134","12","146","7","139","115","1","3","1","2","4","0","6","7","29.10.12"
"590466","159","Сумська область","фельдшерський пункт, кабінет фельдшера
вул.Партизанська, 29, с.Суворове, Путивльський р-н, Сумська обл., 41508","156","82","148","14","62","12","74","","0","62","12","74","3","71","53","3","1","1","1","4","0","7","1","29.10.12"
"590467","159","Сумська область","навчально-виховний комплекс, навчальний клас
вул.Колгоспна, 1А, с.Юр’єве, Путивльський р-н, Сумська обл., 41502","348","108","343","26","216","24","240","","0","216","24","240","13","227","170","2","4","4","0","36","0","3","8","29.10.12"
"590468","159","Сумська область","навчально-виховний комплекс, актова зала
вул.Першотравнева, 8, с.Волинцеве, Путивльський р-н, Сумська обл., 41502","162","55","159","11","98","9","107","","0","98","9","107","1","106","63","0","4","1","1","31","0","2","4","29.10.12"
"590469","159","Сумська область","сільська рада, фойє
вул.Радянська, 26, с.Яцине, Путивльський р-н, Сумська обл., 41514","348","150","333","41","159","39","198","","0","159","39","198","2","196","154","2","7","0","1","12","2","12","6","29.10.12"
"590470","159","Сумська область","Центральна районна лікарня, актова зала, 1-й поверх
вул.Куйбишева, 1, м.Путивль, Путивльський р-н, Сумська обл., 41500","156","91","70","29","38","27","65","","0","38","27","65","0","65","49","1","1","0","0","4","0","6","4","29.10.12"
"590544","159","Сумська область","районний будинок культури, фойє
вул.Вокзальна, 4, м.Середина-Буда, Середино-Будський р-н, Сумська обл., 41000","1470","794","1439","42","642","34","676","","0","642","34","676","19","657","473","5","54","10","3","70","3","34","5","29.10.12"
"590545","159","Сумська область","школа №1, актова зала, 2-й поверх
вул.Комуністична, 1, м.Середина-Буда, Середино-Будський р-н, Сумська обл., 41000","1230","605","1201","33","592","33","625","","0","592","33","625","22","603","415","8","14","62","3","68","4","25","4","29.10.12"
"590546","159","Сумська область","будинок дітей та юнацтва, актова зала
вул.Север’янівська, 5, м.Середина-Буда, Середино-Будський р-н, Сумська обл., 41000","828","445","814","20","363","20","383","","0","363","20","383","12","371","235","2","10","39","2","56","2","24","1","29.10.12"
"590547","159","Сумська область","школа №2, актова зала, 2-й поверх
вул.Ярмаркова, 22, м.Середина-Буда, Середино-Будський р-н, Сумська обл., 41000","858","436","828","19","403","19","422","","0","403","19","422","14","408","267","8","11","70","2","22","2","25","1","29.10.12"
"590548","159","Сумська область","дитяча юнацька спортивна школа, спортивна зала
вул.Дачна, 38, м.Середина-Буда, Середино-Будський р-н, Сумська обл., 41000","732","343","709","13","378","11","389","","0","378","11","389","13","376","259","4","41","9","2","43","1","16","1","28.10.12"
"590549","159","Сумська область","ВАТ ""СЗМО"", адмінбудівля, мала зала для засідань, 1-й поверх
вул.Індустріальна, 4, м.Середина-Буда, Середино-Будський р-н, Сумська обл., 41000","852","424","848","19","409","19","428","","0","409","19","428","17","411","283","4","8","50","0","42","4","16","4","29.10.12"
"590550","159","Сумська область","магазин ПП ""В.В.Агафонкін"", торгівельна зала
магазин ПП ""В.В.Агафонкін"", с-ще Красний Прогрес, Середино-Будський р-н, Сумська обл., 41000","210","77","205","30","104","29","133","","0","104","29","133","6","127","86","0","3","3","1","17","1","15","1","28.10.12"
"590551","159","Сумська область","фельдшерський пункт, каб.1
фельдшерський пункт, с.Ситне, Середино-Будський р-н, Сумська обл., 41000","132","53","125","12","71","8","79","","0","71","8","79","1","78","58","0","2","4","0","5","0","9","0","29.10.12"
"590552","159","Сумська область","навчально-виховний комплекс, коридор
навчально-виховний комплекс, с.Рожковичі, Середино-Будський р-н, Сумська обл., 41054","234","95","230","21","122","17","139","","0","122","17","139","2","137","116","4","2","5","2","5","2","0","1","29.10.12"
"590553","159","Сумська область","контора колишнього СТОВ ім.Калініна, каб.1
контора колишнього СТОВ ім.Калініна, с.Порохонь, Середино-Будський р-н, Сумська обл., 41054","180","49","171","16","116","15","131","","0","116","15","131","2","129","111","2","0","6","1","6","0","2","1","29.10.12"
"590554","159","Сумська область","навчально-виховний комплекс, вестибюль
вул.Чапаєва, 1, с.Кам’янка, Середино-Будський р-н, Сумська обл., 41053","258","76","251","29","157","25","182","","0","157","25","182","5","177","141","3","3","8","0","8","0","13","1","28.10.12"
"590555","159","Сумська область","сільська рада, кабінет бухгалтера
вул.Радянська, 14, с.Ромашкове, Середино-Будський р-н, Сумська обл., 41051","216","60","216","41","115","41","156","","0","115","41","156","6","150","129","2","2","2","0","6","2","7","0","29.10.12"
"590556","159","Сумська область","навчально-виховний комплекс, коридор
вул.Ленінська, 24, с.Чернацьке, Середино-Будський р-н, Сумська обл., 41050","492","174","481","36","282","36","318","","0","282","36","318","3","315","217","9","4","38","1","28","3","14","1","29.10.12"
"590557","159","Сумська область","сільський клуб, глядацька зала
вул.Пролетарська, 31, с.Пигарівка, Середино-Буський р-н, Сумська обл., 41052","336","107","324","31","198","31","229","","0","198","31","229","3","226","206","1","2","2","0","11","0","4","0","28.10.12"
"590558","159","Сумська область","сільська рада, зал засідань
вул.Миру, 58, с.Велика Берізка, Середино-Будський р-н, Сумська обл., 41032","144","50","133","17","80","14","94","","0","80","14","94","4","90","69","1","2","8","1","8","1","0","0","29.10.12"
"590559","159","Сумська область","об’єкт дозвілевої роботи, ігрова кімната
вул.Лугова, 2, с.Лукашенкове, Середино-Будський р-н, Сумська обл., 41052","72","17","69","11","44","11","55","","0","44","11","55","2","53","47","0","0","0","0","3","1","2","0","28.10.12"
"590560","159","Сумська область","об’єкт дозвілевої роботи, кімната фельдшерського пункту
об’єкт дозвілевої роботи, с.Красичка, Середино-Будський р-н, Сумська обл., 41034","108","41","103","16","54","13","67","","0","54","13","67","3","64","53","1","2","3","0","4","0","1","0","29.10.12"
"590561","159","Сумська область","сільська рада, зал засідань
сільська рада, с.Жихове, Середино-Будський р-н, Сумська обл., 41034","480","175","469","37","269","36","305","","0","269","36","305","9","296","238","9","8","18","0","10","4","8","1","28.10.12"
"590562","159","Сумська область","їдальня колишнього навчально-виховного комплексу, кімната для прийому їжі
їдальня колишнього навчально-виховного комплексу, с.Рудня, Середино-Будський р-н, Сумська обл., 41036","174","68","172","15","91","15","106","","0","91","15","106","4","102","68","0","3","8","1","5","3","11","3","28.10.12"
"590563","159","Сумська область","будинок культури, танцювальна зала
вул.Центральна, 15, с.Уралове, Середино-Будський р-н, Сумська обл., 41044","360","105","350","30","229","26","255","","0","229","26","255","12","243","192","4","6","10","6","3","19","2","1","28.10.12"
"590564","159","Сумська область","сільський клуб, глядацька зала
сільський клуб, с.Хильчичі, Середино-Будський р-н, Сумська обл., 41042","186","52","178","15","120","14","134","","0","120","14","134","9","125","89","3","1","8","4","6","1","10","3","28.10.12"
"590565","159","Сумська область","будинок культури, глядацька зала
будинок культури, с.Кривоносівка, Середино-Будський р-н, Сумська обл., 41042","234","72","228","38","125","37","162","","0","125","37","162","10","152","92","9","11","7","2","20","3","4","4","28.10.12"
"590566","159","Сумська область","об’єкт дозвілевої роботи, глядацька зала
об’єкт дозвілевої роботи, с.Боровичі, Середино-Будський р-н, Сумська обл., 41042","60","14","58","7","40","6","46","","0","40","6","46","3","43","33","1","1","1","0","6","1","0","0","29.10.12"
"590567","159","Сумська область","навчально-виховний комплекс, кабінет іноземної мови
вул.Шевченко, 1А, с.Журавка, Середино-Будський р-н, Сумська обл., 41041","210","56","202","20","134","20","154","","0","134","20","154","5","149","120","4","5","4","0","7","3","5","1","29.10.12"
"590568","159","Сумська область","навчально-виховний комплекс, кабінет математики
вул.Підгорна, 1А, с.Очкине, Середино-Будський р-н, Сумська обл., 41040","324","96","317","43","188","40","228","","0","188","40","228","9","219","167","6","5","13","1","18","0","8","1","28.10.12"
"590569","159","Сумська область","навчально-виховний комплекс, коридор
вул.Центральна, 45, с.Кренидівка, Середино-Будський р-н, Сумська обл., 41024","240","85","235","14","143","12","155","","0","143","12","155","5","150","123","4","2","5","1","5","1","9","0","29.10.12"
"590570","159","Сумська область","будинок культури, фойє
вул.Планова, 22, с.Мефедівка, Середино-Будський р-н, Сумська обл., 41025","270","94","263","18","161","15","176","","0","161","15","176","10","166","127","4","3","21","0","5","3","0","3","29.10.12"
"590571","159","Сумська область","сільська рада, зал засідань
сільська рада, с.Нововасилівка, Середино-Будський р-н, Сумська обл., 41020","216","81","212","10","126","9","135","","0","126","9","135","5","130","103","2","2","6","0","4","0","11","2","29.10.12"
"590572","159","Сумська область","навчально-виховний комплекс, кабінет зарубіжної літератури
навчально-виховний комплекс, вул.Шкільна, с.Зноб-Трубчевська, Середино-Будський р-н, Сумська обл., 41021","360","129","353","29","205","26","231","","0","205","26","231","2","229","185","3","2","17","0","17","2","3","0","28.10.12"
"590573","159","Сумська область","школа, спортивна зала
вул.Леніна, 15, смт Зноб-Новгородське, Середино-Будський р-н, Сумська обл., 41022","816","355","805","24","443","18","461","","0","443","18","461","15","446","308","7","8","62","1","42","5","10","3","29.10.12"
"590574","159","Сумська область","будинок культури, танцювальна зала, 1-й поверх
вул.Планова, 11, смт Зноб-Новгородське, Середино-Будський р-н, Сумська обл., 41022","744","318","727","29","400","26","426","","0","400","26","426","17","409","262","12","6","56","1","50","4","13","5","28.10.12"
"590575","159","Сумська область","сільська рада, приймальня голови
сільська рада, с.Стягайлівка, Середино-Будський р-н, Сумська обл., 41023","150","43","148","10","97","10","107","","0","97","10","107","1","106","88","1","1","7","0","8","0","0","1","29.10.12"
"590576","159","Сумська область","фельдшерський пункт, каб.1
вул.Комуністична, 51, с.Лісне, Середино-Будський р-н, Сумська обл., 41032","108","19","104","9","80","9","89","","0","80","9","89","0","89","76","1","4","1","0","3","0","3","1","28.10.12"
"590577","159","Сумська область","сільська рада, обрядова кімната
вул.Перемоги, 50, с.Голубівка, Середино-Будський р-н, Сумська обл., 41032","174","49","170","12","113","12","125","","0","113","12","125","0","125","95","1","5","13","0","7","0","4","0","28.10.12"
"590578","159","Сумська область","навчально-виховний комплекс, коридор
навчально-виховний комплекс, с.Стара Гута, Середино-Будський р-н, Сумська обл., 41030","258","79","245","26","156","23","179","","0","156","23","179","7","172","97","0","1","54","1","18","1","0","0","28.10.12"
"590579","159","Сумська область","об’єкт дозвілевої роботи, глядацька зала
об’єкт дозвілевої роботи, с.Нова Гута, Середино-Будський р-н, Сумська обл., 41030","48","10","47","7","31","7","38","","0","31","7","38","2","36","30","1","1","3","0","1","0","0","0","29.10.12"
"590580","159","Сумська область","фельдшерський пункт, приміщення колишньої початкової школи, класна кімната
фельдшерський пункт, с.Гаврилова Слобода, Середино-Будський р-н, Сумська обл., 41030","48","9","50","2","37","2","39","","0","37","2","39","2","37","24","0","0","3","0","10","0","0","0","29.10.12"
"590581","159","Сумська область","терапевтичне відділення, їдальня, 2-й поверх
вул.Вокзальна, 26, м.Середина-Буда, Середино-Будський р-н, Сумська обл., 41000","102","55","47","4","43","4","47","","0","43","4","47","0","47","33","1","1","3","0","6","0","3","0","28.10.12"
"590679","159","Сумська область","школа, к.1
вул.Леніна, 104, с.Богданівка, Шосткинський р-н, Сумська обл., 41121","708","339","704","66","307","62","369","","0","307","62","369","16","353","206","32","5","12","4","34","8","35","17","29.10.12"
"590680","159","Сумська область","клуб, к.1
вул.Перемоги, 17, с.Пирогівка, Шосткинський р-н, Сумська обл., 41123","390","167","384","26","203","20","223","","0","203","20","223","16","207","92","20","6","10","2","25","5","34","13","29.10.12"
"590681","159","Сумська область","школа, актова зала
вул.Жовтнева, 66, с.Вовна, Шосткинський р-н, Сумська обл., 41111","360","140","357","39","186","34","220","","0","186","34","220","8","212","86","20","6","2","3","52","4","32","7","29.10.12"
"590682","159","Сумська область","ТОВ ""АФ Мрія"", адмінбудинок, к.1
вул.Центральна, 20, с.Дібрівка, Шосткинський р-н, Сумська обл., 41111","174","58","169","26","90","26","116","","0","90","26","116","6","110","63","11","1","1","1","19","3","10","1","28.10.12"
"590683","159","Сумська область","клуб, вестибюль
вул.Радянська, 52В, с.Гамаліївка, Шосткинський р-н, Сумська обл., 41132","438","195","438","23","225","18","243","","0","225","18","243","19","224","138","17","9","2","6","25","5","18","4","29.10.12"
"590684","159","Сумська область","фельдшерський пункт, коридор
вул.Чапаєва, 2, с.Гукове, Шосткинський р-н, Сумська обл., 41131","96","47","91","6","44","5","49","","0","44","5","49","4","45","34","3","1","0","0","4","1","1","1","28.10.12"
"590685","159","Сумська область","сільська рада, актова зала
вул.Кірова, 1, с.Глазове, Шосткинський р-н, Сумська обл., 41110","306","105","296","42","166","35","201","","0","166","35","201","17","184","106","12","8","11","1","12","2","25","7","29.10.12"
"590686","159","Сумська область","школа, вестибюль
вул.Коротченка, 67, с.Івот, Шосткинський р-н, Сумська обл., 41113","672","299","654","45","335","38","373","","0","335","38","373","17","356","249","16","9","5","5","16","6","47","3","28.10.12"
"590687","159","Сумська область","сільська рада, к.1
вул.Першотравнева, 43, с.Каліївка, Шосткинський р-н, Сумська обл., 41112","192","89","184","19","88","15","103","","0","88","15","103","3","100","80","8","1","3","1","3","0","2","2","29.10.12"
"590688","159","Сумська область","школа, фойє
вул.Цибенка, 25А, с.Коротченкове, Шосткинський р-н, Сумська обл., 41114","636","332","627","55","255","49","304","","0","255","49","304","12","292","190","11","15","8","1","36","4","22","5","29.10.12"
"590694","159","Сумська область","адмінбудинок, актова зала
вул.Колгоспна, 4, с.Макове, Шосткинський р-н, Сумська обл., 41131","342","115","347","18","210","17","227","","0","210","17","227","12","215","139","13","4","1","4","30","1","13","10","28.10.12"
"590695","159","Сумська область","будинок культури, глядацька зала
вул.Гагаріна, 93, с.Миронівка, Шосткинський р-н, Сумська обл., 41130","696","344","696","55","300","52","352","","0","300","52","352","27","325","196","25","9","9","2","49","5","20","10","29.10.12"
"590696","159","Сумська область","школа, спортивна зала
вул.Миру, 5, с.Миронівка, Шосткинський р-н, Сумська обл., 41130","660","325","655","77","273","62","335","","0","273","62","335","17","318","153","14","14","22","2","78","2","27","6","29.10.12"
"590697","159","Сумська область","школа, коридор
пров.Радянський-2, 6, с.Ображіївка, Шосткинський р-н, Сумська обл., 41120","1050","553","1049","46","456","41","497","","0","456","41","497","51","446","239","38","21","26","9","42","4","49","18","29.10.12"
"590698","159","Сумська область","школа, спортивна зала
вул.Ланівська, 6, с.Собич, Шосткинський р-н, Сумська обл., 41124","978","473","968","96","434","71","505","","0","434","71","505","23","482","314","21","11","6","2","57","5","60","6","29.10.12"
"590699","159","Сумська область","їдальня, к.1
пров.Молодіжний, 1А, с.Собичеве, Шосткинський р-н, Сумська обл., 41133","528","205","519","46","277","46","323","","0","277","46","323","15","308","214","17","7","0","2","30","4","27","7","28.10.12"
"590704","159","Сумська область","ДП ""Свеське лісове господарство"", фойє
вул.Дачна, 24, смт Свеса, Ямпільський р-н, Сумська обл., 41226","1464","755","1425","51","661","48","709","","0","661","48","709","31","678","357","14","19","50","5","87","4","138","4","29.10.12"
"590705","159","Сумська область","школа №2, спортивна зала
вул.Горького, 6, смт Свеса, Ямпільський р-н, Сумська обл., 41226","1302","553","1290","23","735","14","749","","0","735","14","749","33","716","417","10","18","52","2","68","8","136","5","29.10.12"
"590706","159","Сумська область","школа №1, спортивна зала
вул.Леніна, 25, смт Свеса, Ямпільский р-н, Сумська обл., 41226","1452","710","1436","32","714","28","742","","0","714","28","742","36","706","399","19","13","43","6","75","6","135","10","28.10.12"
"590707","159","Сумська область","аграрний ліцей, зал
вул.Орджонікідзе, 2, смт Свеса, Ямпільський р-н, Сумська обл., 41226","1284","714","1289","28","552","18","570","","0","552","18","570","30","540","294","17","19","30","5","73","5","91","6","29.10.12"
"590708","159","Сумська область","школа, фойє
вул.Комуністична, 2А, с.Воздвиженське, Ямпільський р-н, Сумська обл., 41242","564","224","551","61","288","52","340","","0","288","52","340","16","324","223","7","4","6","3","37","5","36","3","29.10.12"
"590709","159","Сумська область","школа, фойє
вул.М.Штанюк, 50, с.Грем’ячка, Ямпільський р-н, Сумська обл., 41243","264","108","258","47","115","41","156","","0","115","41","156","1","155","119","1","4","2","1","12","1","15","0","28.10.12"
"590710","159","Сумська область","школа, спортивний зал
вул.П.Сагайдачного, 30, с.Княжичі, Ямпільський р-н, Сумська обл., 41244","378","150","374","30","199","29","228","","0","199","29","228","8","220","158","4","4","3","4","18","2","25","2","28.10.12"
"590711","159","Сумська область","школа, фойє
вул.Центральна, 15, с.Марчихина Буда, Ямпільський р-н, Сумська обл., 41224","744","281","732","79","395","68","463","","0","395","68","463","14","449","316","6","8","4","3","65","3","41","3","28.10.12"
"590712","159","Сумська область","сільська рада, зала засідань
вул.Радянська, 3, с.Микитівка, Ямпільський р-н, Сумська обл., 41241","342","135","333","35","173","34","207","","0","173","34","207","4","203","104","3","4","4","2","29","2","54","1","29.10.12"
"590713","159","Сумська область","школа, спортивний зал
вул.Леніна, 82, с.Орлівка, Ямпільський р-н, Сумська обл., 41240","912","375","909","75","471","66","537","","0","471","66","537","9","528","319","21","10","34","5","66","3","63","7","29.10.12"
"590714","159","Сумська область","сільська рада, зала засідань
вул.Леніна, 5, с.Усок, Ямпільський р-н, Сумська обл., 41230","486","187","476","60","242","57","299","","0","242","57","299","15","284","190","5","7","4","4","45","4","20","5","29.10.12"
"590715","159","Сумська область","сільська рада, зала засідань
вул.Леніна, 63, с.Паліївка, Ямпільський р-н, Сумська обл., 41231","348","122","342","46","188","38","226","","0","188","38","226","6","220","132","4","8","13","0","19","6","33","5","29.10.12"
"590716","159","Сумська область","школа №1, спортивний зал
вул.Кожедуба, 6, м.Дружба, Ямпільський р-н, Сумська обл., 41220","696","294","701","51","351","51","402","","0","351","51","402","11","391","252","11","12","27","1","32","2","52","2","29.10.12"
"590717","159","Сумська область","будинок культури, актова зала
вул.Шкільна, 13, м.Дружба, Ямпільський р-н, Сумська обл., 41220","1014","429","991","68","525","60","585","","0","525","60","585","20","565","396","11","4","29","6","66","4","49","0","29.10.12"
"590718","159","Сумська область","Юрасівський клуб, глядацька зала
вул.Кооперативна, 18, м.Дружба, Ямпільський р-н, Сумська обл., 41220","258","110","254","27","125","23","148","","0","125","23","148","1","147","113","0","4","7","1","12","2","7","1","29.10.12"
"590719","159","Сумська область","школа, спортивний зал
вул.Ватутіна, 19, м.Дружба, Ямпільський р-н, Сумська обл., 41220","726","386","726","79","274","66","340","","0","274","66","340","17","323","237","6","5","22","0","24","1","26","2","29.10.12"
"590720","159","Сумська область","Хутір-Михайлівська дистанція колії, актова зала
вул.Калініна, 12, м.Дружба, Ямпільський р-н, Сумська обл., 41220","1218","622","1191","60","555","41","596","","0","555","41","596","25","571","377","13","15","47","3","53","6","54","3","29.10.12"
"590721","159","Сумська область","будинок культури, фойє
вул.Боженка, 17, смт Ямпіль, Ямпільський р-н, Сумська обл., 41200","1104","504","1092","24","579","21","600","","0","579","21","600","19","581","339","14","21","30","4","42","10","111","10","29.10.12"
"590722","159","Сумська область","школа №2, фойє
вул.Боженка, 56, смт Ямпіль, Ямпільський р-н, Сумська обл., 41200","1482","595","1456","26","865","22","887","","0","865","22","887","27","860","495","20","31","48","6","62","11","165","22","29.10.12"
"590723","159","Сумська область","школа №1, фойє
вул.Щорса, 10, смт Ямпіль, Ямпільський р-н, Сумська обл., 41200","1392","748","1368","45","618","26","644","","0","618","26","644","26","618","364","20","18","67","3","53","9","80","4","29.10.12"
"590724","159","Сумська область","контора лісництва, фойє
вул.Партизанська, 32, с.Прудище, Ямпільський р-н, Сумська обл., 41200","228","85","232","18","125","18","143","","0","125","18","143","8","135","86","5","2","2","0","18","2","19","1","28.10.12"
"590725","159","Сумська область","ТОВ ""Агропромсервіс"", к.1
вул.Ватутіна, 1, с-ще Привокзальне, Ямпільський р-н, Сумська обл., 41200","222","103","217","13","108","11","119","","0","108","11","119","1","118","84","2","1","1","1","9","3","17","0","29.10.12"
"590726","159","Сумська область","будинок культури, фойє
вул.Радгоспна, 28, с.Імшана, Ямпільський р-н, Сумська обл., 41200","330","98","318","43","189","43","232","","0","189","43","232","7","225","163","5","5","5","1","26","2","16","2","28.10.12"
"590727","159","Сумська область","сільська рада, зала засідань
вул.Першотравнева, 2, с.Антонівка, Ямпільський р-н, Сумської обл., 41212","204","74","201","18","113","17","130","","0","113","17","130","3","127","90","7","4","3","3","8","3","6","3","29.10.12"
"590728","159","Сумська область","сільський клуб, глядацька зала
сільський клуб, вул.Леніна, с.Білиця, Ямпільський р-н, Сумської обл., 41214","198","59","201","23","118","21","139","","0","118","21","139","5","134","89","4","4","3","12","1","16","4","1","29.10.12"
"590729","159","Сумська область","школа, к.3
вул.Центральна, 12, с.Дорошівка, Ямпільський р-н, Сумська обл., 41213","222","75","214","15","134","13","147","","0","134","13","147","5","142","105","1","2","3","1","13","1","15","1","29.10.12"
"590730","159","Сумська область","сільська рада, зала засідань
вул.Центральна, 41, с.Степне, Ямпільський р-н, Сумська обл., 41210","534","240","522","68","232","62","294","","0","232","62","294","6","288","229","5","4","12","0","14","0","22","2","29.10.12"
"590731","159","Сумська область","бібліотека, актова зала
вул.Лугова, 12, с.Чуйківка, Ямпільський р-н, Сумська обл., 41223","528","197","512","82","260","71","331","","0","260","71","331","12","319","251","3","8","14","1","25","3","13","1","29.10.12"
"590732","159","Сумська область","школа, фойє
вул.Леніна, 68А, с.Шатрище, Ямпільський р-н, Сумська обл., 41211","642","295","631","62","295","52","347","","0","295","52","347","14","333","230","15","17","5","2","29","3","29","3","29.10.12"
"590733","159","Сумська область","КЗ""Центральна районна лікарня"", фойє, 3-й поверх
вул.Червонопрапорна, 38, смт Ямпіль, Ямпільський р-н, Сумська обл., 41200","144","116","47","11","19","9","28","","0","19","9","28","1","27","19","2","0","0","0","2","1","3","0","28.10.12"
"590734","159","Сумська область","Глухівський профліцей, актова зала, 2-й поверх
вул.40 років Перемоги, 17А, м.Глухів, Сумська обл., 41400","2022","952","1983","18","1054","16","1070","","0","1054","16","1070","41","1029","689","7","14","18","3","116","29","143","10","29.10.12"
"590735","159","Сумська область","школа №6, коридор, 2-й поверх
вул.70 років Жовтня, 5, м.Глухів, Сумська обл., 41400","2010","803","1965","39","1173","34","1207","","0","1173","34","1207","45","1162","736","7","24","13","5","118","26","217","16","29.10.12"
"590736","159","Сумська область","школа мистецтв ім.М.Березовського, холл, 1-й поверх
вул.Києво-Московська, 10, м.Глухів, Сумська обл., 41400","1500","789","1481","20","697","14","711","","0","697","14","711","37","674","438","10","10","10","0","69","11","121","5","29.10.12"
"590737","159","Сумська область","медичне училище, спортивна зала, 1-й поверх
вул.Вознесенська, 1, м.Глухів, Сумська обл., 41400","2154","957","2105","19","1181","16","1197","","0","1181","16","1197","48","1149","676","15","25","15","10","114","26","250","18","29.10.12"
"590738","159","Сумська область","школа №1, кабінет історії, 1-й поверх
вул.Вознесенська, 13, м.Глухів, Сумська обл., 41400","1578","635","1535","19","926","17","943","","0","926","17","943","29","914","541","8","11","17","2","146","18","159","12","29.10.12"
"590739","159","Сумська область","ГНПУ ім. О.Довженка, корп.5, фойє, 1-й поверх
вул.Києво-Московська, 24, м.Глухів, Сумська обл., 41400","1530","601","1566","10","920","9","929","","0","920","9","929","22","907","697","10","5","11","4","49","16","109","6","29.10.12"
"590740","159","Сумська область","школа №3, фойє, 1-й поверх
вул.Києво-Московська, 45, м.Глухів, Сумська обл., 41400","1350","597","1323","49","708","45","753","","0","708","45","753","18","735","456","11","10","8","1","72","18","154","5","29.10.12"
"590741","159","Сумська область","професійно-педагогічний коледж ГНПУ, холл, 2-й поверх
вул.Києво-Московська, 51, м.Глухів, Сумська обл., 41400","1356","590","1335","26","742","24","766","","0","742","24","766","24","742","433","9","7","20","6","95","26","138","8","29.10.12"
"590742","159","Сумська область","інститут луб’яних культур, актова зала, 2-й поверх
вул.Терещенків, 45, м.Глухів, Сумська обл., 41400","1356","578","1335","41","741","37","778","","0","741","37","778","20","758","496","11","12","10","4","89","16","106","14","29.10.12"
"590743","159","Сумська область","школа-інтернат ім. М.І.Жужоми, їдальня, 1-й поверх
вул.Жужоми, 8, м.Глухів, Сумська обл., 41400","1680","688","1676","41","959","33","992","","0","959","33","992","34","958","645","8","15","13","4","125","16","122","10","29.10.12"
"590744","159","Сумська область","ФАП, к.1
вул.Васильченка, 39, с.Сліпород, м.Глухів, Сумська обл., 41400","210","55","209","9","146","9","155","","0","146","9","155","4","151","125","3","2","0","0","13","1","6","1","29.10.12"
"590745","159","Сумська область","естетичне відділення ЦДЮТ, актова зала, 2-й поверх
вул.Києво-Московська, 34, м.Глухів, Сумська обл., 41400","1434","708","1417","34","695","31","726","","0","695","31","726","25","701","469","5","6","23","2","59","18","112","7","29.10.12"
"590746","159","Сумська область","школа №4, к.2, 3
пров.Шкільний, 1, м.Глухів, Сумська обл., 41400","2034","923","2023","43","1069","42","1111","","0","1069","42","1111","34","1077","758","11","14","19","3","107","17","140","8","29.10.12"
"590747","159","Сумська область","школа №5, коридор
вул.Покровська, 63, м.Глухів, Сумська обл., 41400","1596","743","1571","48","810","43","853","","0","810","43","853","47","806","512","4","18","19","3","97","12","128","13","29.10.12"
"590748","159","Сумська область","Глухівськиїй коледж СНАУ, корп.2, холл, 1-й поверх
вул.Терещенків, 36, м.Глухів, Сумська обл., 41400","1656","725","1691","20","913","18","931","","0","913","18","931","30","901","577","10","8","11","5","106","25","153","6","29.10.12"
"590749","159","Сумська область","школа №2, коридор, 1-й поверх
вул.Інститутська, 41, м.Глухів, Сумська обл., 41400","1860","862","1831","55","945","53","998","","0","945","53","998","19","979","776","5","11","24","4","89","22","40","8","29.10.12"
"590750","159","Сумська область","Глухівська ЦРЛ, центральний корпус, актова зала, 2-й поверх
вул.Інститутська, 3, м.Глухів, Сумська обл., 41400","312","253","59","11","48","11","59","","0","48","11","59","1","58","42","2","1","0","0","3","1","9","0","28.10.12"
"590751","159","Сумська область","Комунальний заклад ""Третя обласна спеціалізована психіатрична лікарня"", фойє, 2-й поверх
вул.Інститутська, 3, м.Глухів, Сумська обл., 41400","204","119","85","4","81","4","85","","0","81","4","85","6","79","72","1","0","1","0","1","0","3","1","28.10.12"
