"№ ВД","OBO","Назва регіону України","Місцезнаходження та адреса приміщення для голосування","1) К-сть одержаних бюлетенів","2) К-сть невикористаних бюлетенів","3) К-сть виборців, внесених до списку виборців","4) К-сть виборців, внесених до витягу зі списку виборців","5) К-сть виборців, які отримали бюлетені у приміщенні","6) К-сть виборців, які отримали за місцем перебування","7) Сумарна к-сть виборців, які отримали бюлетені","8) К-сть бюлетенів, що виявилися у кожній скринці","9) К-сть бюлетенів, що не підлягають врахуванню","10) К-сть виборців, які взяли участь у голос. у приміщенні для гол.","11) К-сть виборців, які взяли участь у голос. за місцем перебування","12) К-сть виборців, які взяли участь у голосуванні на виборчій дільниці","13) К-сть бюлетенів, визнаних недійсними","14) Сумарна к-сть голосів виборців ЗА","Бовсуновський
Олександр
Михайлович","Захарчук
Микола
Петрович","Кандиба
Олександр
Володимирович","Крейнін
Дмитро
Олександрович","Купченко
Вадим
Володимирович","Лупейко
Олександр
Васильович","Москаленко
Ярослав
Миколайович","Наєлапєа
Галина
Миколаївна","Дата підписання протоколу"
"320182","96","Київська область","селищна рада, обрядова зала
вул.1 Травня, 64А, смт Бабинці, Бородянський р-н, Київська обл., 07832","1088","495","1078","34","563","30","593","","0","563","30","593","17","576","31","31","294","56","10","3","142","9","28.10.12"
"320183","96","Київська область","школа, їдальня
вул.1 Травня, 68, смт Бабинці, Бородянський р-н, Київська обл., 07832","1056","507","1045","49","507","42","549","","0","507","42","549","7","542","37","9","234","70","13","2","163","14","28.10.12"
"320184","96","Київська область","сільський клуб, глядацька зала
вул.Великого Жовтня, 2, с.Буда Бабинецька, Бородянський р-н, Київська обл., 07832","256","96","249","13","149","11","160","","0","149","11","160","6","154","7","9","71","5","1","0","60","1","28.10.12"
"320185","96","Київська область","школа №2, вестибюль
вул.Паркова, 5, смт Бородянка, Бородянський р-н, Київська обл., 07800","2264","977","2256","17","1272","15","1287","","0","1272","15","1287","24","1263","25","51","478","255","19","16","390","29","29.10.12"
"320186","96","Київська область","школа №1, рекреація, коридор
вул.Леніна, 222, смт Бородянка, Бородянський р-н, Київська обл., 07800","2160","1101","2127","82","982","77","1059","","0","982","77","1059","36","1023","9","52","415","149","9","13","361","15","29.10.12"
"320187","96","Київська область","Палац культури ім.Т.Г.Шевченка, фойє
вул.Паркова, 1А, смт Бородянка, Бородянський р-н, Київська обл., 07800","2264","1051","2252","22","1195","18","1213","","0","1194","18","1212","26","1186","9","51","501","221","9","8","359","28","29.10.12"
"320188","96","Київська область","професійний аграрний ліцей, фойє
пл.Київська, 3, смт Бородянка, Бородянський р-н, Київська обл., 07800","2224","1056","2211","15","1158","10","1168","","0","1158","10","1168","33","1134","14","52","482","229","6","11","316","24","29.10.12"
"320189","96","Київська область","Приватне акціонерне товариство ""Бородянське автотранспортне підприємство 13237"", к.23
вул.Вокзальна, 88, смт Бородянка, Бородянський р-н, Київська обл., 07800","1696","778","1683","18","906","12","918","","0","906","12","918","29","889","7","48","420","179","2","9","206","18","28.10.12"
"320190","96","Київська область","Державне підприємство ""Клавдіївське лісове господарство"", актова зала
вул.В.Жовтня, 4, смт Клавдієво-Тарасове, Бородянський р-н, Київська обл., 07850","1760","805","1746","37","924","31","955","","0","923","31","954","29","925","13","45","482","147","8","10","198","22","31.10.12"
"320191","96","Київська область","шкільний клуб, актова зала
вул.Франка, 9, смт Клавдієво-Тарасове, Бородянський р-н, Київська обл., 07850","2296","997","2283","54","1257","42","1299","","0","1256","42","1298","35","1263","13","66","677","199","12","19","259","18","29.10.12"
"320192","96","Київська область","будинок культури, обрядова зала
вул.Петровського, 1, смт Немішаєве, Бородянський р-н, Київська обл., 07853","2440","897","2413","47","1508","35","1543","","0","1508","35","1543","53","1490","28","55","798","229","8","15","333","24","29.10.12"
"320193","96","Київська область","будинок побуту, кімната засідань майстерні художньої творчості
вул.Технікумівська, 1, смт Немішаєве, Бородянський р-н, Київська обл., 07853","2424","1063","2408","12","1355","6","1361","","0","1355","6","1361","34","1327","46","53","685","247","3","13","255","25","29.10.12"
"320194","96","Київська область","гімназія, фойє
вул.Н.Сосніної, 12А, смт Пісківка, Бородянський р-н, Київська обл., 07820","2456","1186","2427","39","1239","31","1270","","0","1239","31","1270","38","1232","12","85","542","191","15","38","329","20","31.10.12"
"320195","96","Київська область","школа, спортивна зала
вул.Піонерська, 33, смт Пісківка, Бородянський р-н, Київська обл., 07820","1848","985","1829","60","817","46","863","","0","817","46","863","28","835","11","52","352","122","8","18","251","21","30.10.12"
"320196","96","Київська область","будинок культури, глядацька зала
вул.Шевченка, 2, смт Пісківка, Бородянський р-н, Київська обл., 07820","1280","605","1288","43","638","37","675","","0","638","37","675","33","642","8","51","262","119","8","11","169","14","29.10.12"
"320197","96","Київська область","сільський клуб, глядацька зала
вул.Раска, 43, с.Раска, Бородянський р-н, Київська обл., 07820","96","27","96","9","60","9","69","","0","60","9","69","1","68","2","1","13","4","0","1","47","0","29.10.12"
"320198","96","Київська область","будинок культури, фойє
вул.Леніна, 1, с.Блиставиця, Бородянський р-н, Київська обл., 07835","864","293","853","47","527","44","571","","0","527","44","571","29","542","2","25","240","81","8","6","163","17","29.10.12"
"320199","96","Київська область","будинок культури, актова зала
вул.Леніна, 1, с.Дружня, Бородянський р-н, Київська обл., 07807","1520","681","1488","68","773","66","839","","0","773","66","839","21","818","12","29","234","87","8","5","423","20","28.10.12"
"320200","96","Київська область","сільський клуб, актова зала
вул.Червонопрапорна, 80, с.Жовтневе, Бородянський р-н, Київська обл., 07841","160","55","155","17","88","17","105","","0","88","17","105","1","104","1","2","31","2","1","3","61","3","28.10.12"
"320201","96","Київська область","сільський клуб, актова зала
вул.Гагаріна, 41, с.Озерщина, Бородянський р-н, Київська обл., 07841","144","39","136","17","90","15","105","","0","90","15","105","6","99","2","2","55","7","2","0","30","1","28.10.12"
"320202","96","Київська область","сільська рада, актова зала
вул.Жовтнева, 136Б, с.Загальці, Бородянський р-н, Київська обл., 07823","1632","863","1625","33","740","29","769","","0","740","29","769","26","743","11","45","330","106","7","11","211","22","29.10.12"
"320203","96","Київська область","будинок культури, актова зала
вул.Піонерська, 33, с.Нова Буда, Бородянський р-н, Київська обл., 07823","632","296","625","29","309","27","336","","0","309","27","336","7","329","4","15","156","34","2","7","101","10","30.10.12"
"320204","96","Київська область","будинок культури, актова зала
вул.Поташня, 114Б, с.Поташня, Бородянський р-н, Київська обл., 07823","184","66","173","11","107","11","118","","0","107","11","118","1","117","1","8","45","7","2","0","53","1","28.10.12"
"320205","96","Київська область","будинок культури, актова зала
вул.Леніна, 104, с.Здвижівка, Бородянський р-н, Київська обл., 07830","816","263","809","62","493","60","553","","0","493","60","553","28","525","15","21","209","59","6","7","195","13","28.10.12"
"320206","96","Київська область","сільський клуб, фойє
вул.Кооперативна, 113, с.Качали, Бородянський р-н, Київська обл., 07813","440","189","429","20","234","17","251","","0","234","17","251","13","238","4","7","92","12","1","1","115","6","28.10.12"
"320207","96","Київська область","Фельдшерсько- акушерський пункт, приймальна кімната
вул.Леніна, 71А, с.Галинка, Бородянський р-н, Київська обл., 07813","216","79","208","30","108","29","137","","0","108","29","137","2","135","7","2","52","14","1","0","56","3","28.10.12"
"320208","96","Київська область","Фельдшерсько- акушерський пункт, приймальна кімната
вул.Короленка, 42А, с.Стара Буда, Бородянський р-н, Київська обл., 07813","72","13","72","4","55","4","59","","0","55","4","59","6","53","0","1","10","7","3","0","32","0","28.10.12"
"320209","96","Київська область","будинок культури, фойє
вул.Шкільна, 42/1, с.Козинці, Бородянський р-н, Київська обл., 07855","840","306","827","28","507","27","534","","0","507","27","534","20","514","4","18","248","54","4","5","171","10","31.10.12"
"320210","96","Київська область","сільський клуб, актова зала
вул.Шевченка, 16/1, с.Діброво-Ленінське, Бородянський р-н, Київська обл., 07855","312","116","310","10","186","10","196","","0","186","10","196","6","190","2","11","112","10","3","2","46","4","28.10.12"
"320211","96","Київська область","школа, спортивна зала
вул.Шевченка, 17, с.Луб’янка, Бородянський р-н, Київська обл., 07831","944","324","943","60","562","58","620","","0","562","58","620","16","604","10","30","254","78","8","7","208","9","29.10.12"
"320212","96","Київська область","сільський клуб, актова зала
вул.Кірова, 25, с.Майданівка, Бородянський р-н, Київська обл., 07824","624","244","619","27","355","25","380","","0","355","25","380","16","364","6","22","84","26","7","4","210","5","28.10.12"
"320213","96","Київська область","будинок культури, актова зала
вул.Петровського, 2В, с.Мигалки, Бородянський р-н, Київська обл., 07822","928","338","922","37","554","36","590","","0","554","36","590","21","569","7","34","220","65","6","7","220","10","28.10.12"
"320214","96","Київська область","сільська рада, бібліотека
вул.Центральна, 1, с.Микуличі, Бородянський р-н, Київська обл., 07852","2112","842","2090","58","1213","57","1270","","0","1213","57","1270","25","1245","26","36","629","98","30","12","397","17","29.10.12"
"320215","96","Київська область","сільський клуб, фойє
вул.Петровського, 1, с.Мирча, Бородянський р-н, Київська обл., 07810","528","194","528","64","275","59","334","","0","275","59","334","11","323","6","18","92","27","2","5","170","3","28.10.12"
"320216","96","Київська область","Фельдшерсько- акушерський пункт, к.1
вул.Гагаріна, 71А, с.Тальське, Бородянський р-н, Київська обл., 07810","152","59","147","30","63","30","93","","0","63","30","93","6","87","0","4","36","4","1","1","39","2","28.10.12"
"320217","96","Київська область","сільська рада, зала засідань
вул.Леніна, 74, с.Небрат, Бородянський р-н, Київська обл., 07814","184","39","182","12","133","12","145","","0","133","12","145","1","144","0","9","44","9","2","0","77","3","28.10.12"
"320218","96","Київська область","сільський клуб, фойє
вул.Іванківське шосе, 1, с.Берестянка, Бородянський р-н, Київська обл., 07811","280","87","272","15","179","14","193","","0","179","14","193","9","184","1","8","71","12","2","4","85","1","28.10.12"
"320219","96","Київська область","сільська рада, актова зала
вул.Комсомольська, 63А, с.Нова Гребля, Бородянський р-н, Київська обл., 07842","688","277","680","23","392","19","411","","0","392","19","411","24","387","4","21","156","45","2","4","149","6","28.10.12"
"320220","96","Київська область","Товариство з обмеженою відповідальністю ""Агроконтраст"", зала урочистостей
вул.Кримська, 2, с.Нове Залісся, Бородянський р-н, Київська обл., 07811","1152","335","1148","110","715","102","817","","0","715","102","817","35","782","12","31","282","76","4","3","364","10","28.10.12"
"320221","96","Київська область","сільська рада, актова зала
вул.Харківська, 23А, с.Новий Корогод, Бородянський р-н, Київська обл., 07843","432","85","427","24","323","24","347","","0","323","24","347","3","344","0","6","85","16","3","1","230","3","30.10.12"
"320222","96","Київська область","будинок культури, актова зала
вул.Леніна, 37А, с.Озера, Бородянський р-н, Київська обл., 07834","672","212","662","25","435","25","460","","0","435","25","460","9","451","4","17","193","39","2","3","182","11","28.10.12"
"320223","96","Київська область","будинок культури, актова зала
вул.Привокзальна, 6, с.Пилиповичі, Бородянський р-н, Київська обл., 07840","1088","355","1085","41","694","39","733","","0","694","39","733","12","721","9","20","292","85","3","3","298","11","28.10.12"
"320224","96","Київська область","сільська рада, зала засідань
вул.Кооперативна, 25Б, с.Шибене, Бородянський р-н, Київська обл., 07812","624","185","615","65","381","58","439","","0","381","58","439","11","428","10","5","172","24","7","2","202","6","29.10.12"
"320225","96","Київська область","адмінкорпус, кабінет начмеда
вул.Семашка, 3, смт Бородянка, Бородянський р-н, Київська обл., 07800","152","144","8","8","0","8","8","","0","0","8","8","1","7","0","0","0","0","0","0","7","0","28.10.12"
"320342","96","Київська область","Дніпровське басейнове управління водних ресурсів, хол
вул.Київська, 10, м.Вишгород, Вишгородський р-н, Київська обл., 07300","2488","1038","2461","11","1442","8","1450","","0","1442","8","1450","53","1397","12","50","588","228","7","48","429","35","29.10.12"
"320343","96","Київська область","районний центр художньої творчості дітей, юнацтва та молоді ""Дивосвіт"", фойє
просп.Шевченка, 8, м.Вишгород, Вишгородський р-н, Київська обл., 07300","2160","823","2160","6","1331","6","1337","","0","1331","6","1337","32","1305","8","41","482","257","10","31","456","20","31.10.12"
"320344","96","Київська область","дитяча юнацька спортивна школа, спортивна зала
вул.Михайла Грушевського, 7Б, м.Вишгород, Вишгородський р-н, Київська обл., 07300","1608","663","1594","12","939","6","945","","0","939","6","945","26","919","6","33","381","130","8","10","326","25","29.10.12"
"320345","96","Київська область","будинок культури ""Енергетик"", фойє, 2-й поверх
просп.Івана Мазепи, 9, м.Вишгород, Вишгородський р-н, Київська обл., 07300","2424","872","2428","21","1538","14","1552","","0","1538","14","1552","59","1493","20","91","564","234","4","39","507","34","29.10.12"
"320346","96","Київська область","школа №1, учительська
просп.Івана Мазепи, 7А, м.Вишгород, Вишгородський р-н, Київська обл., 07300","2448","1050","2425","2","1397","1","1398","","0","1397","1","1398","32","1366","11","52","542","229","9","27","472","24","29.10.12"
"320347","96","Київська область","спеціалізована школа ""Сузір’я"", хол
вул.Кургузова, 15, м.Вишгород, Вишгородський р-н, Київська обл., 07300","2472","979","2457","11","1484","9","1493","","0","1483","9","1492","22","1470","18","53","611","249","7","32","474","26","29.10.12"
"320348","96","Київська область","ДП ""Український державний науково-технічний центр антикризових технологій в промисловості"", фойє
вул.Межигірського Спасу, 6, м.Вишгород, Вишгородський р-н, Київська обл., 07300","2376","970","2357","18","1396","10","1406","","0","1396","10","1406","25","1381","8","64","619","220","4","32","411","23","29.10.12"
"320349","96","Київська область","гімназія ""Інтелект"", фойє
вул.Шкільна, 14, м.Вишгород, Вишгородський р-н, Київська обл., 07300","2400","1214","2383","8","1178","8","1186","","0","1178","8","1186","25","1161","7","39","441","215","1","30","409","19","29.10.12"
"320350","96","Київська область","Міський центр художньо-естетичної творчості учнівської молоді ""Джерело"", зала
вул.Василя Симоненка, 3А, м.Вишгород, Вишгородський р-н, Київська обл., 07300","2344","932","2301","4","1411","1","1412","","0","1411","1","1412","34","1378","6","38","524","245","6","28","509","22","29.10.12"
"320351","96","Київська область","музична школа, фойє
просп.Івана Мазепи, 13, м.Вишгород, Вишгородський р-н, Київська обл., 07300","1400","489","1396","7","908","3","911","","0","907","3","910","20","890","6","54","356","136","4","15","306","13","01.11.12"
"320352","96","Київська область","будинок культури, актова зала
вул.Леніна, 20, смт Димер, Вишгородський р-н, Київська обл., 07330","2272","1038","2217","11","1225","9","1234","","0","1225","9","1234","30","1204","4","34","440","106","4","15","587","14","29.10.12"
"320353","96","Київська область","школа, хол
вул.Бударіна, 9, смт Димер, Вишгородський р-н, Київська обл., 07330","2264","1006","2246","31","1231","27","1258","","0","1231","27","1258","36","1222","3","27","476","99","3","15","583","16","30.10.12"
"320354","96","Київська область","Мале приватне підприємство виробнича комерційна фірма ""Еколог"", їдальня
вул.Дніпровська, 6Є, смт Димер, Вишгородський р-н, Київська обл., 07330","536","177","528","15","347","12","359","","0","347","12","359","4","355","3","12","123","34","1","5","176","1","29.10.12"
"320355","96","Київська область","фельдшерсько-акушерський пункт, зала
вул.Карла Маркса, 1А, с.Рикунь, Вишгородський р-н, Київська обл., 07330","216","85","228","6","129","2","131","","0","129","2","131","3","128","1","6","37","8","0","1","72","3","30.10.12"
"320356","96","Київська область","будинок культури, зала
вул.Леніна, 1, с.Абрамівка, Вишгородський р-н, Київська обл., 07314","144","47","143","12","86","11","97","","0","86","11","97","4","93","2","1","29","3","0","1","56","1","28.10.12"
"320357","96","Київська область","фельдшерсько-акушерський пункт, к.1
вул.Комсомольська, 1, с.Савенки, Вишгородський р-н, Київська обл., 07314","120","31","113","3","86","3","89","","0","86","3","89","1","88","2","3","25","6","0","0","50","2","29.10.12"
"320358","96","Київська область","сільська рада, кабінет землевпорядника
вул.Київська, 30, с.Богдани, Вишгородський р-н, Київська обл., 07310","152","39","152","22","92","21","113","","0","92","21","113","5","108","1","1","30","1","0","1","74","0","28.10.12"
"320359","96","Київська область","будинок культури, актова зала
вул.Лена, 50, с.Вахівка, Вишгородський р-н, Київська обл., 07311","192","43","189","8","142","7","149","","0","142","7","149","0","149","0","5","41","7","1","0","93","2","28.10.12"
"320360","96","Київська область","будинок культури, фойє
вул.Леніна, 28/3, с.Вища Дубечня, Вишгородський р-н, Київська обл., 07344","616","213","617","30","377","26","403","","0","377","26","403","12","391","2","10","111","42","3","3","218","2","28.10.12"
"320361","96","Київська область","школа, спортивна зала
вул.Шевченка, 2, с.Воропаїв, Вишгородський р-н, Київська обл., 07343","680","280","669","35","367","33","400","","0","367","33","400","5","395","5","6","115","29","1","9","227","3","29.10.12"
"320362","96","Київська область","будинок культури ""Поліський"", фойє
вул.Леніна, 66, с.Гаврилівка, Вишгородський р-н, Київська обл., 07350","2488","1008","2472","25","1459","21","1480","","0","1459","21","1480","22","1458","10","34","609","151","3","16","606","29","29.10.12"
"320363","96","Київська область","фельдшерсько-акушерський пункт, зала
вул.Шевченка, 2А, с.Тарасівщина, Вишгородський р-н, Київська обл., 07350","424","173","429","11","243","8","251","","0","243","8","251","6","245","1","8","79","28","3","1","121","4","28.10.12"
"320364","96","Київська область","будинок культури, актова зала
вул.Леніна, 18, с.Глібівка, Вишгородський р-н, Київська обл., 07333","744","285","752","28","434","25","459","","0","434","25","459","22","437","4","22","112","33","3","1","257","5","31.10.12"
"320365","96","Київська область","школа, фойє
вул.Фастова, 5, с.Демидів, Вишгородський р-н, Київська обл., 07335","1656","695","1659","34","933","28","961","","0","933","28","961","23","937","1","24","399","110","4","7","384","8","29.10.12"
"320366","96","Київська область","будинок культури, фойє
вул.Фастова, 3, с.Демидів, Вишгородський р-н, Київська обл., 07335","1232","521","1229","31","680","31","711","","0","680","31","711","25","686","3","15","297","72","4","4","283","8","29.10.12"
"320367","96","Київська область","школа, хол
вул.Чубінідзе, 4, с.Жукин, Вишгородський р-н, Київська обл., 07341","728","306","715","74","355","67","422","","0","355","67","422","17","405","3","10","66","44","3","10","266","3","29.10.12"
"320368","96","Київська область","школа, фойє
вул.Радянська, 60, с.Катюжанка, Вишгородський р-н, Київська обл., 07313","2008","865","1996","25","1122","21","1143","","0","1122","21","1143","21","1122","3","30","432","95","4","9","534","15","31.10.12"
"320369","96","Київська область","гуртожиток, зала
вул.Заводська, 10А, с.Катюжанка, Вишгородський р-н, Київська обл., 07313","1200","527","1197","22","651","22","673","","0","651","22","673","18","655","5","21","205","52","5","7","351","9","29.10.12"
"320370","96","Київська область","будинок культури, актова зала
вул.Київська, 19, с.Гута Катюжанська, Вишгородський р-н, Київська обл., 07313","72","20","68","2","50","2","52","","0","50","2","52","1","51","1","0","10","8","0","0","30","2","28.10.12"
"320371","96","Київська область","школа, хол
вул.Леніна, 47, с.Козаровичі, Вишгородський р-н, Київська обл., 07332","1360","540","1357","58","778","42","820","","0","778","42","820","25","795","5","14","262","69","1","30","411","3","28.10.12"
"320372","96","Київська область","сільський клуб, актова зала
вул.Леніна, 10, с.Лебедівка, Вишгородський р-н, Київська обл., 07360","1016","450","1007","43","528","38","566","","0","528","38","566","18","548","3","19","206","76","2","23","209","10","29.10.12"
"320373","96","Київська область","пошта, зала
вул.Леніна, 1А, с.Литвинівка, Вишгородський р-н, Київська обл., 07334","1064","449","1061","4","611","4","615","","0","611","4","615","18","597","4","11","205","78","3","11","273","12","28.10.12"
"320374","96","Київська область","сільський клуб, зала
вул.40 років Перемоги, сільський клуб, с.Лісовичі, Вишгородський р-н, Київська обл., 07334","320","116","317","14","190","14","204","","0","190","14","204","3","201","4","7","67","20","2","1","98","2","29.10.12"
"320375","96","Київська область","будинок культури, актова зала
вул.Пролетарська, 63, с.Любимівка, Вишгородський р-н, Київська обл., 07321","368","134","362","30","209","25","234","","0","209","25","234","6","228","2","12","46","9","0","2","155","2","28.10.12"
"320376","96","Київська область","школа, спортивна зала
вул.Визволителів, 51, с.Лютіж, Вишгородський р-н, Київська обл., 07352","2032","715","2017","22","1298","19","1317","","0","1298","19","1317","30","1287","20","20","268","136","4","10","813","16","28.10.12"
"320377","96","Київська область","будинок культури, актова зала
вул.Силкіна, 32А, с.Гута Межигірська, Вишгородський р-н, Київська обл., 07352","168","55","169","8","105","8","113","","0","105","8","113","1","112","0","2","35","11","0","1","62","1","28.10.12"
"320378","96","Київська область","школа, спортивна зала
вул.60-річчя Жовтня, 13А, с.Нижча Дубечня, Вишгородський р-н, Київська обл., 07361","1016","447","1002","25","546","23","569","","0","546","23","569","11","558","0","17","178","47","5","13","288","10","29.10.12"
"320379","96","Київська область","школа №3, їдальня
вул.Леніна, 52, с.Нові Петрівці, Вишгородський р-н, Київська обл., 07354","2296","985","2257","7","1305","6","1311","","0","1305","6","1311","28","1283","10","32","512","173","2","11","524","19","29.10.12"
"320380","96","Київська область","школа №1, вестибюль
вул.Жовтнева, 14, с.Нові Петрівці, Вишгородський р-н, Київська обл., 07354","1984","959","1979","12","1017","8","1025","","0","1017","8","1025","40","985","11","24","361","132","3","14","431","9","29.10.12"
"320381","96","Київська область","будинок культури, актова зала
вул.Леніна, 220, с.Нові Петрівці, Вишгородський р-н, Київська обл., 07354","1552","558","1520","10","987","7","994","","0","987","7","994","55","939","22","53","294","142","19","16","368","25","30.10.12"
"320382","96","Київська область","школа №2, їдальня
вул.Леніна, 272, с.Нові Петрівці, Вишгородський р-н, Київська обл., 07354","1344","589","1338","11","745","10","755","","0","745","10","755","24","731","5","14","282","74","2","8","338","8","29.10.12"
"320383","96","Київська область","сільський клуб, зала
вул.Леніна, 9Б, с.Новосілки, Вишгородський р-н, Київська обл., 07362","528","143","527","11","374","11","385","","0","374","11","385","14","371","5","10","127","35","1","11","180","2","28.10.12"
"320384","96","Київська область","будинок культури, зала
вул.Піонерська, 2, с.Пірнове, Вишгородський р-н, Київська обл., 07342","488","135","481","30","329","24","353","","0","329","24","353","3","350","0","16","68","22","2","4","236","2","29.10.12"
"320385","96","Київська область","сільский клуб, зала
вул.Леніна, 32, с.Федорівка, Вишгородський р-н, Київська обл., 07371","456","166","446","27","263","27","290","","0","263","27","290","6","284","3","6","39","12","1","1","220","2","28.10.12"
"320386","96","Київська область","сільський клуб, актова зала
вул.Леніна, 19, с.Рудня-Димерська, Вишгородський р-н, Київска обл., 07312","408","157","406","34","224","27","251","","0","224","27","251","5","246","0","7","50","10","0","3","173","3","29.10.12"
"320387","96","Київська область","школа, фойє
вул.Леніна, 49А, с.Синяк, Вишгородський р-н, Київська обл., 07351","976","331","976","47","600","45","645","","0","600","45","645","13","632","4","12","104","33","4","3","459","13","28.10.12"
"320388","96","Київська область","сільський клуб, актова зала
вул.Гагаріна, 10А, с.Раківка, Вишгородський р-н, Київська обл., 07351","432","159","434","36","237","36","273","","0","237","36","273","9","264","1","9","66","9","1","3","171","4","29.10.12"
"320389","96","Київська область","будинок культури, зала
вул.Князя Святослава, 149, с.Старі Петрівці, Вишгородський р-н, Київська обл., 07353","2304","1026","2306","27","1260","18","1278","","0","1260","18","1278","32","1246","16","28","488","192","9","24","466","23","29.10.12"
"320390","96","Київська область","будинок культури, зала
вул.Леніна, 44, с.Сувид, Вишгородський р-н, Київська обл., 07341","208","63","203","38","114","31","145","","0","114","31","145","6","139","0","7","32","8","1","2","89","0","28.10.12"
"320391","96","Київська область","бібліотека, читальна зала
пров.Луговий, 1А, с.Боденьки, Вишгородський р-н, Київська обл., 07341","312","99","306","40","173","40","213","","0","173","40","213","6","207","0","6","52","6","1","7","128","7","28.10.12"
"320392","96","Київська область","сільська рада, каб.2
вул.Леніна, 3, с.Сухолуччя, Вишгородський р-н, Київська обл., 07320","264","57","259","18","190","17","207","","0","190","17","207","6","201","0","9","46","13","1","1","129","2","29.10.12"
"320393","96","Київська область","будинок культури, актова зала
вул.Шкільна, 15, с.Толокунь, Вишгородський р-н, Київська обл., 07323","208","73","202","16","121","14","135","","0","121","14","135","6","129","1","6","22","7","0","0","93","0","29.10.12"
"320394","96","Київська область","будинок культури, хол
вул.Деснянська, 9, с.Хотянівка, Вишгородський р-н, Київська обл., 07363","816","300","807","37","481","35","516","","0","481","35","516","7","509","4","18","203","119","3","15","139","8","29.10.12"
"320395","96","Київська область","школа, фойє
вул.Колективна, 20А, с.Ясногородка, Вишгородський р-н, Київська обл., 07324","368","102","373","55","217","49","266","","0","217","49","266","9","257","1","16","60","16","4","3","152","5","28.10.12"
"320396","96","Київська область","Центральна районна лікарня, актова зала
вул.Кургузова, 1, м.Вишгород, Вишгородський р-н, Київська обл., 07300","104","55","54","3","46","3","49","","0","46","3","49","1","48","0","1","6","7","0","0","34","0","30.10.12"
"320397","96","Київська область","Всеукраїнський центр професійної реабілітації інвалідів №26, актова зала
урочище ""Туровча лісова"", 2, с.Лютіж, Вишгородський р-н, Київська обл., 07352","160","94","73","0","66","0","66","","0","0","0","66","2","64","0","6","11","3","1","4","37","2","31.10.12"
"320461","96","Київська область","будинок культури, актова зала
вул.Івана Проскури, 2, смт Іванків, Іванківський р-н, Київська обл., 07200","2296","896","2255","22","1378","22","1400","","0","1378","22","1400","39","1361","7","42","577","252","3","9","458","13","29.10.12"
"320462","96","Київська область","школа №1, фойє
вул.Орєхово-Зуєвська, 6, смт Іванків, Іванківський р-н, Київська обл., 07200","2200","875","2150","29","1299","26","1325","","0","1299","26","1325","32","1293","2","40","642","230","4","6","346","23","28.10.12"
"320463","96","Київська область","центр ""Довір’я"", каб.1
вул.Поліська, 65А, смт Іванків, Іванківський р-н, Київська обл., 07200","2168","918","2134","23","1233","17","1250","","0","1233","17","1250","27","1223","11","52","576","219","8","12","334","11","29.10.12"
"320464","96","Київська область","школа №2, фойє
вул.Івана Проскури, 49, смт Іванків, Іванківський р-н, Київська обл., 07200","1960","758","1931","15","1190","12","1202","","0","1190","12","1202","31","1171","5","34","487","223","3","11","393","15","29.10.12"
"320465","96","Київська область","будинок культури, актова зала
вул.Шляхова, 1, с.Обуховичі, Іванківський р-н, Київська обл., 07254","1080","487","1074","30","572","21","593","","0","572","21","593","19","574","1","18","307","43","6","1","191","7","29.10.12"
"320466","96","Київська область","дитячий садок, каб.1
вул.Леніна, 69, с.Сукачі, Іванківський р-н, Київська обл., 07205","848","335","838","22","491","22","513","","0","491","22","513","26","487","5","9","219","44","3","4","194","9","29.10.12"
"320467","96","Київська область","сільський клуб, актова зала
вул.Дружби, 6, с.Сукачі, Іванківський р-н, Київська обл., 07205","408","107","401","96","205","96","301","","0","205","96","301","2","299","5","12","106","20","0","1","145","10","29.10.12"
"320468","96","Київська область","Горностайпільська сільська рада, каб.2
вул.Леніна, 9, с.Горностайпіль, Іванківський р-н, Київська обл., 07222","840","318","828","147","391","131","522","","0","391","131","522","16","506","9","31","161","39","6","5","246","9","28.10.12"
"320469","96","Київська область","будинок культури, актова зала
вул.Шкільна, 11А, с.Шпилі, Іванківський р-н, Київська обл., 07260","712","287","698","27","403","22","425","","0","403","22","425","10","415","5","10","172","56","6","0","157","9","28.10.12"
"320470","96","Київська область","школа, фойє
вул.Шевченка, 77, с.Запрудка, Іванківський р-н, Київська обл., 07203","576","222","564","20","334","20","354","","0","334","20","354","16","338","2","10","88","70","3","1","157","7","28.10.12"
"320471","96","Київська область","школа, фойє
вул.Шкільна, 27, с.Розважів, Іванківський р-н, Київська обл., 07241","624","216","608","36","374","34","408","","0","374","34","408","7","401","4","21","142","53","3","2","170","6","29.10.12"
"320472","96","Київська область","школа, фойє
вул.Лесі Українки, 1, с.Кухарі, Іванківський р-н, Київська обл., 07243","528","151","510","60","320","57","377","","0","320","57","377","10","367","2","16","121","26","2","0","195","5","28.10.12"
"320473","96","Київська область","дитячий садок, каб.2
вул.Жовтнева, 1, с.Прибірськ, Іванківський р-н, Київська обл., 07253","520","144","519","65","317","59","376","","0","317","59","376","11","365","0","14","92","25","2","2","227","3","28.10.12"
"320474","96","Київська область","сільський клуб, актова зала
вул.Червоний Шлях, 72, с.Оране, Іванківський р-н, Київська обл., 07250","472","143","468","45","285","44","329","","0","285","44","329","8","321","5","7","113","23","3","4","158","8","28.10.12"
"320475","96","Київська область","школа, каб.2
вул.Шкільна, 3В, с.Блідча, Іванківський р-н, Київська обл., 07261","424","137","418","16","271","16","287","","0","271","16","287","14","273","4","14","75","23","2","4","146","5","29.10.12"
"320476","96","Київська область","будинок культури, фойє права сторона
вул.Петровського, 9, с.Феневичі, Іванківський р-н, Київська обл., 07263","824","340","817","50","448","36","484","","0","448","36","484","18","466","8","20","115","40","6","2","269","6","28.10.12"
"320477","96","Київська область","будинок культури, актова зала
вул.Поліська, 11, с.Термахівка, Іванківський р-н, Київська обл., 07240","400","138","395","38","229","33","262","","0","229","33","262","15","247","2","8","90","9","0","5","131","2","28.10.12"
"320478","96","Київська область","сільський клуб, каб.2
вул.Миру, 94, с.Коленці, Іванківський р-н, Київська обл., 07262","344","117","337","33","196","31","227","","0","196","31","227","11","216","0","8","96","13","0","0","96","3","29.10.12"
"320479","96","Київська область","будинок культури, каб.2
вул.Л. Бикова, 18А, с.Страхолісся, Іванківський р-н, Київська обл., 07225","352","153","351","19","185","14","199","","0","185","14","199","2","197","0","1","54","12","1","2","127","0","29.10.12"
"320480","96","Київська область","сільська рада, каб.2
вул.Леніна, 1, с.Варівськ, Іванківський р-н, Київська обл., 07233","344","103","339","42","202","39","241","","0","202","39","241","3","238","7","7","79","15","2","2","121","5","28.10.12"
"320481","96","Київська область","будинок культури, каб.2
пров.Мічурінський, 1А, с.Дитятки, Іванківський р-н, Київська обл., 07220","336","82","349","25","230","24","254","","0","230","24","254","6","248","2","9","47","7","1","3","178","1","28.10.12"
"320482","96","Київська область","школа, фойє
вул.Дзержинського, 10, с.Жміївка, Іванківський р-н, Київська обл., 07230","344","98","338","24","224","22","246","","0","224","22","246","9","237","8","5","57","17","1","2","147","0","28.10.12"
"320483","96","Київська область","сільськогосподарський виробничий кооператив ""Мусійки"", каб.1
вул.Леніна, 145, с.Мусійки, Іванківський р-н, Київська обл., 07211","304","80","297","27","197","27","224","","0","197","27","224","7","217","1","6","48","14","1","0","145","2","28.10.12"
"320484","96","Київська область","школа, фойє
вул.Леніна, 20, с.Макарівка, Іванківський р-н, Київська обл., 07251","304","93","295","39","174","37","211","","0","174","37","211","8","203","2","4","37","17","1","7","132","3","28.10.12"
"320485","96","Київська область","будинок культури, каб.2
пров.Леніна, 14, с.Олізарівка, Іванківський р-н, Київська обл., 07231","272","80","263","19","173","19","192","","0","173","19","192","4","188","1","3","49","5","1","2","127","0","28.10.12"
"320486","96","Київська область","будинок культури, актова зала
вул.Богдана Хмельницького, 74В, с.Болотня, Іванківський р-н, Київська обл., 07200","368","141","364","14","213","14","227","","0","213","14","227","18","209","1","4","102","29","3","1","65","4","28.10.12"
"320487","96","Київська область","сільський клуб, фойє
вул.Леніна, 70, с.Станішівка, Іванківський р-н, Київська обл., 07254","272","99","266","2","171","2","173","","0","171","2","173","5","168","2","4","71","18","1","2","67","3","28.10.12"
"320488","96","Київська область","школа, фойє
вул.Леніна, 69, с.Кропивня, Іванківський р-н, Київська обл., 07234","264","73","260","31","167","24","191","","0","167","24","191","7","184","4","6","44","11","0","2","116","1","29.10.12"
"320489","96","Київська область","дитячий садок, фойє
вул.Дружби, 1, с.Олива, Іванківський р-н, Київська обл., 07242","272","95","269","8","170","7","177","","0","170","7","177","4","173","1","9","44","9","2","1","105","2","28.10.12"
"320490","96","Київська область","фельдшерсько-акушерський пункт, каб.1
вул.Шляхова, 1А, с.Зорин, Іванківський р-н, Київська обл., 07221","256","75","255","29","155","26","181","","0","155","26","181","4","177","0","5","44","9","1","6","112","0","28.10.12"
"320491","96","Київська область","науково-виборча фірма ""Інтегдиф"", зал засідань
вул.Заводська, 3, с.Жеревпілля, Іванківський р-н, Київська обл., 07241","248","111","241","27","116","21","137","","0","116","21","137","8","129","0","21","35","22","0","2","49","0","28.10.12"
"320492","96","Київська область","сільський клуб, фойє
вул.Ставрівська, 40, с.Ставрівка, Іванківський р-н, Київська обл., 07201","88","23","87","11","55","10","65","","0","55","10","65","5","60","3","4","22","5","0","0","26","0","29.10.12"
"320493","96","Київська область","сільська рада, каб.1
вул.Шкільна, 1, с.Заруддя, Іванківський р-н, Київська обл., 07244","208","52","209","41","118","38","156","","0","118","38","156","0","156","0","2","46","12","1","1","92","2","28.10.12"
"320494","96","Київська область","будинок культури, фойє
вул.Гагаріна, 4, с.Сидоровичі, Іванківський р-н, Київська обл., 07232","200","52","195","16","133","15","148","","0","133","15","148","3","145","0","2","21","5","0","0","117","0","28.10.12"
"320495","96","Київська область","сільський клуб, актова зала
вул.Сергієнка, 33Д, с.Підгайне, Іванківський р-н, Київська обл., 07201","192","37","189","35","121","34","155","","0","121","34","155","8","147","4","10","35","11","3","3","80","1","28.10.12"
"320496","96","Київська область","школа, фойє
вул.Радянська, 50А, с.Рудня-Тальська, Іванківський р-н, Київська обл., 07203","200","53","203","18","136","11","147","","0","136","11","147","7","140","1","9","47","8","1","0","74","0","28.10.12"
"320497","96","Київська область","сільський клуб, актова зала
вул.Жовтнева, 2, с.Тетерівське, Іванківський р-н, Київська обл., 07245","176","38","173","56","89","49","138","","0","89","49","138","1","137","0","5","33","1","0","1","97","0","28.10.12"
"320498","96","Київська область","дитячий садок, каб.1
вул.Леніна, 9, с.Русаки, Іванківський р-н, Київська обл., 07252","192","72","192","23","97","23","120","","0","97","23","120","2","118","1","9","34","13","1","3","52","5","28.10.12"
"320499","96","Київська область","сільський клуб, актова зала
вул.8 Березня, 10, с.Мала Макарівка, Іванківський р-н, Київська обл., 07204","152","32","148","16","106","14","120","","0","106","14","120","1","119","1","3","51","4","1","1","56","2","28.10.12"
"320500","96","Київська область","сільський клуб, каб.2
вул.1-го Травня, 97А, с.Слобода-Кухарська, Іванківський р-н, Київська обл., 07201","144","48","140","20","76","20","96","","0","76","20","96","4","92","0","2","40","5","0","0","43","2","28.10.12"
"320501","96","Київська область","будинок культури, каб.2
вул.Кірова, 46, с.Рудня-Левківська, Іванківський р-н, Київська обл., 07210","136","33","134","8","96","7","103","","0","96","7","103","4","99","0","1","13","6","0","0","79","0","28.10.12"
"320502","96","Київська область","сільський клуб, актова зала
вул.Леніна, 4, с.Воропаївка, Іванківський р-н, Київська обл., 07203","136","35","134","4","97","4","101","","0","97","4","101","3","98","0","2","32","7","2","1","54","0","28.10.12"
"320503","96","Київська область","сільський клуб, каб 2
вул.Пролетарська, 60Б, с.Пироговичі, Іванківський р-н, Київська обл., 07202","120","23","118","7","90","7","97","","0","90","7","97","4","93","2","2","24","3","4","2","54","2","30.10.12"
"320504","96","Київська область","сільський клуб, каб.2
вул.Пролетарська, 20Б, с.Доманівка, Іванківський р-н, Київська обл., 07204","176","59","173","12","107","10","117","","0","107","10","117","4","113","1","3","23","12","0","1","70","3","29.10.12"
"320505","96","Київська область","будинок культури, каб.1
вул.Леніна, 50А, с.Піски, Іванківський р-н, Київська обл., 07213","176","49","167","7","120","7","127","","0","120","7","127","7","120","2","2","35","6","1","1","72","1","28.10.12"
"320506","96","Київська область","сільський клуб, актова зала
вул.Жовтнева, 29, с.Поталіївка, Іванківський р-н, Київська обл., 07211","120","44","114","11","66","10","76","","0","66","10","76","4","72","1","2","18","2","1","0","47","1","28.10.12"
"320507","96","Київська область","фельдшерсько-акушерський пункт, каб.1
вул.Миру, 53, с.Хочева, Іванківський р-н, Київська обл., 07202","112","34","107","15","64","14","78","","0","64","14","78","1","77","1","4","38","3","0","0","30","1","28.10.12"
"320508","96","Київська область","сільський клуб, каб.2
вул.Леніна, 27, с.Леонівка, Іванківський р-н, Київська обл., 07203","96","21","96","11","65","10","75","","0","65","10","75","2","73","1","1","14","5","1","1","50","0","29.10.12"
"320509","96","Київська область","сільський клуб, каб.2
вул.Леніна, 33А, с.Соснівка, Іванківський р-н, Київська обл., 07203","160","65","156","15","83","12","95","","0","83","12","95","2","93","0","2","20","8","0","0","62","1","28.10.12"
"320510","96","Київська область","сільський клуб, каб.2
вул.Ворошилова, 106, с.Старі Соколи, Іванківський р-н, Київська обл., 07214","176","37","173","30","110","29","139","","0","110","29","139","4","135","2","2","41","9","1","1","79","0","28.10.12"
"320511","96","Київська область","фельдшерсько-акушерський пункт, каб. 2
вул.Леніна, 46Б, с.Зимовище, Іванківський р-н, Київська обл., 07203","112","24","109","15","75","13","88","","0","75","13","88","1","87","1","1","41","7","0","0","35","2","28.10.12"
"320512","96","Київська область","сільський клуб, актова зала
вул.Правди, 6А, с.Нові Макалевичі, Іванківський р-н, Київська обл., 07204","96","21","94","8","68","7","75","","0","68","7","75","0","75","0","2","26","4","1","2","40","0","28.10.12"
"320513","96","Київська область","фельдшерсько-акушерський пункт, каб.1
вул.8 Березня, 5А, с.Старовичі, Іванківський р-н, Київська обл., 07201","88","25","87","10","53","10","63","","0","53","10","63","1","62","0","6","15","3","1","0","37","0","28.10.12"
"320514","96","Київська область","фельдшерсько-акушерський пункт, каб.1
вул.Зої Космодем’янської, 49, с.Білий Берег, Іванківський р-н, Київська обл., 07203","80","19","80","4","57","4","61","","0","57","4","61","1","60","0","0","30","5","0","0","25","0","29.10.12"
"320515","96","Київська область","фельдшерсько-акушерський пункт, каб.1
вул.Центральна, 56/1, с.Красилівка, Іванківський р-н, Київська обл., 07212","72","12","73","10","52","8","60","","0","52","8","60","4","56","0","3","4","5","0","0","44","0","28.10.12"
"320516","96","Київська область","сільський клуб, каб.1
вул.Недашківський, 2Б, с.Петрівське, Іванківський р-н, Київська обл., 07210","64","19","58","3","42","3","45","","0","42","3","45","1","44","0","1","2","2","0","0","39","0","29.10.12"
"320517","96","Київська область","Жеревське лісництво, каб.1
вул.Жеревська, 12А, с.Жерева, Іванківський р-н, Київська обл., 07201","64","11","63","9","44","9","53","","0","44","9","53","2","51","0","6","6","1","0","0","38","0","28.10.12"
"320518","96","Київська область","лікарня, статистичне відділення
вул.Поліська, 65, смт Іванків, Іванківський р-н, Київська обл., 07200","192","145","58","21","35","12","47","","0","35","12","47","2","45","0","1","11","8","1","0","22","2","29.10.12"
"320817","96","Київська область","Красятицький селищний будинок культури, актова зала
вул.Жовтнева, 84, смт Красятичі, Поліський р-н, Київська обл., 07053","648","231","622","57","363","54","417","","0","363","54","417","12","405","5","18","113","12","3","3","242","9","28.10.12"
"320818","96","Київська область","Вовчківський сільський клуб, фойє
вул.Жовтнева, 37, с.Вовчків, Поліський р-н, Київська обл., 07044","296","96","291","28","174","26","200","","0","174","26","200","4","196","1","5","57","7","2","2","122","0","28.10.12"
"320819","96","Київська область","Володарське НВО, актова зала
вул.Першотравнева, 57, с.Володарка, Поліський р-н, Київська обл., 07052","304","80","300","36","190","34","224","","0","190","34","224","1","223","0","5","39","13","0","1","163","2","28.10.12"
"320820","96","Київська область","Залишанський сільський клуб, фойє
вул.Покрова, 2В, с.Залишани, Поліський р-н, Київська обл., 07054","352","63","348","49","241","48","289","","0","241","48","289","2","287","0","14","53","8","0","4","207","1","28.10.12"
"320821","96","Київська область","Зеленополянський сільський клуб, фойє
вул.Шевченка, 2, с.Зелена Поляна, Поліський р-н, Київська обл., 07035","240","40","233","21","179","21","200","","0","179","21","200","1","199","2","4","61","7","0","1","123","1","28.10.12"
"320822","96","Київська область","школа, спортивний зал, 1-й поверх
вул.1-го Травня, 2, с.Луговики, Поліський р-н, Київська обл., 07031","400","94","398","47","259","47","306","","0","259","47","306","2","304","1","9","62","19","0","6","204","3","28.10.12"
"320823","96","Київська область","Максимовицький будинок культури, актова зала
вул.Миру, 123, с.Максимовичі, Поліський р-н, Київська обл., 07040","464","135","459","55","274","55","329","","0","274","55","329","12","317","1","13","97","19","4","6","173","4","30.10.12"
"320824","96","Київська область","школа, спортивний зал, 1-й поверх
вул.Шляхова, 3, с.Мар’янівка, Поліський р-н, Київська обл., 07034","304","79","304","24","202","23","225","","0","202","23","225","8","217","0","5","47","11","5","1","148","0","29.10.12"
"320825","96","Київська область","Млачівський сільський клуб, актова зала
вул.Лугова, 2, с.Млачівка, Поліський р-н, Київська обл., 07041","272","95","268","13","166","11","177","","0","166","11","177","9","168","1","6","40","11","0","4","103","3","31.10.12"
"320826","96","Київська область","Орджонікідзенський сільський клуб, актова зала
вул.Миру, 11, с.Орджонікідзе, Поліський р-н, Київська обл., 07051","176","53","167","22","104","19","123","","0","104","19","123","5","118","0","10","23","4","1","3","77","0","29.10.12"
"320827","96","Київська область","Рагівський сільський клуб, фойє
вул.Яблунева, 39, с.Рагівка, Поліський р-н, Київська обл., 07033","328","96","332","36","198","34","232","","0","198","34","232","1","231","1","13","41","5","2","4","163","2","28.10.12"
"320828","96","Київська область","школа, їдальня, 1-й поверх
вул.Піонерська, 25, с.Радинка, Поліський р-н, Київська обл., 07024","744","238","731","84","434","72","506","","0","434","72","506","14","492","7","16","153","35","4","2","267","8","29.10.12"
"320829","96","Київська область","Стещинський сільський клуб, актова зала
вул.К.Іванова, 2, с.Стещина, Поліський р-н, Київська обл., 07050","176","48","171","26","104","24","128","","0","104","24","128","2","126","1","2","24","7","1","3","88","0","29.10.12"
"320830","96","Київська область","Шкневський сільський клуб, актова зала
вул.Молодіжна, 1, с.Шкнева, Поліський р-н, Київська обл., 07043","120","20","113","15","85","15","100","","0","85","15","100","0","100","0","1","13","4","0","0","81","1","28.10.12"
"320831","96","Київська область","Поліська центральна районна лікарня, фойє, 1-й поверх
вул.Жовтнева, 7, смт Красятичі, Поліський р-н, Київська обл., 07053","32","6","26","3","23","3","26","","0","23","3","26","0","26","0","1","2","2","0","0","20","1","29.10.12"
"321259","96","Київська область","дитячий центр творчості, хол
вул.Будьонного, 2, м.Буча, Київської обл., 08292","1264","563","1253","9","693","8","701","","0","693","8","701","25","676","12","34","354","118","5","6","128","19","29.10.12"
"321260","96","Київська область","Бучанська міська рада, хол
вул.Енергетиків, 12, м.Буча, Київської обл., 08292","2456","981","2429","13","1465","10","1475","","0","1465","10","1475","51","1424","22","67","668","322","9","26","270","40","28.10.12"
"321261","96","Київська область","школа №4, спортивна зала
вул.Енергетиків, 4, м.Буча, Київської обл., 08292","2144","877","2117","28","1245","22","1267","","0","1245","22","1267","56","1211","15","84","578","226","16","20","228","44","31.10.12"
"321262","96","Київська область","Центральний будинок культури, танцювальна зала
вул.Пушкінська, 61Б, м.Буча, Київської обл., 08292","2096","834","2098","32","1236","26","1262","","0","1234","26","1260","33","1227","17","59","580","226","18","22","255","50","30.10.12"
"321263","96","Київська область","Центральний будинок культури, актова зала
вул.Пушкінська, 61Б, м.Буча, Київської обл., 08292","1552","687","1542","7","860","5","865","","0","860","5","865","40","825","14","40","422","159","8","10","148","24","29.10.12"
"321264","96","Київська область","школа №1, спортивна зала
вул.Малиновського, 74, м.Буча, Київської обл., 08292","2200","1019","2203","6","1175","6","1181","","0","1175","6","1181","36","1145","14","59","621","219","7","10","172","43","30.10.12"
"321265","96","Київська область","школа №2, хол
вул.Шевченка, 14, м.Буча, Київської обл., 08292","1128","568","1132","2","558","2","560","","0","558","2","560","16","544","9","24","274","113","7","8","87","22","29.10.12"
"321266","96","Київська область","Бучанський тарний завод, актова зала, 2-й поверх
вул.Тургенєва, 1, м.Буча, Київської обл., 08292","1592","727","1569","17","850","15","865","","0","850","15","865","29","836","17","43","423","191","4","6","103","49","30.10.12"
"321267","96","Київська область","будинок культури, актова зала
вул.Кірова, 15, м.Буча, Київської обл., 08292","2480","1026","2465","19","1438","16","1454","","0","1438","16","1454","51","1403","25","62","698","255","10","26","281","46","29.10.12"
"321268","96","Київська область","Комунальне підприємство "" Фірма ""Агробудпостач"", актова зала
вул.Кірова, 144, м.Буча, Київської обл., 08292","2224","1053","2197","26","1153","18","1171","","0","1153","18","1171","54","1117","16","54","567","182","12","16","238","32","30.10.12"
"321269","96","Київська область","школа №3, спортивна зала
вул.Вокзальна, 46А, м.Буча, Київської обл., 08292","2016","874","2006","23","1123","19","1142","","0","1123","19","1142","53","1089","26","44","537","224","13","25","175","45","29.10.12"
"321270","96","Київська область","Відкрите акціонерне товариство Науково дослідний інститут ""Склопластиків і волокна"", хол, 2-й поверх
вул.Тарасівська, 32, м.Буча, Київської обл., 08292","2104","859","2076","9","1237","8","1245","","0","1237","8","1245","52","1193","27","67","627","238","7","17","165","45","29.10.12"
"321364","96","Київська область","школа №1, вестибюль
просп.Дружби народів, 19, м.Славутич, Київська обл., 07100","2432","1189","2406","12","1235","8","1243","","0","1235","8","1243","42","1201","9","100","297","145","12","8","586","44","29.10.12"
"321365","96","Київська область","школа №2, вестибюль
Київський квартал, 17, м.Славутич, Київська обл., 07100","2416","1207","2386","8","1204","5","1209","","0","1204","5","1209","37","1172","14","107","267","147","15","5","550","67","29.10.12"
"321366","96","Київська область","школа №3, вестибюль
просп.Дружби народів, 1, м.Славутич, Київська обл., 07100","2432","1094","2408","10","1328","10","1338","","0","1328","10","1338","50","1288","7","107","334","151","8","21","605","55","29.10.12"
"321367","96","Київська область","Інформаційний центр - представництво ДСП ""Чорнобильська АЕС"", клавірна зала
просп.Дружби народів, 7, м.Славутич, Київська обл., 07100","2344","1227","2317","7","1113","4","1117","","0","1113","4","1117","41","1076","15","105","287","139","8","12","468","42","29.10.12"
"321368","96","Київська область","КП ""Кіноконцертний комплекс"", фойє
Центральна площа, 9, м.Славутич, Київська обл., 07100","2400","1191","2381","12","1200","9","1209","","0","1200","9","1209","42","1167","10","94","307","167","13","13","525","38","29.10.12"
"321369","96","Київська область","школа №4, вестибюль
вул.Героїв Дніпра, 8, м.Славутич, Київська обл., 07100","2352","1236","2357","11","1112","4","1116","","0","1112","4","1116","40","1076","10","96","259","141","7","14","518","31","29.10.12"
"321370","96","Київська область","КП ""Управління з розвитку фізичної культури спорту та туризму"", спорткомплекс ""Олімпієць"", спортзал
Чернігівський квартал, 14, м.Славутич, Київська обл., 07100","2368","1299","2338","7","1067","2","1069","","0","1067","2","1069","23","1046","18","84","288","131","15","11","458","41","29.10.12"
"321371","96","Київська область","Фізкультурно-оздоровчий комплекс ""Грація"", спортзал
Тбіліський квартал, 2, м.Славутич, Київська обл., 07100","2240","1222","2218","8","1012","6","1018","","0","1012","6","1018","30","988","13","81","273","149","10","13","420","29","29.10.12"
"321372","96","Київська область","ДЗ СМСЧ №5, стаціонарне відділення, 1-й поверх, хол
вул.77-ї Гвардійської дивізії, 7, м.Славутич, Київська обл., 07100","104","74","32","6","24","6","30","","0","24","6","30","0","30","2","3","7","4","0","0","12","2","29.10.12"
