"№ ВД","OBO","Назва регіону України","Місцезнаходження та адреса приміщення для голосування","1) К-сть одержаних бюлетенів","2) К-сть невикористаних бюлетенів","3) К-сть виборців, внесених до списку виборців","4) К-сть виборців, внесених до витягу зі списку виборців","5) К-сть виборців, які отримали бюлетені у приміщенні","6) К-сть виборців, які отримали за місцем перебування","7) Сумарна к-сть виборців, які отримали бюлетені","8) К-сть бюлетенів, що виявилися у кожній скринці","9) К-сть бюлетенів, що не підлягають врахуванню","10) К-сть виборців, які взяли участь у голос. у приміщенні для гол.","11) К-сть виборців, які взяли участь у голос. за місцем перебування","12) К-сть виборців, які взяли участь у голосуванні на виборчій дільниці","13) К-сть бюлетенів, визнаних недійсними","14) Сумарна к-сть голосів виборців ЗА","Бабушкін
Віктор
Матвійович","Гринчук
Віктор
Васильович","Книш
Ніна
Миколаївна","Кравчук
Анна
Миколаївна","Крищенко
Катерина
Сергіївна","Малкова
Інна
Миколаївна","Мартиненко
Тамара
Ярославівна","Медведєв
Олександр
Васильович","Мороз
Олександр
Олександрович","Мостіпан
Уляна
Миколаївна","Онищенко
Олександр
Романович","Первухін
Ігор
Миколайович","Смірнов
Олександр
Володимирович","Стельмах
Микола
Іванович","Стужук
Олена
Анатоліївна","Тарасенко
Леся
Іванівна","Томашевський
Віктор
Михайлович","Яра
Оксана
Олександрівна","Дата підписання протоколу"
"000001","93","Київська область","кімната для проведення слідчих дій Кагарлицького РВ ГУ МВС України
вул.Комсомольська, 13, м.Кагарлик, Київська обл., 09200","20","11","9","0","9","0","9","","0","9","0","9","0","9","0","2","0","1","0","0","0","0","0","1","4","0","1","0","0","0","0","0","29.10.12"
"320094","93","Київська область","школа №2, фойє
вул.Училищна, 11, м.Богуслав, Богуславський р-н, Київська обл., 09700","2012","387","1995","219","1416","209","1625","","0","1416","209","1625","28","1597","5","20","12","3","3","10","8","6","98","517","862","9","10","1","4","7","16","6","29.10.12"
"320095","93","Київська область","будинок школяра, актовий зал
пров.Корсунський, 11, м.Богуслав, Богуславський р-н, Київська обл., 09700","1804","761","1785","73","1002","41","1043","","0","1002","41","1043","28","1015","3","5","3","0","0","0","0","0","123","410","463","0","0","0","0","0","8","0","29.10.12"
"320096","93","Київська область","школа №3, фойє
вул.Свердлова, 54, м.Богуслав, Богуславський р-н, Київська обл., 09700","1832","589","1818","66","1188","55","1243","","0","1188","55","1243","20","1223","0","5","2","3","1","1","4","2","134","409","645","3","6","1","2","0","5","0","30.10.12"
"320097","93","Київська область","будинок культури, зал для урочистих подій
вул.Острів, 1, м.Богуслав, Богуславський р-н, Київська обл., 09700","1524","401","1519","47","1076","47","1123","","0","1076","47","1123","11","1112","2","17","5","2","3","6","11","3","71","167","766","14","4","4","2","4","26","5","29.10.12"
"320098","93","Київська область","школа №1, фойє
вул.Миколаївська, 72, м.Богуслав, Богуславський р-н, Київська обл., 09700","2284","607","2273","241","1452","225","1677","","0","1452","225","1677","26","1651","0","22","7","10","3","15","5","3","144","205","1197","6","5","4","3","4","17","1","29.10.12"
"320099","93","Київська область","спортивна школа, фойє
вул.40-років Перемоги, 10, м.Богуслав, Богуславський р-н, Київська обл., 09700","2004","672","1970","73","1268","64","1332","","0","1268","64","1332","25","1307","0","14","5","9","1","4","2","4","130","410","693","2","8","0","7","2","15","1","29.10.12"
"320100","93","Київська область","Вище професійне училище сфери послуг, фойє
вул.Миколаївська, 122, м.Богуслав, Богуславський р-н, Київська обл., 09700","2068","657","2047","24","1389","22","1411","","0","1389","22","1411","25","1386","7","21","6","5","1","8","10","3","72","190","1001","10","5","9","4","8","23","3","29.10.12"
"320101","93","Київська область","будинок культури, к.1
вул.Леніна, 2, с.Мисайлівка, Богуславський р-н, Київська обл., 09712","1412","314","1403","101","1005","93","1098","","0","1005","93","1098","3","1095","0","0","0","0","0","0","0","0","130","331","622","0","0","0","0","0","12","0","29.10.12"
"320102","93","Київська область","будинок культури, фойє
вул.Центральна, 6, с.Чайки, Богуславський р-н, Київська обл., 09713","316","58","315","20","238","20","258","","0","238","20","258","2","256","2","6","1","1","0","2","1","2","22","112","93","0","2","2","0","1","9","0","29.10.12"
"320103","93","Київська область","будинок культури, фойє
вул.Гагаріна, 76, с.Саварка, Богуславський р-н, Київська обл., 09710","708","134","694","77","500","74","574","","0","500","74","574","4","570","3","3","4","1","0","2","2","0","47","113","380","4","1","0","0","2","7","1","29.10.12"
"320104","93","Київська область","будинок культури, фойє
вул.Вишнева, 4, с.Синиця, Богуславський р-н, Київська обл., 09711","228","42","223","40","147","39","186","","0","147","39","186","6","180","0","1","1","0","0","2","2","1","20","45","107","1","0","0","0","0","0","0","29.10.12"
"320105","93","Київська область","будинок культури, актовий зал
вул.Леніна, 12А, с.Дибинці, Богуславський р-н, Київська обл., 09714","788","155","781","80","553","80","633","","0","553","80","633","8","625","1","0","2","4","0","0","5","1","42","189","364","1","2","0","4","4","6","0","30.10.12"
"320106","93","Київська область","будинок культури, актовий зал
вул.Корольова, 59А, с.Бородані, Богуславський р-н, Київська обл., 09714","172","44","169","28","109","19","128","","0","109","19","128","4","124","0","0","0","0","0","0","1","0","17","45","58","0","0","1","0","0","2","0","29.10.12"
"320107","93","Київська область","школа, фойє
вул.Кільцева, 27, с.Розкопанці, Богуславський р-н, Київська обл., 09715","708","166","699","39","504","38","542","","0","504","38","542","16","526","1","6","2","2","2","3","1","2","41","197","245","6","3","1","3","4","4","3","29.10.12"
"320108","93","Київська область","будинок культури, фойє
вул.Центральна, 2, с.Ісайки, Богуславський р-н, Київська обл., 09730","788","203","780","77","512","73","585","","0","512","73","585","16","569","0","2","0","3","0","1","6","4","78","172","281","1","3","0","0","1","13","4","29.10.12"
"320109","93","Київська область","будинок культури, актовий зал
вул.Шкільна, 2, с.Яцюки, Богуславський р-н, Київська обл., 09730","156","26","157","29","103","27","130","","0","103","27","130","3","127","0","0","0","0","0","1","0","1","3","60","60","0","0","0","0","0","2","0","29.10.12"
"320110","93","Київська область","сільська рада, актовий зал
вул.Центральна, 11, с.Бране Поле, Богуславський р-н, Київська обл., 09731","452","99","447","52","304","49","353","","0","304","49","353","9","344","0","3","3","1","2","0","1","3","63","106","138","5","1","2","1","0","13","2","29.10.12"
"320111","93","Київська область","будинок культури, фойє
вул.Центральна, 50А, с.Митаївка, Богуславський р-н, Київська обл., 09733","244","34","240","45","165","45","210","","0","165","45","210","2","208","0","0","0","0","0","0","0","0","6","27","175","0","0","0","0","0","0","0","29.10.12"
"320112","93","Київська область","будинок культури, фойє
вул.Леніна, 57, с.Побережка, Богуславський р-н, Київська обл., 09732","484","34","476","57","393","57","450","","0","393","57","450","7","443","0","10","0","0","0","0","0","0","11","11","402","0","0","9","0","0","0","0","29.10.12"
"320113","93","Київська область","будинок культури, фойє
вул.Першотравнева, 72, с.Закутенці, Богуславський р-н, Київська обл., 09732","336","30","328","58","250","56","306","","0","250","56","306","2","304","0","0","0","0","0","0","0","0","37","16","251","0","0","0","0","0","0","0","29.10.12"
"320114","93","Київська область","будинок культури, фойє
вул.Центральна, 22, с.Дібрівка, Богуславський р-н, Київська обл., 09751","132","24","135","16","93","15","108","","0","93","15","108","4","104","1","3","0","1","1","1","0","0","16","29","47","1","0","2","1","0","0","1","30.10.12"
"320115","93","Київська область","Товариство з обмеженою відповідальністю ""Агро-Богуславщина"", актовий зал
вул.Кірова, 166, с.Медвин, Богуславський р-н, Київська обл., 09751","572","106","559","69","397","69","466","","0","397","69","466","7","459","0","5","2","0","1","0","2","1","56","138","251","1","0","0","0","0","1","1","30.10.12"
"320116","93","Київська область","музична школа, каб.2
вул.Зарічок, 68, с.Медвин, Богуславський р-н, Київська обл., 09751","564","162","570","59","348","54","402","","0","348","54","402","3","399","2","2","2","0","0","1","2","0","54","89","231","5","1","1","2","1","6","0","29.10.12"
"320117","93","Київська область","будинок культури, фойє
вул.Леніна, 3, с.Медвин, Богуславський р-н, Київська обл., 09751","928","149","921","102","693","86","779","","0","693","86","779","13","766","0","3","2","0","1","3","0","2","39","198","500","7","3","0","0","0","5","3","29.10.12"
"320118","93","Київська область","дитячий садок, фойє
вул.Першотравнева, 26, с.Медвин, Богуславський р-н, Київська обл., 09751","592","151","584","54","401","40","441","","0","401","40","441","11","430","0","1","3","2","2","0","6","0","82","138","188","2","1","1","2","2","0","0","29.10.12"
"320119","93","Київська область","школа, актовий зал
вул.Пушкіна, 1, с.Щербашинці, Богуславський р-н, Київська обл., 09753","372","47","374","62","271","54","325","","0","271","54","325","9","316","3","4","2","2","2","2","4","2","45","103","133","1","2","1","1","4","1","4","30.10.12"
"320120","93","Київська область","школа, фойє
вул.Красилівка, 2, с.Дмитренки, Богуславський р-н, Київська обл., 09750","344","60","340","72","212","72","284","","0","212","72","284","2","282","0","7","0","0","0","0","0","0","81","64","126","0","0","0","0","0","4","0","29.10.12"
"320121","93","Київська область","будинок культури, фойє
вул.Диченка, 1, с.Гута, Богуславський р-н, Київська обл., 09750","172","36","168","36","101","35","136","","0","101","35","136","1","135","2","3","1","1","0","0","0","1","39","39","48","0","0","0","0","0","0","1","29.10.12"
"320122","93","Київська область","будинок культури, фойє
вул.Ковалівка, 24, с.Киданівка, Богуславський р-н, Київська обл., 09743","460","108","458","61","294","58","352","","0","294","58","352","4","348","0","3","1","2","1","1","3","2","26","113","187","2","1","0","4","1","0","1","29.10.12"
"320123","93","Київська область","школа, фойє
вул.Шкільна, 6, с.Біївці, Богуславський р-н, Київська обл., 09741","500","74","498","54","376","50","426","","0","376","50","426","0","426","0","1","1","1","1","0","0","0","32","98","290","0","1","0","0","1","0","0","29.10.12"
"320124","93","Київська область","сільська рада, актовий зал
вул.Шевченка, 4, с.Хохітва, Богуславський р-н, Київська обл., 09740","936","272","925","55","614","50","664","","0","614","50","664","13","651","1","3","1","4","1","1","3","1","53","238","329","1","4","1","1","0","8","1","29.10.12"
"320125","93","Київська область","бібліотека, к.2
вул.Вигін, 31, с.Івки, Богуславський р-н, Київська обл., 09740","132","22","136","10","101","9","110","","0","101","9","110","0","110","1","0","0","0","0","1","0","1","11","39","52","1","0","0","0","1","1","2","29.10.12"
"320126","93","Київська область","будинок культури, актовий зал
вул.Запорожця, 2, с.Тептіївка, Богуславський р-н, Київська обл., 09722","260","31","256","22","207","22","229","","0","207","22","229","1","228","0","2","1","1","0","1","0","1","24","35","153","1","1","1","0","1","6","0","29.10.12"
"320127","93","Київська область","будинок культури, актовий зал
вул.Шевченка, 2Б, с.Дешки, Богуславський р-н, Київська обл., 09722","104","9","102","20","75","20","95","","0","75","20","95","1","94","0","0","1","0","0","0","0","0","5","19","68","0","0","0","0","0","1","0","29.10.12"
"320128","93","Київська область","школа, фойє
вул.Шкільна, 1, с.Вільховець, Богуславський р-н, Київська обл., 09723","540","149","535","72","328","63","391","","0","328","63","391","8","383","1","2","1","0","2","1","1","1","29","80","243","3","4","3","4","0","8","0","29.10.12"
"320129","93","Київська область","будинок культури, актовий зал
вул.Нечуя Левицького, 17, с.Семигори, Богуславський р-н, Київська обл., 09723","228","43","220","34","151","34","185","","0","151","34","185","7","178","0","0","0","0","0","3","1","0","11","19","139","1","1","0","0","0","3","0","29.10.12"
"320130","93","Київська область","будинок культури, фойє
вул.Шевченка, 165, с.Москаленки, Богуславський р-н, Київська обл., 09742","292","75","288","27","190","27","217","","0","190","27","217","9","208","2","5","1","2","0","1","0","2","44","35","107","0","2","1","1","0","4","1","29.10.12"
"320131","93","Київська область","будинок культури, фойє
вул.Леніна, 192Б, с.Іванівка, Богуславський р-н, Київська обл., 09724","1128","491","1112","65","579","58","637","","0","579","58","637","26","611","2","5","8","4","3","6","5","4","55","170","312","4","4","3","4","3","16","3","29.10.12"
"320132","93","Київська область","будинок культури, фойє
вул.Шевченка, 65А, с.Михайлівка, Богуславський р-н, Київська обл., 09721","284","103","277","31","151","30","181","","0","151","30","181","12","169","3","1","2","0","0","1","2","3","29","46","75","1","1","0","0","3","2","0","29.10.12"
"320133","93","Київська область","будинок культури, актовий зал
вул.Перемоги, 15А, с.Туники, Богуславський р-н, Київська обл., 09720","116","10","119","14","93","13","106","","0","93","13","106","4","102","0","0","0","1","0","0","0","0","12","20","62","0","0","0","0","0","7","0","29.10.12"
"320134","93","Київська область","будинок культури, фойє
вул.Жовтнева, 5, с.Шупики, Богуславський р-н, Київська обл., 09720","420","98","407","27","295","27","322","","0","295","27","322","5","317","0","1","4","1","1","5","0","1","32","99","166","0","2","1","2","0","2","0","29.10.12"
"320135","93","Київська область","будинок культури, актовий зал
вул.Озерна, 10, с.Карандинці, Богуславський р-н, Київська обл., 09720","92","18","90","11","64","10","74","","0","64","10","74","3","71","0","0","0","0","0","0","0","0","9","20","40","0","0","0","0","0","2","0","29.10.12"
"320136","93","Київська область","Богуславська центральна районна лікарня, актовий зал
вул.Франка Івана, 27, м.Богуслав, Богуславський р-н, Київська обл., 09700","204","111","122","25","69","24","93","","0","69","24","93","0","93","0","1","1","1","0","0","0","0","7","28","50","1","0","1","1","1","1","0","29.10.12"
"320519","93","Київська область","школа №2, їдальня
вул.Воровського, 26, м.Кагарлик, Кагарлицький р-н, Київська обл., 09200","2352","987","2324","77","1302","63","1365","","0","1302","63","1365","53","1312","6","4","10","9","3","16","9","4","229","501","466","10","3","8","8","5","10","11","30.10.12"
"320520","93","Київська область","контора цукрового завода, актовий зал
вул.Воровського, 16, м.Кагарлик, Кагарлицький р-н, Київська обл., 09200","1708","783","1706","74","867","58","925","","0","867","58","925","23","902","7","3","8","10","5","7","6","4","137","380","286","14","5","4","6","2","9","9","29.10.12"
"320521","93","Київська область","ліцей, фойє
вул.Воровського, 1, м.Кагарлик, Кагарлицький р-н, Київська обл., 09200","2492","919","2474","85","1497","76","1573","","0","1497","76","1573","50","1523","9","2","12","5","4","13","13","6","190","676","522","19","7","9","5","4","16","11","29.10.12"
"320522","93","Київська область","будинок культури, фойє
вул.Незалежності, 12, м.Кагарлик, Кагарлицький р-н, Київська обл., 09200","2492","930","2470","36","1529","33","1562","","0","1529","33","1562","31","1531","10","7","20","14","3","11","20","7","234","639","478","12","13","10","11","6","24","12","29.10.12"
"320523","93","Київська область","школа №3, їдальня
вул.97 Стрілецької дивізії, 6, м.Кагарлик, Кагарлицький р-н, Київська обл., 09200","2468","982","2462","69","1444","42","1486","","0","1444","42","1486","28","1458","7","4","6","12","4","13","10","4","219","605","514","14","11","6","3","3","14","9","29.10.12"
"320524","93","Київська область","сільський клуб, актовий зал
вул.Придніпровська, 25, с.Балико-Щучинка, Кагарлицький р-н, Київська обл., 09234","340","96","337","39","208","36","244","","0","208","36","244","9","235","4","0","0","1","0","4","0","0","42","54","114","2","1","3","1","2","6","1","29.10.12"
"320525","93","Київська область","сільський клуб, актовий зал
вул.Радянська, 35, с.Уляники, Кагарлицький р-н, Київська обл., 09226","164","35","161","33","98","31","129","","0","98","31","129","1","128","1","0","0","0","0","0","0","0","21","46","58","1","1","0","0","0","0","0","29.10.12"
"320526","93","Київська область","сільська рада, актовий зал
вул.Бащенка, 3, с.Бендюгівка, Кагарлицький р-н, Київська обл., 09243","184","48","181","18","120","16","136","","0","120","16","136","10","126","1","0","0","0","2","1","1","1","23","31","62","1","1","0","0","0","0","2","29.10.12"
"320527","93","Київська область","будинок культури, фойє
вул.Леніна, 2, с.Бурти, Кагарлицький р-н, Київська обл., 09254","980","307","976","73","604","69","673","","0","604","69","673","15","658","4","3","10","1","2","1","5","3","96","240","268","6","0","4","2","1","8","4","29.10.12"
"320528","93","Київська область","фельдшерсько-акушерський пункт, к.2
вул.Садова, 1А, с.Очеретяне, Кагарлицький р-н, Київська обл., 09254","168","28","165","31","109","31","140","","0","109","31","140","6","134","2","1","0","0","1","0","4","0","6","43","73","1","0","0","1","1","0","1","29.10.12"
"320529","93","Київська область","школа, каб.1
вул.Центральна, 39, с.Великі Прицьки, Кагарлицький р-н, Київська обл., 09236","572","175","570","28","369","28","397","","0","369","28","397","13","384","0","3","3","3","0","4","1","1","65","75","214","2","1","0","0","2","6","4","30.10.12"
"320530","93","Київська область","будинок культури, актовий зал
вул.Загоруйка, 3, с.Горохове, Кагарлицький р-н, Київська обл., 09222","348","65","346","72","211","72","283","","0","211","72","283","5","278","1","2","1","0","1","3","1","2","41","59","158","0","5","0","0","2","2","0","29.10.12"
"320531","93","Київська область","сільський клуб, фойє
вул.Київська, 23, с.Горохуватка, Кагарлицький р-н, Київська обл., 09242","500","85","496","95","325","90","415","","0","325","90","415","1","414","3","1","2","1","0","1","2","1","39","111","235","0","4","0","1","1","11","1","02.11.12"
"320532","93","Київська область","будинок культури, зал засідань
вул.Київська, 22Б, с.Гребені, Кагарлицький р-н, Київська обл., 09211","416","118","411","77","221","77","298","","0","221","77","298","1","297","0","0","0","0","0","0","5","0","40","44","195","4","0","0","0","0","4","5","29.10.12"
"320533","93","Київська область","будинок культури, зал засідань
вул.Комсомольська, 10А, с.Демівщина, Кагарлицький р-н, Київська обл., 09215","348","82","348","38","228","38","266","","0","228","38","266","4","262","1","0","0","0","0","2","2","5","39","39","165","2","3","0","1","3","0","0","29.10.12"
"320534","93","Київська область","школа, фойє
вул.Центральна, 3, с.Жовтневе, Кагарлицький р-н, Київська обл., 09262","364","69","361","54","242","53","295","","0","242","53","295","8","287","2","3","4","3","1","5","0","6","60","67","122","1","1","2","0","2","5","3","29.10.12"
"320535","93","Київська область","сільська рада, кабі.1
вул.Незалежності, 1А, с.Зікрачі, Кагарлицький р-н, Київська обл., 09214","56","12","57","9","36","8","44","","0","36","8","44","0","44","0","0","0","0","1","0","0","0","6","8","25","0","0","1","0","0","3","0","29.10.12"
"320536","93","Київська область","будинок культури, зал засідань
вул.Олексієнка, 1А, с.Кадомка, Кагарлицький р-н, Київська обл., 09253","420","70","419","61","289","61","350","","0","289","61","350","3","347","0","0","2","0","0","0","0","2","35","76","220","1","1","2","1","1","6","0","29.10.12"
"320537","93","Київська область","школа, спортазал
вул.Червоноармійська, 11, с.Кузьминці, Кагарлицький р-н, Київська обл., 09232","492","125","487","38","329","38","367","","0","329","38","367","14","353","4","2","2","2","2","2","1","1","72","50","200","1","1","0","2","2","6","3","29.10.12"
"320538","93","Київська область","сільський клуб, актовий зал
вул.Радянська, 130Б, с.Леонівка, Кагарлицький р-н, Київська обл., 09221","220","48","218","21","152","20","172","","0","152","20","172","6","166","1","0","0","0","0","0","0","0","15","70","69","1","0","1","1","1","7","0","29.10.12"
"320539","93","Київська область","сільський клуб, актовий зал
вул.Комсомольська, 228А, с.Антонівка, Кагарлицький р-н, Київська обл., 09221","120","25","116","16","79","16","95","","0","79","16","95","3","92","0","0","0","1","0","0","0","0","9","34","45","1","1","0","0","0","1","0","29.10.12"
"320540","93","Київська область","будинок культури, фойє
вул.Леніна, 8, с.Липовець, Кагарлицький р-н, Київська обл., 09263","392","119","388","27","247","26","273","","0","247","26","273","9","264","3","3","0","3","0","3","2","1","34","107","98","1","2","1","2","0","4","0","29.10.12"
"320541","93","Київська область","сільська рада, актовий зал
вул.Леніна, 9, с.Ліщинка, Кагарлицький р-н, Київська обл., 09260","572","158","564","109","312","102","414","","0","312","102","414","6","408","1","2","1","0","0","1","2","4","70","44","267","1","2","0","3","2","7","1","29.10.12"
"320542","93","Київська область","будинок культури, фойє
вул.Гагаріна, 29, с.Мирівка, Кагарлицький р-н, Київська обл., 09241","940","193","931","148","610","137","747","","0","610","137","747","17","730","4","2","6","3","2","5","6","5","97","122","459","8","8","0","0","3","0","0","29.10.12"
"320543","93","Київська область","сільська бібліотека, актовий зал
пров.Шевченка, 1, с.Новосілки, Кагарлицький р-н, Київська обл., 09223","256","64","259","20","175","17","192","","0","175","17","192","4","188","1","1","2","2","2","3","0","2","56","64","47","2","1","0","0","2","1","2","29.10.12"
"320544","93","Київська область","будинок культури, фойє
вул.Площа Миру, 11, с.Переселення, Кагарлицький р-н, Київська обл., 09246","1180","380","1168","86","722","78","800","","0","722","78","800","23","777","5","3","3","2","2","5","6","9","89","279","349","7","1","1","2","4","8","2","30.10.12"
"320545","93","Київська область","сільська рада, зал засідань
вул.Леніна, 9, с.Півці, Кагарлицький р-н, Київська обл., 09251","320","69","315","21","230","21","251","","0","230","21","251","11","240","1","2","3","3","0","2","4","1","28","64","119","2","2","2","1","1","3","2","29.10.12"
"320546","93","Київська область","сільський клуб, фойє
вул.Павла Тичини, 4, с.Расавка, Кагарлицький р-н, Київська обл., 09261","132","11","134","20","104","17","121","","0","104","17","121","2","119","2","0","0","2","1","0","0","0","10","39","60","2","0","1","0","1","0","1","02.11.12"
"320547","93","Київська область","будинок культури, фойє
пл.Слави, 77, с.Слобода, Кагарлицький р-н, Київська обл., 09250","1364","362","1350","94","941","61","1002","","0","941","61","1002","11","991","3","0","2","0","0","7","9","6","117","227","620","0","0","0","0","0","0","0","29.10.12"
"320548","93","Київська область","будинок культури, фойє
вул.Центральна, 106А, с.Стави, Кагарлицький р-н, Київська обл., 09245","1048","314","1033","103","650","84","734","","0","650","84","734","25","709","2","2","3","3","2","9","9","2","153","212","273","9","4","2","4","2","11","7","29.10.12"
"320549","93","Київська область","будинок культури, фойє
вул.Київська, 42А, с.Стайки, Кагарлицький р-н, Київська обл., 09210","1488","586","1470","96","816","86","902","","0","816","86","902","14","888","21","2","4","5","2","5","6","4","149","239","436","3","1","0","0","3","6","2","29.10.12"
"320550","93","Київська область","сільський клуб, фойє
вул.Шевченка, 21Б, с.Стрітівка, Кагарлицький р-н, Київська обл., 09212","420","126","407","53","243","51","294","","0","243","51","294","11","283","3","2","6","4","0","3","4","5","41","90","118","1","1","1","0","1","1","2","29.10.12"
"320551","93","Київська область","сільська рада, зал засідань
вул.Трохименка, 1А, с.Сущани, Кагарлицький р-н, Київська обл., 09240","384","113","379","30","244","27","271","","0","244","27","271","10","261","2","2","2","1","0","0","1","1","39","52","152","2","2","1","1","1","2","0","29.10.12"
"320552","93","Київська область","школа, спортзал
вул.Леніна, 5, с.Халча, Кагарлицький р-н, Київська обл., 09213","488","127","485","60","310","51","361","","0","310","51","361","9","352","0","0","0","0","0","0","0","0","47","133","172","0","0","0","0","0","0","0","29.10.12"
"320553","93","Київська область","школа, фойє
вул.Чапаєва, 1, с.Черняхів, Кагарлицький р-н, Київська обл., 09220","832","296","826","116","433","103","536","","0","433","103","536","28","508","6","3","2","5","3","2","6","6","92","159","191","6","2","3","2","4","10","6","29.10.12"
"320554","93","Київська область","сільська рада, зал засідань
вул.Червоноармійська, 7А, с.Шпендівка, Кагарлицький р-н, Київська обл., 09244","444","88","436","66","295","61","356","","0","295","61","356","6","350","2","2","2","2","2","1","9","2","58","115","134","5","6","1","1","3","2","3","29.10.12"
"320555","93","Київська область","будинок культури, фойє
вул.Фалкова, 70А, с.Шубівка, Кагарлицький р-н, Київська обл., 09264","460","70","443","78","313","77","390","","0","313","77","390","9","381","1","0","3","0","0","1","0","1","26","44","299","2","0","0","0","2","2","0","29.10.12"
"320556","93","Київська область","сільський клуб, фойє
вул.Шевченка, 2А, с.Землянка, Кагарлицький р-н, Київська обл., 09264","128","0","138","33","104","24","128","","0","104","24","128","6","122","0","0","0","1","0","0","2","0","12","17","85","1","1","1","1","0","1","0","29.10.12"
"320557","93","Київська область","дитячий садок, фойє
вул.Жовтнева, 10А, с.Яблунівка, Кагарлицький р-н, Київська обл., 09252","188","34","186","11","144","10","154","","0","144","10","154","2","152","0","0","1","0","0","0","1","0","8","28","105","2","2","0","0","0","3","2","29.10.12"
"320558","93","Київська область","Кагарлицька виправна колонія №115, актовий зал
вул.Незалежності, 1, с.Зікрачі, Кагарлицький р-н, Київська обл., 09214","184","3","181","0","181","0","181","","0","181","0","181","2","179","0","1","1","0","0","0","0","0","2","4","168","0","2","0","0","0","1","0","29.10.12"
"320696","93","Київська область","філія Миронівського районного дорожнього управління, актова зала
вул.Польова, 5, м.Миронівка, Миронівський р-н, Київська обл., 08800","720","304","704","14","408","8","416","","0","408","8","416","14","402","2","1","4","4","1","1","2","9","36","160","161","4","6","1","1","0","6","3","30.10.12"
"320697","93","Київська область","будинок творчості, актова зала
вул.Леніна, 117, м.Миронівка, Миронівський р-н, Київська обл., 08800","2376","254","2344","44","2084","38","2122","","0","2084","38","2122","44","2078","3","10","8","10","3","8","21","21","148","571","1203","14","13","4","3","4","25","9","29.10.12"
"320698","93","Київська область","районний палац культури, фойє
вул.Леніна, 60, м.Миронівка, Миронівський р-н, Київська обл., 08800","2424","453","2397","28","1947","24","1971","","0","1947","24","1971","39","1932","1","6","10","4","2","11","5","17","143","574","1071","19","8","15","7","4","24","11","29.10.12"
"320699","93","Київська область","міська рада, зала для засідань
вул.Леніна, 48, м.Миронівка, Миронівський р-н, Київська обл., 08800","1128","465","1107","12","651","12","663","","0","651","12","663","9","654","0","1","3","9","2","3","3","4","54","247","305","7","2","3","1","1","6","3","29.10.12"
"320700","93","Київська область","школа №3, фойє
вул.40-річчя Перемоги, 33, м.Миронівка, Миронівський р-н, Київська обл., 08800","1552","117","1555","57","1388","47","1435","","0","1388","47","1435","36","1399","2","2","7","6","0","3","11","11","154","397","754","15","7","0","2","4","19","5","29.10.12"
"320701","93","Київська область","автоагрегатний завод, актова зала
вул.Коцюбинського, 10, м.Миронівка, Миронівський р-н, Київська обл., 08800","856","67","839","38","754","35","789","","0","754","35","789","14","775","4","6","1","2","0","3","3","3","91","165","478","3","5","2","3","1","3","2","29.10.12"
"320702","93","Київська область","школа №1, фойє
вул.Чкалова, 54, м.Миронівка, Миронівський р-н, Київська обл., 08800","2024","116","2007","68","1843","65","1908","","0","1843","65","1908","24","1884","1","2","6","9","4","4","8","8","107","664","1024","14","7","2","5","5","9","5","29.10.12"
"320703","93","Київська область","магазин, торгова зала
вул.Макарова, 1, с.Нова Олександрівка, м.Миронівка, Миронівський р-н, Київська обл., 08800","80","33","79","3","44","3","47","","0","44","3","47","1","46","0","1","3","1","1","0","0","0","4","15","16","1","1","0","0","1","2","0","29.10.12"
"320704","93","Київська область","навчально-виховне об’єднання школа-сад, хол, 1-й поверх
вул.Шевченка, 27, с.Вікторівка, Миронівський р-н, Київська обл., 08830","420","155","414","46","219","46","265","","0","219","46","265","9","256","0","1","0","0","0","1","2","2","46","114","82","2","0","2","1","0","2","1","29.10.12"
"320705","93","Київська область","школа, спортзал
вул.Леніна, 199, с.Владиславка, Миронівський р-н, Київська обл., 08842","1440","513","1430","74","860","67","927","","0","860","67","927","24","903","0","0","8","0","0","0","0","3","101","302","473","0","0","0","0","7","9","0","29.10.12"
"320706","93","Київська область","сільська рада, актова зала
вул.Леніна, 27, с.Грушів, Миронівський р-н, Київська обл., 08812","408","130","401","21","258","20","278","","0","258","20","278","11","267","3","5","4","1","2","1","5","0","42","101","89","1","3","0","2","2","5","1","05.11.12"
"320707","93","Київська область","будинок культури, зала
вул.Котовського, 9, с.Ведмедівка, Миронівський р-н, Київська обл., 08812","156","21","155","17","120","15","135","","0","120","15","135","6","129","1","0","0","3","0","0","1","0","8","56","50","0","1","0","1","1","6","1","29.10.12"
"320708","93","Київська область","оздоровчий лікувальний пансіонат ""Ходорів"", актова зала
вул.Леніна, 59, с.Ходорів, Миронівський р-н, Київська обл., 08813","76","10","75","7","59","7","66","","0","59","7","66","1","65","2","0","2","0","0","0","0","0","6","19","36","0","0","0","0","0","0","0","29.10.12"
"320709","93","Київська область","будинок культури, танцювальна зала
вул.Леніна, 4А, с.Ємчиха, Миронівський р-н, Київська обл., 08852","364","93","361","39","233","38","271","","0","233","38","271","7","264","0","0","0","0","0","0","7","0","45","102","105","0","0","0","0","1","4","0","29.10.12"
"320710","93","Київська область","школа, вестибюль
вул.Радянська, 1, с.Зеленьки, Миронівський р-н, Київська обл., 08832","880","435","866","60","386","59","445","","0","386","59","445","18","427","2","0","5","3","2","3","7","5","85","123","166","0","3","0","2","4","13","4","29.10.12"
"320711","93","Київська область","будинок культури, вестибюль
вул.Хотя Чередника, 2, с.Зеленьки, Миронівський р-н, Київська обл., 08832","520","197","517","34","292","31","323","","0","292","31","323","10","313","0","0","0","0","0","0","1","0","50","124","130","0","0","0","0","3","5","0","29.10.12"
"320712","93","Київська область","будинок культури, обрядова зала
вул.Незалежності, 36, с.Карапиші, Миронівський р-н, Київська обл., 08841","2176","607","2157","192","1428","141","1569","","0","1428","141","1569","22","1547","3","9","4","3","2","3","11","4","216","384","857","9","7","3","2","7","16","7","29.10.12"
"320713","93","Київська область","будинок культури, хол
вул.Леніна, 26, с.Кип’ячка, Миронівський р-н, Київська обл., 08821","660","217","653","55","392","51","443","","0","392","51","443","4","439","0","0","0","2","0","0","0","1","93","34","305","0","0","0","0","1","3","0","28.10.12"
"320714","93","Київська область","будинок культури, глядацька зала
вул.Шевченка, 2, с.Козин, Миронівський р-н, Київська обл., 08851","948","255","929","66","629","64","693","","0","629","64","693","21","672","1","2","0","6","0","4","17","5","66","91","455","4","1","0","3","3","12","2","29.10.12"
"320715","93","Київська область","сільський клуб, хол
вул.Шкільна, 13, с.Салів, Миронівський р-н, Київська обл., 08851","188","58","196","19","113","17","130","","0","113","17","130","6","124","1","0","1","0","0","1","2","0","19","41","51","4","0","0","1","1","2","0","29.10.12"
"320716","93","Київська область","сільський клуб, актова зала
вул.Гагаріна, сільський клуб, с.Коритище, Миронівський р-н, Київська обл., 08825","164","35","163","21","108","21","129","","0","108","21","129","1","128","0","1","0","0","0","1","2","2","13","50","56","0","1","0","0","1","1","0","29.10.12"
"320717","93","Київська область","сільська рада, зала для засідань
вул.Ворошилова, 2А, с.Македони, Миронівський р-н, Київська обл., 08820","580","170","568","89","322","88","410","","0","322","88","410","10","400","1","1","2","1","0","1","1","4","32","85","265","0","2","0","0","1","3","1","30.10.12"
"320718","93","Київська область","сільський клуб, хол
вул.Леніна, 19, с.Малий Букрин, Миронівський р-н, Київська обл., 08810","160","31","161","26","107","22","129","","0","107","22","129","3","126","0","0","1","0","0","0","0","2","13","28","80","0","0","0","0","0","2","0","29.10.12"
"320719","93","Київська область","фельдшерський пункт, каб.2
вул.Шевченка, 13, с.Великий Букрин, Миронівський р-н, Київська обл., 08810","52","10","53","12","31","11","42","","0","31","11","42","1","41","0","0","0","0","0","0","0","0","4","4","32","0","1","0","0","0","0","0","29.10.12"
"320720","93","Київська область","аграрний технікум імені П.Х.Гаркавого, хол
вул.Незалежності, 66, с.Маслівка, Миронівський р-н, Київська обл., 08850","592","185","582","42","365","42","407","","0","365","42","407","9","398","0","1","3","2","0","0","60","1","104","70","141","1","0","1","0","2","12","0","29.10.12"
"320721","93","Київська область","будинок культури, хол
вул.Незалежності, 121, с.Маслівка, Миронівський р-н, Київська обл., 08850","636","46","634","55","544","46","590","","0","544","46","590","13","577","0","1","0","2","0","0","25","2","112","105","316","5","2","0","0","3","3","1","30.10.12"
"320722","93","Київська область","навчально-виховне об’єднання школа-сад, вестибюль
вул.Леніна, 11, с.Олександрівка, Миронівський р-н, Київська обл., 08834","424","117","424","62","249","58","307","","0","249","58","307","11","296","0","0","1","0","0","0","0","1","25","135","121","2","1","0","0","2","7","1","29.10.12"
"320723","93","Київська область","будинок культури, вестибюль
вул.Жовтнева, 58Б, с.Пії, Миронівський р-н, Київська обл., 08811","836","273","823","64","500","63","563","","0","500","63","563","16","547","5","2","4","3","2","2","4","4","80","177","239","5","3","0","3","4","7","3","29.10.12"
"320724","93","Київська область","сільський клуб, актова зала
вул.Набережна, 14, с.Липовий Ріг, Миронівський р-н, Київська обл., 08811","180","25","183","23","132","23","155","","0","132","23","155","1","154","2","1","0","1","0","0","1","0","10","42","88","2","1","0","0","0","4","2","29.10.12"
"320725","93","Київська область","публічне акціонерне товариство ""Миронівське"", зала для засідань
вул.Леніна, 14, с.Польове, Миронівський р-н, Київська обл., 08833","392","121","390","19","256","15","271","","0","256","15","271","6","265","1","1","0","1","3","1","2","2","35","52","154","2","4","3","1","0","3","0","29.10.12"
"320726","93","Київська область","будинок культури, мала зала
вул.Леніна, 7, с.Потік, Миронівський р-н, Київська обл., 08824","848","308","840","74","469","71","540","","0","469","71","540","1","539","0","4","0","2","0","0","0","0","86","137","306","0","2","0","0","0","2","0","29.10.12"
"320727","93","Київська область","будинок культури, зала для урочистостей
вул.Леніна, 26, с.Пустовіти, Миронівський р-н, Київська обл., 08840","908","45","903","73","795","68","863","","0","795","68","863","21","842","3","6","4","1","1","3","2","7","94","264","435","2","3","2","5","2","7","1","29.10.12"
"320728","93","Київська область","сільська рада, магазин
вул.Леніна, 2, с.Росава, Миронівський р-н, Київська обл., 08835","1108","145","1101","16","947","16","963","","0","947","16","963","22","941","0","2","5","3","0","1","1","27","79","258","529","5","3","2","1","2","23","0","29.10.12"
"320729","93","Київська область","школа, спортзал
вул.Леніна, 55А, с.Росава, Миронівський р-н, Київська обл., 08835","708","192","701","22","495","21","516","","0","495","21","516","13","503","1","2","2","1","1","1","2","0","39","168","268","6","3","0","1","2","5","1","29.10.12"
"320730","93","Київська область","сільський клуб, фойє
вул.12-Липня, 23, с.Тулинці, Миронівський р-н, Київська обл., 08822","244","60","237","24","160","24","184","","0","160","24","184","5","179","0","0","0","0","0","0","2","0","28","44","99","2","2","0","1","0","1","0","29.10.12"
"320731","93","Київська область","школа, хол
вул.Центральна, 25, с.Центральне, Миронівський р-н, Київська обл., 08853","1580","133","1563","58","1399","48","1447","","0","1399","48","1447","34","1413","4","1","6","6","5","8","11","4","82","388","778","10","2","5","6","2","93","2","30.10.12"
"320732","93","Київська область","сільська рада, актова зала
вул.Комсомольська, 100, с.Шандра, Миронівський р-н, Київська обл., 08823","676","301","677","86","297","78","375","","0","297","78","375","5","370","2","0","2","5","2","0","2","1","26","118","190","3","4","3","1","1","7","3","29.10.12"
"320733","93","Київська область","будинок культури, танцювальна зала
вул.Першотравнева, 11Б, с.Юхни, Миронівський р-н, Київська обл., 08843","532","161","529","35","340","31","371","","0","340","31","371","16","355","1","0","5","3","2","1","1","3","57","132","130","2","1","4","3","3","3","4","29.10.12"
"320734","93","Київська область","товариство з обмеженою відповідальністю ""Комплекс Агромарс"", зала для засідань, 2-й поверх
вул.Кооперативна, 2, с.Яхни, Миронівський р-н, Київська обл., 08854","600","130","594","32","442","28","470","","0","442","28","470","19","451","1","5","3","3","0","1","13","2","40","176","184","5","4","2","2","1","6","3","29.10.12"
"320735","93","Київська область","фельдшерський пунк, маніпуляційний кабінет
вул.Жовтнева, 32, с.Микитяни, Миронівський р-н, Київська обл., 08854","200","42","203","16","142","16","158","","0","142","16","158","2","156","1","1","0","0","0","0","1","1","31","58","55","1","1","0","1","1","3","1","30.10.12"
"320736","93","Київська область","Миронівська центральна районна лікарня, поліклінічне відділення, кабінет профоглядів, 1-й поверх
вул.Комсомольська, 96, м.Миронівка, Миронівський р-н, Київська обл., 08800","196","161","55","9","26","9","35","","0","26","9","35","0","35","0","0","0","0","0","1","0","1","2","7","23","0","0","0","0","0","1","0","28.10.12"
"320832","93","Київська область","районний будинок культури, фойє
вул.Першотравнева, 10, смт Рокитне, Рокитнянський р-н, Київська обл., 09600","2196","919","2172","33","1252","25","1277","","0","1252","25","1277","33","1244","4","9","0","8","0","7","5","1","140","563","462","11","7","3","2","3","16","3","29.10.12"
"320833","93","Київська область","школа №3, галерея
вул.Леніна, 13, смт Рокитне, Рокитнянський р-н, Київська обл., 09600","2312","874","2306","43","1401","37","1438","","0","1401","37","1438","50","1388","0","2","6","5","0","5","4","4","173","502","549","18","11","12","4","4","24","65","29.10.12"
"320834","93","Київська область","школа №1, галерея
вул.Вокзальна, 46, смт Рокитне, Рокитнянський р-н, Київська обл., 09600","2136","845","2117","65","1237","54","1291","","0","1237","54","1291","42","1249","0","0","8","4","2","6","8","3","117","600","394","15","5","5","8","1","22","51","30.10.12"
"320835","93","Київська область","школа №5, галерея
вул.Піщана, 6, смт Рокитне, Рокитнянський р-н, Київська обл., 09600","1808","753","1790","43","1028","27","1055","","0","1028","27","1055","28","1027","2","1","6","2","3","2","4","1","134","481","311","10","6","5","2","3","11","43","29.10.12"
"320836","93","Київська область","школа №4, спортивний зал
вул.Юннатів, 4, смт Рокитне, Рокитнянський р-н, Київська обл., 09600","524","206","528","30","298","20","318","","0","298","20","318","8","310","1","1","3","1","1","3","4","2","31","123","118","2","1","0","2","2","3","12","03.11.12"
"320837","93","Київська область","селищний будинок культури, фойє
вул.Ентузіастів, 5, смт Рокитне, Рокитнянський р-н, Київська обл., 09600","1344","548","1337","6","790","6","796","","0","790","6","796","26","770","0","0","4","3","1","5","9","4","69","355","243","4","7","5","4","3","16","38","29.10.12"
"320838","93","Київська область","Бирюківський будинок культури, фойє
вул.Леніна, 17, с.Бирюки, Рокитнянський р-н, Київська обл., 09630","452","124","442","61","274","54","328","","0","274","54","328","14","314","3","0","1","3","2","2","3","1","120","97","66","2","0","2","0","1","0","11","29.10.12"
"320839","93","Київська область","продуктовий магазин, зала
вул.Пархоменка, 13А, с.Пугачівка, Рокитнянський р-н, Київська обл., 09630","244","52","245","37","158","34","192","","0","158","34","192","11","181","0","1","1","0","0","3","2","0","24","63","77","2","3","1","1","0","2","1","29.10.12"
"320840","93","Київська область","Бушевський сільський клуб, концертна зала
вул.Лісова, 4А, с.Бушеве, Рокитнянський р-н, Київська обл., 09643","552","172","554","33","347","33","380","","0","347","33","380","13","367","0","0","2","5","0","2","2","3","30","135","153","0","6","0","3","0","7","19","29.10.12"
"320841","93","Київська область","Житньогірська сільська рада, актовий зал
вул.Леніна, 40, с.Житні Гори, Рокитнянський р-н, Київська обл., 09611","1592","533","1588","118","955","104","1059","","0","955","104","1059","38","1021","1","1","0","6","0","0","5","7","192","325","445","5","2","0","4","4","4","20","29.10.12"
"320842","93","Київська область","Запрудянське навчально-виробниче об’єднання, фойє
вул.Шевченка, 8, с.Запруддя, Рокитнянський р-н, Київська обл., 09620","860","398","857","36","431","31","462","","0","431","31","462","26","436","1","3","4","2","1","1","2","2","34","157","209","3","3","2","2","2","4","4","29.10.12"
"320843","93","Київська область","Луб’янська сільська рада, зал засідань
вул.Перемоги, 1, с.Луб’янка, Рокитнянський р-н, Київська обл., 09641","216","76","222","30","116","24","140","","0","116","24","140","3","137","0","0","2","3","2","0","0","2","10","53","51","3","2","0","2","0","7","0","29.10.12"
"320844","93","Київська область","клуб с.Першотравневе, фойє
вул.Садова, 26, с.Першотравневе, Рокитнянський р-н, Київська обл., 09638","188","48","190","4","136","4","140","","0","136","4","140","8","132","0","0","0","1","0","0","1","0","7","57","61","1","0","0","0","0","1","3","29.10.12"
"320845","93","Київська область","Маківський навчально-виховний комплекс, фойє
вул.Леніна, 1, с.Маківка, Рокитнянський р-н, Київська обл., 09621","280","73","274","38","172","35","207","","0","172","35","207","2","205","0","1","0","0","0","0","0","3","47","82","64","0","0","0","0","0","4","4","29.10.12"
"320846","93","Київська область","відділок ""Ромашки"" товариства з додатковою відповідальністю ""Синявське"", зал засідань
вул.Радянська, 61, с.Петрівське, Рокитнянський р-н, Київська обл., 09621","300","93","309","21","186","21","207","","0","186","21","207","2","205","0","0","4","3","2","1","1","0","40","46","95","1","1","1","2","2","0","6","29.10.12"
"320847","93","Київська область","школа, вестибюль
вул.Леніна, 38А, с.Насташка, Рокитнянський р-н, Київська обл., 09633","1356","599","1382","80","689","68","757","","0","689","68","757","27","730","1","1","2","2","1","2","8","0","91","365","223","5","4","3","0","0","15","7","29.10.12"
"320848","93","Київська область","школа, коридор
вул.Леніна, 112, с.Ольшаниця, Рокитнянський р-н, Київська обл., 09635","836","342","837","59","444","50","494","","0","444","50","494","7","487","1","0","0","0","1","1","0","0","26","200","253","2","0","1","1","0","0","1","29.10.12"
"320849","93","Київська область","Ольшаницький будинок культури, фойє
вул.Рокитнянська, 66Б, с.Ольшаниця, Рокитнянський р-н, Київська обл., 09635","1352","565","1297","45","744","43","787","","0","744","43","787","19","768","2","11","5","11","5","0","7","10","98","218","337","13","6","7","2","4","19","13","29.10.12"
"320850","93","Київська область","Острівський будинок культури, урочистий зал
вул.Леніна, 18/2, с.Острів, Рокитнянський р-н, Київська обл., 09631","792","238","797","32","523","31","554","","0","523","31","554","7","547","2","4","1","1","0","7","1","1","109","168","225","1","2","2","2","2","7","12","29.10.12"
"320851","93","Київська область","школа, галерея
вул.Вербова, 63А, с.Острів, Рокитнянський р-н, Київська обл., 09631","640","219","638","28","397","24","421","","0","397","24","421","7","414","1","2","2","0","0","3","4","0","71","97","212","4","1","0","2","1","1","13","29.10.12"
"320852","93","Київська область","Довгалівський сільський клуб, урочистий зал
вул.Лісова, 2/1, Довгалівське, Рокитнянський р-н, Київська обл., 09632","280","59","282","31","194","27","221","","0","194","27","221","7","214","0","2","1","2","0","2","0","0","33","93","64","2","3","2","1","1","1","7","29.10.12"
"320853","93","Київська область","Ромашківський будинок культури, фойє
вул.Леніна, 23А, с.Ромашки, Рокитнянський р-н, Київська обл., 09623","536","127","543","41","368","41","409","","0","368","41","409","5","404","0","0","0","2","1","2","3","2","64","88","218","7","0","1","5","1","4","6","29.10.12"
"320854","93","Київська область","Бакумівський будинок культури, фойє
вул.Перемоги, 54А, с.Бакумівка, Рокитнянський р-н, Київська обл., 09638","320","89","323","24","207","24","231","","0","207","24","231","1","230","0","0","0","0","0","0","0","1","21","38","162","2","0","0","0","0","2","4","29.10.12"
"320855","93","Київська область","Савинецьке навчально-виробниче об’єднання, фойє
вул.Леніна, 3, с.Савинці, Рокитнянський р-н, Київська обл., 09610","808","146","806","72","598","64","662","","0","598","64","662","25","637","0","0","4","5","0","2","0","4","113","195","290","6","0","1","4","7","3","3","29.10.12"
"320856","93","Київська область","школа, вестибюль
вул.Шевченка, 1, с.Синява, Рокитнянський р-н, Київська обл., 09634","1324","557","1310","64","709","58","767","","0","709","58","767","42","725","1","0","3","3","0","6","4","1","95","287","227","2","3","4","1","1","15","72","29.10.12"
"320857","93","Київська область","Синявський будинок культури, фойє
вул.Шевченка, 2, с.Синява, Рокитнянський р-н, Київська обл., 09634","1336","509","1334","77","752","75","827","","0","752","75","827","21","806","1","2","3","2","1","8","2","0","127","343","249","1","2","3","4","1","4","53","29.10.12"
"320858","93","Київська область","ПАФ ""Україна"", актовий зал
вул.Радянська, 61, с.Телешівка, Рокитнянський р-н, Київська обл., 09622","944","422","942","66","458","64","522","","0","458","64","522","32","490","1","2","3","0","1","5","4","0","41","184","213","8","4","2","1","3","6","12","29.10.12"
"320859","93","Київська область","клуб с.Калинівка, вестибюль
вул.Молодіжна, клуб, с.Калинівка, Рокитнянський р-н, Київська обл., 09639","332","121","327","4","208","3","211","","0","208","3","211","2","209","1","0","2","0","0","0","1","1","24","74","99","3","2","0","1","0","0","1","29.10.12"
"320860","93","Київська область","школа, вестибюль
вул.Перемоги, 4, с.Шарки, Рокитнянський р-н, Київська обл., 09638","500","175","499","14","311","14","325","","0","311","14","325","3","322","0","3","2","4","0","3","2","0","31","141","117","2","0","1","4","0","6","6","29.10.12"
"320861","93","Київська область","Рокитнянська ЦРЛ, актовий зал
вул.Вокзальна, 86, смт Рокитне, Рокитнянський р-н, Київська обл., 09600","104","60","44","23","21","23","44","","0","21","23","44","1","43","0","0","0","1","0","0","0","0","6","15","19","0","0","0","0","0","1","1","29.10.12"
"321338","93","Київська область","школа №4, 1-й поверх
вул.Новокиївське шосе, 2, м.Переяслав-Хмельницький, Київська обл., 08401","1616","636","1615","65","932","48","980","","0","932","48","980","17","963","1","3","8","4","1","8","4","1","129","358","332","13","58","4","5","3","25","6","29.10.12"
"321339","93","Київська область","Державний педагогічний університет ім.Г.Сковороди, корпус №2, 1-й поверх
вул.Сухомлинського, 30, м.Переяслав-Хмельницький, Київська обл., 08401","1376","647","1366","29","702","27","729","","0","702","27","729","24","705","2","1","7","6","1","2","3","3","74","272","255","11","40","2","2","2","16","6","29.10.12"
"321340","93","Київська область","курси цивільної оборони, зал для навчання
вул.Новокиївське шосе, 46, м.Переяслав-Хмельницький, Київська обл., 08401","1132","476","1142","38","622","34","656","","0","622","34","656","18","638","2","1","5","4","0","1","5","4","63","219","276","5","32","2","2","4","10","3","29.10.12"
"321341","93","Київська область","школа №1, 1-й поверх
вул.Гімназійна, 1, м.Переяслав-Хмельницький, Київська обл., 08400","840","307","835","16","520","13","533","","0","520","13","533","12","521","2","0","7","2","0","1","1","1","72","218","172","2","28","7","3","1","4","0","29.10.12"
"321342","93","Київська область","школа №2, 1-й поверх
вул.Московська, 4, м.Переяслав-Хмельницький, Київська обл., 08400","1624","666","1604","39","924","34","958","","0","924","34","958","23","935","1","1","5","4","1","2","3","1","161","309","333","9","66","3","6","4","20","6","29.10.12"
"321343","93","Київська область","школа №2, 1-й поверх
вул.Богдана Хмельницького, 30, м.Переяслав-Хмельницький, Київська обл., 08400","1076","426","1066","32","622","28","650","","0","622","28","650","14","636","2","1","6","1","1","3","10","3","103","246","172","5","50","3","3","4","19","4","29.10.12"
"321344","93","Київська область","гімназія, вестибюль
вул.Шевченка, 20, м.Переяслав-Хмельницький, Київська обл., 08400","988","356","972","88","567","65","632","","0","567","65","632","20","612","1","0","1","2","0","0","1","0","83","253","197","9","51","1","1","2","5","5","29.10.12"
"321345","93","Київська область","школа №3, 1-й поверх
вул.Ярмаркова, 31, м.Переяслав-Хмельницький, Київська обл., 08400","672","210","671","21","443","19","462","","0","443","19","462","11","451","1","0","4","1","0","0","2","0","72","161","159","3","29","2","4","0","12","1","28.10.12"
"321346","93","Київська область","насіннєва інспекція, вестибюль
вул.Ярмаркова, 51В, м.Переяслав-Хмельницький, Київська обл., 08400","852","318","851","26","511","23","534","","0","511","23","534","10","524","1","1","2","3","1","0","3","0","61","213","189","3","28","1","2","5","8","3","29.10.12"
"321347","93","Київська область","ліцей-інтернат, вестибюль
вул.М.Грушевського, 49, м.Переяслав-Хмельницький, Київська обл., 08400","1900","742","1886","51","1122","36","1158","","0","1122","36","1158","30","1128","1","2","9","8","5","8","1","2","161","491","303","12","85","3","1","3","29","4","29.10.12"
"321348","93","Київська область","товариство з обмеженою відповідальністю ""Родень"", каб.1, 2
вул.Паризької Комуни, 24А, м.Переяслав-Хмельницький, Київська обл., 08400","1420","493","1406","34","895","32","927","","0","895","32","927","17","910","2","2","4","4","2","7","4","5","121","440","235","5","45","2","2","5","18","7","29.10.12"
"321349","93","Київська область","будинок культури, зал відпочинку
вул.Артема, 14, м.Переяслав-Хмельницький, Київська обл., 08400","844","340","855","27","478","26","504","","0","478","26","504","11","493","0","2","4","0","0","3","2","2","59","137","243","7","18","1","1","2","10","2","02.11.12"
"321350","93","Київська область","школа №7, 1-й поверх
вул.Пугачова, 2, м.Переяслав-Хмельницький, Київська обл., 08400","2012","814","1993","26","1176","22","1198","","0","1176","22","1198","29","1169","2","2","8","6","0","25","1","3","90","432","454","17","92","8","6","5","12","6","29.10.12"
"321351","93","Київська область","відкрите акціонерне товариство ""Будівельник 14"", зал засідань
вул.Альтицька, 2, м.Переяслав-Хмельницький, Київська обл., 08400","1412","565","1402","10","842","5","847","","0","842","5","847","35","812","3","0","7","8","2","1","6","0","74","384","213","8","72","1","3","6","17","7","29.10.12"
"321352","93","Київська область","центр професійно технічної освіти №22, 1-й поверх
вул.Можайська, 5, м.Переяслав-Хмельницький, Київська обл., 08400","1460","536","1454","19","912","12","924","","0","912","12","924","34","890","5","3","5","7","0","5","6","1","110","356","254","18","79","6","3","5","21","6","29.10.12"
"321353","93","Київська область","дитячо-юнацька спортивна школа, каб.1, 2
вул.Оболонна, 2В, м.Переяслав-Хмельницький, Київська обл., 08400","1576","634","1556","19","926","16","942","","0","926","16","942","19","923","3","2","6","6","1","6","10","0","113","414","247","7","70","6","5","5","18","4","29.10.12"
"321354","93","Київська область","Переяслав-Хмельницька центральна районна лікарня, 1-й поверх
вул.Богдана Хмельницького, 137, м.Переяслав-Хмельницький, Київська обл., 08400","380","152","387","15","214","14","228","","0","214","14","228","7","221","0","2","1","1","0","0","0","0","30","96","64","3","11","2","0","0","8","3","29.10.12"
"321355","93","Київська область","""Міськсвітло"", каб.2
вул.Богдана Хмельницького, 182, м.Переяслав-Хмельницький, Київська обл., 08400","1188","434","1181","21","733","21","754","","0","733","21","754","16","738","3","2","5","6","2","2","2","2","71","365","201","12","42","2","1","5","6","9","29.10.12"
"321356","93","Київська область","школа №5, актовий зал
вул.Космонавтів, 22, м.Переяслав-Хмельницький, Київська обл., 08400","1116","425","1106","14","680","11","691","","0","680","11","691","21","670","2","1","1","4","1","0","2","0","74","358","169","7","31","2","1","0","13","4","29.10.12"
"321357","93","Київська область","автотранспортне підприємство, актовий зал
вул.Героїв Дніпра, 32, м.Переяслав-Хмельницький, Київська обл., 08400","740","246","753","23","475","19","494","","0","475","19","494","4","490","2","3","3","5","2","5","4","4","60","204","155","5","27","0","1","2","7","1","29.10.12"
"321358","93","Київська область","будинок культури, зал відпочинку
вул.Героїв Дніпра, 52, м.Переяслав-Хмельницький, Київська обл., 08400","520","158","517","10","352","10","362","","0","352","10","362","9","353","2","0","1","3","0","2","0","2","47","152","122","3","12","0","1","2","4","0","29.10.12"
"321359","93","Київська область","Переяслав-Хмельницька центральна районна лікарня, лікувальний корпус, 1-й поверх
вул.Богдана Хмельницького, 137, м.Переяслав-Хмельницький, Київької обл., 08400","296","229","75","21","50","17","67","","0","50","17","67","0","67","1","2","0","0","0","0","0","1","7","16","29","0","5","1","1","1","3","0","29.10.12"
"321360","93","Київська область","Ржищівський гуманітарний коледж, актовий зал
вул.Шевченка, 9, м.Ржищів, Київська обл., 09230","2264","801","2256","49","1414","49","1463","","0","1413","49","1462","35","1427","5","3","5","8","1","4","5","4","210","557","538","6","6","13","8","2","47","5","30.10.12"
"321361","93","Київська область","будинок культури, зал 1-й поверх
вул.ІІІ Інтернаціоналу, 24А, м.Ржищів, Київська обл., 09230","1788","602","1773","175","1041","145","1186","","0","1041","145","1186","42","1144","7","2","7","7","7","2","4","1","131","407","476","10","6","23","4","4","40","6","29.10.12"
"321362","93","Київська область","школа №1, вестибюль
вул.1-го Травня, 10, м.Ржищів, Київська обл., 09230","1676","582","1662","53","1042","52","1094","","0","1042","52","1094","20","1074","4","3","11","6","3","5","7","4","123","430","392","9","3","12","3","4","49","6","30.10.12"
"321363","93","Київська область","Ржищівський будівельний технікум, фойє
вул.Воровського, 1, м.Ржищів, Київська обл., 09230","388","46","401","7","336","6","342","","0","336","6","342","2","340","0","0","0","3","1","2","1","0","24","83","215","2","0","5","0","1","2","1","30.10.12"
