"№ ВД","OBO","Назва регіону України","Місцезнаходження та адреса приміщення для голосування","1) К-сть одержаних бюлетенів","2) К-сть невикористаних бюлетенів","3) К-сть виборців, внесених до списку виборців","4) К-сть виборців, внесених до витягу зі списку виборців","5) К-сть виборців, які отримали бюлетені у приміщенні","6) К-сть виборців, які отримали за місцем перебування","7) Сумарна к-сть виборців, які отримали бюлетені","8) К-сть бюлетенів, що виявилися у кожній скринці","9) К-сть бюлетенів, що не підлягають врахуванню","10) К-сть виборців, які взяли участь у голос. у приміщенні для гол.","11) К-сть виборців, які взяли участь у голос. за місцем перебування","12) К-сть виборців, які взяли участь у голосуванні на виборчій дільниці","13) К-сть бюлетенів, визнаних недійсними","14) Сумарна к-сть голосів виборців ЗА","Бойко
Володимир
Михайлович","Василенко
Борис
Олексійович","Вєтрова
Ірина
Вікторівна","Єрьоменко
Олег
Анатолійович","Коваленко
Едуард
Володимирович","Мартиненко
Олег
Анатолійович","Ніколаєнко
Станіслав
Миколайович","Опанащенко
Михайло
Володимирович","Пінаєв
Олександр
Вікторович","Сопрун
Сергій
Іванович","Тарановський
Анатолій
Федорович","Хлань
Сергій
Володимирович","Яковенко
Андрій
Олександрович","Ячменьов
Володимир
Миколайович","Дата підписання протоколу"
"650141","185","Херсонська область","фельшерсько-акушерський пункт, фойє
вул.Петровського, 27, с.Вишневе, Верхньорогачицький р-н, Херсонська обл., 74405","108","32","104","25","51","25","76","","0","51","25","76","5","71","1","3","1","0","2","2","21","28","1","0","11","1","0","0","29.10.12"
"650142","185","Херсонська область","селищний будинок культури №3, фойє
вул.Радянська, 7, смт Верхній Рогачик, Верхньорогачицький р-н, Херсонська обл., 74402","348","112","337","24","212","24","236","","0","212","24","236","7","229","6","8","7","2","0","0","89","53","7","3","26","18","0","10","29.10.12"
"650143","185","Херсонська область","селищний будинок культури №2, фойє
вул.Українська, 124, смт Верхній Рогачик, Верхньорогачицький р-н, Херсонська обл., 74402","510","123","508","47","341","46","387","","0","341","46","387","7","380","1","8","2","8","0","1","103","125","3","1","41","73","2","12","29.10.12"
"650144","185","Херсонська область","селищний будинок культури №1, фойє
вул.Калініна, 60, смт Верхній Рогачик, Верхньорогачицький р-н, Херсонська обл., 74402","624","208","616","30","388","28","416","","0","388","28","416","9","407","3","16","8","8","0","2","119","148","10","3","43","34","0","13","29.10.12"
"650145","185","Херсонська область","приміщення СТОВ ""Таврія"", фойє
вул.Шевченко, 101, смт Верхній Рогачик, Верхньорогачицький р-н, Херсонська обл., 74402","936","310","918","58","571","55","626","","0","571","55","626","18","608","8","26","5","8","3","5","174","244","11","3","50","60","1","10","29.10.12"
"650146","185","Херсонська область","районний будинок культури, фойє
вул.Ювілейна, 47, смт Верхній Рогачик, Верхньорогачицький р-н, Херсонська обл., 74402","1584","521","1569","91","982","81","1063","","0","982","81","1063","10","1053","12","67","14","14","2","4","284","354","36","1","148","64","1","52","29.10.12"
"650147","185","Херсонська область","приміщення колишньої гімназії, спортивний зал
вул.Кірова, 110, смт Верхній Рогачик, Верхньорогачицький р-н, Херсонська обл., 74402","804","250","788","65","490","64","554","","0","490","64","554","8","546","3","31","16","6","3","2","158","183","7","6","65","38","1","27","29.10.12"
"650148","185","Херсонська область","сільський клуб, фойє
вул.Леніна, 33Б, с.Бережанка, Верхньорогачицький р-н, Херсонська обл., 74420","354","90","353","19","249","15","264","","0","249","15","264","6","258","3","7","3","19","1","3","21","78","4","0","37","77","2","3","29.10.12"
"650149","185","Херсонська область","приміщення колишнього кафе, велика кімната
вул.Карла Маркса, 52Б, с.Михайлівка, Верхньорогачицький р-н, Херсонська обл., 74420","198","61","196","15","122","15","137","","0","122","15","137","5","132","2","4","0","0","0","0","27","45","3","0","24","26","1","0","29.10.12"
"650150","185","Херсонська область","колишній дитячий садок, актова зала
вул.Комсомольська, 47, с.Новознам’янка, Верхньорогачицький р-н, Херсонська обл., 74422","150","43","150","15","93","14","107","","0","93","14","107","2","105","2","16","0","2","0","1","15","41","1","0","17","5","1","4","30.10.12"
"650151","185","Херсонська область","фельшерсько-акушерський пункт, фойє
вул.Радянська, 56, с.Георгіївка, Верхньорогачицький р-н, Херсонська обл., 74431","90","19","89","5","66","5","71","","0","66","5","71","1","70","1","3","0","0","0","0","14","29","1","1","4","15","1","1","29.10.12"
"650152","185","Херсонська область","сільський клуб, фойє
вул.Корбута, 39, с.Зелене, Верхньорогачицький р-н, Херсонська обл., 74440","456","124","455","25","307","25","332","","0","307","25","332","12","320","7","15","9","5","4","4","62","101","6","2","41","54","2","8","29.10.12"
"650153","185","Херсонська область","сільська рада, актова зала, 2-й поверх
вул.Гагаріна, 2, с.Первомаївка, Верхньорогачицький р-н, Херсонська обл., 74430","984","439","967","72","486","59","545","","0","486","59","545","20","525","13","23","15","20","3","6","98","105","12","2","91","99","8","30","29.10.12"
"650154","185","Херсонська область","кафе ""Аіст"", велика зала
вул.Щорса, 1А, с.Пролетарій, Верхньорогачицький р-н, Херсонська обл., 74430","132","40","131","10","84","8","92","","0","84","8","92","6","86","3","4","5","3","0","3","25","26","2","5","3","5","0","2","29.10.12"
"650155","185","Херсонська область","сільський клуб, фойє
вул.Українська, 32, с.Павлівка, Верхньорогачицький р-н, Херсонська обл., 74410","204","45","205","25","139","20","159","","0","139","20","159","1","158","3","2","3","14","0","4","49","50","2","1","6","21","0","3","28.10.12"
"650156","185","Херсонська область","сільська рада, фойє
просп.Леніна, 8, с.Самійлівка, Верхньорогачицький р-н, Херсонська обл., 74441","420","91","419","47","289","40","329","","0","289","40","329","3","326","0","4","4","38","2","6","105","76","6","0","22","54","0","9","29.10.12"
"650157","185","Херсонська область","сільський клуб, фойє
вул.Резніченка, 75, с.Ушкалка, Верхньорогачицький р-н, Херсонська обл., 74410","648","183","645","81","393","72","465","","0","393","72","465","15","450","2","8","4","2","3","3","60","210","14","1","49","84","2","8","29.10.12"
"650158","185","Херсонська область","сільський клуб, фойє
вул.40років Перемоги, 29, с.Нижній Рогачик, Верхньорогачицький р-н, Херсонська обл., 74412","144","28","141","11","105","11","116","","0","105","11","116","5","111","1","22","2","9","0","1","10","37","6","0","14","6","1","2","29.10.12"
"650159","185","Херсонська область","сільський клуб, фойє
вул.Степова, 4, с.Бабине, Верхньорогачицький р-н, Херсонська обл., 74411","120","26","115","17","80","14","94","","0","80","14","94","1","93","1","1","1","2","1","0","35","43","1","1","2","3","1","1","29.10.12"
"650160","185","Херсонська область","сільський клуб, фойє
вул.Леніна, 9, с.Чистопілля, Верхньорогачицький р-н, Херсонська обл., 74431","390","152","385","14","225","13","238","","0","225","13","238","5","233","3","9","6","3","2","2","95","26","5","0","15","59","0","8","29.10.12"
"650161","185","Херсонська область","майстерня, к.1
вул.Ювілейна, 503, с.Олексіївка, Верхньорогачицький р-н, Херсонська обл., 74431","126","36","125","7","84","6","90","","0","84","6","90","2","88","8","3","3","0","1","0","28","30","1","0","13","1","0","0","29.10.12"
"650162","185","Херсонська область","сільський клуб, фойє
вул.Суворова, 5, с.Кожум’яки, Верхньорогачицький р-н, Херсонська обл., 74431","96","29","97","0","67","0","67","","0","67","0","67","1","66","2","8","3","0","0","1","8","27","0","0","4","11","2","0","29.10.12"
"650183","185","Херсонська область","вечірня школа, класна кімната
вул.Володарського, 15, м.Генічеськ, Генічеський р-н, Херсонська обл., 75500","852","434","850","13","411","7","418","","0","411","7","418","10","408","2","0","1","3","27","1","72","109","119","10","36","15","1","12","29.10.12"
"650184","185","Херсонська область","будинок культури, фойє
вул.Червоного Жовтня, 4, м.Генічеськ, Генічеський р-н, Херсонська обл., 75500","1116","529","1106","16","576","11","587","","0","576","11","587","12","575","5","7","4","4","75","1","64","166","161","12","38","30","0","8","29.10.12"
"650185","185","Херсонська область","школа естетичного виховання, концертна зала
просп.Миру, 47, м.Генічеськ, Генічеський р-н, Херсонська обл., 75500","1590","879","1580","19","694","17","711","","0","694","17","711","25","686","11","6","1","5","57","1","129","173","208","10","50","31","0","4","29.10.12"
"650186","185","Херсонська область","гімназія, фойє
вул.Гоголя, 26, м.Генічеськ, Генічеський р-н, Херсонська обл., 75500","1836","909","1833","15","914","13","927","","0","914","13","927","22","905","7","9","5","4","81","5","142","205","310","9","58","53","2","15","29.10.12"
"650187","185","Херсонська область","школа-інтернат, фойє
вул.Гоголя, 86, м.Генічеськ, Генічеський р-н, Херсонська обл., 75500","2358","1228","2341","11","1120","10","1130","","0","1120","10","1130","31","1099","10","11","13","3","93","2","200","273","324","24","90","42","2","12","29.10.12"
"650188","185","Херсонська область","професійно-технічне училище №27, фойє
вул.Ковпака, 36, м.Генічеськ, Генічеський р-н, Херсонська обл., 75500","2070","1183","2049","12","881","6","887","","0","881","6","887","29","858","9","9","8","10","71","1","182","172","284","12","54","35","2","9","29.10.12"
"650189","185","Херсонська область","кінотеатр ""Росія"", фойє
вул.Леніна, 3, м.Генічеськ, Генічеський р-н, Херсонська обл., 75500","1410","842","1386","17","555","13","568","","0","555","13","568","10","558","7","11","6","2","27","2","95","141","183","7","44","12","4","17","29.10.12"
"650190","185","Херсонська область","школа №4, фойє
вул.Карла Маркса, 5, м.Генічеськ, Генічеський р-н, Херсонська обл., 75500","1362","737","1351","21","607","18","625","","0","607","18","625","15","610","8","10","8","4","23","1","101","172","174","7","63","14","2","23","29.10.12"
"650191","185","Херсонська область","філіал Херсонського НТУ, фойє
вул.Леніна, 196, м.Генічеськ, Генічеський р-н, Херсонська обл., 75500","1176","642","1171","22","512","22","534","","0","512","22","534","15","519","9","4","5","5","34","0","75","150","138","18","50","21","1","9","29.10.12"
"650192","185","Херсонська область","школа №3, фойє
вул.Курасова, 1, м.Генічеськ, Генічеський р-н, Херсонська обл., 75500","1008","518","1110","6","486","4","490","","0","486","4","490","6","484","5","6","5","4","32","1","74","138","139","12","32","30","1","5","29.10.12"
"650193","185","Херсонська область","професійно-технічне училище №17, фойє
вул.Паризької Комуни, 88, м.Генічеськ, Генічеський р-н, Херсонська обл., 75500","1848","1052","1810","3","793","3","796","","0","793","3","796","22","774","14","10","7","1","43","1","167","179","233","12","41","50","2","14","29.10.12"
"650194","185","Херсонська область","школа №1, фойє
вул.30 років Жовтня, 25, смт Новоолексіївка, Генічеський р-н, Херсонська обл., 75560","1428","905","1421","16","513","10","523","","0","513","10","523","19","504","2","4","6","6","31","3","87","112","106","5","41","75","2","24","29.10.12"
"650195","185","Херсонська область","школа №2, фойє
вул.Червоноармійська, 17А, смт Новоолексіївка, Генічеський р-н, Херсонська обл., 75560","1392","827","1374","31","549","16","565","","0","549","16","565","16","549","3","8","9","9","42","82","1","120","87","2","46","109","31","0","29.10.12"
"650196","185","Херсонська область","будинок культури, фойє
вул.Червоноармійська, 13, смт Новоолексіївка, Генічеський р-н, Херсонська обл., 75560","1590","918","1555","15","663","9","672","","0","663","9","672","17","655","18","19","9","4","41","4","115","152","109","4","32","121","4","23","29.10.12"
"650197","185","Херсонська область","професійно-технічне училище №23, їдальня
вул.Мічуріна, 28, смт Новоолексіївка, Генічеський р-н, Херсонська обл., 75560","1392","807","1384","52","546","39","585","","0","546","39","585","21","564","9","15","8","9","25","2","144","116","70","6","41","91","2","26","29.10.12"
"650198","185","Херсонська область","селищна рада, актова зала
вул.Червоноармійська, 15, смт Новоолексіївка, Генічеський р-н, Херсонська обл., 75560","1368","878","1374","9","484","6","490","","0","484","6","490","4","486","10","9","5","7","46","2","71","112","86","6","12","101","0","19","29.10.12"
"650199","185","Херсонська область","школа, фойє
вул.Петровського, 17, смт Партизани, Генічеський р-н, Херсонська обл., 75550","1212","670","1202","19","526","16","542","","0","526","16","542","21","521","14","5","6","8","6","1","58","146","56","2","86","112","4","17","29.10.12"
"650200","185","Херсонська область","МГП ""Селищкомунгосп"", актова зала
вул.Червонопрапорна, 93, смт Партизани, Генічеський р-н, Херсонська обл., 75550","1314","729","1300","14","573","12","585","","0","573","12","585","27","558","7","7","7","11","12","1","40","139","51","9","117","145","10","2","29.10.12"
"650201","185","Херсонська область","школа, актова зала
вул.Леніна, 35, с.Догмарівка, Генічеський р-н, Херсонська обл., 75551","636","280","629","21","336","20","356","","0","336","20","356","12","344","6","5","4","3","1","2","48","86","30","6","44","101","5","3","29.10.12"
"650202","185","Херсонська область","початкова школа, спортивна зала
вул.Гагаріна, 42, с.Москаленка, Генічеський р-н, Херсонська обл., 75553","174","75","172","0","99","0","99","","0","99","0","99","0","99","1","1","0","0","1","1","12","30","6","1","27","14","1","4","06.11.12"
"650203","185","Херсонська область","школа, фойє
вул.Пушкіна, 15, с.Новогригорівка, Генічеський р-н, Херсонська обл., 75540","834","446","827","23","365","23","388","","0","365","23","388","18","370","3","9","6","2","8","0","103","73","61","0","39","62","2","2","29.10.12"
"650204","185","Херсонська область","ПСП ""Новогригорівське"", актова зала
вул.Комсомольська, 22, с.Новогригорівка, Генічеський р-н, Херсонська обл., 75540","762","365","759","12","386","11","397","","0","386","11","397","11","386","5","5","8","0","11","3","80","78","57","1","39","89","1","9","29.10.12"
"650205","185","Херсонська область","школа, актова зала
вул.Шкільна, 15, с.Новодмитрівка, Генічеський р-н, Херсонська обл., 75566","906","443","900","47","422","41","463","","0","422","41","463","15","448","1","8","7","4","3","1","92","145","85","3","38","46","3","12","29.10.12"
"650206","185","Херсонська область","школа, класна кімната
вул.Калініна, 1, с.Новоіванівка, Генічеський р-н, Херсонська обл., 75523","228","87","226","4","137","4","141","","0","137","4","141","3","138","2","0","0","1","3","0","51","61","3","0","7","9","1","0","29.10.12"
"650207","185","Херсонська область","сільська рада, актова зала
вул.Леніна, 61, с.Озеряни, Генічеський р-н, Херсонська обл., 75542","360","178","351","3","179","3","182","","0","179","3","182","11","171","2","1","6","6","3","2","53","50","26","0","7","13","0","2","29.10.12"
"650208","185","Херсонська область","колишній магазин, торгова зала
вул.Октябрська, 20, с.Новий Азов, Генічеський р-н, Херсонська обл., 75543","126","55","128","3","68","3","71","","0","68","3","71","1","70","1","0","0","3","0","0","11","0","9","11","9","26","0","0","06.11.12"
"650209","185","Херсонська область","будинок культури, фойє
вул.Кірова, 118В, с.Павлівка, Генічеський р-н, Херсонська обл., 75510","1122","568","1111","23","534","20","554","","0","534","20","554","18","536","3","6","7","3","12","4","78","132","97","3","24","157","3","7","29.10.12"
"650210","185","Херсонська область","школа, фойє
вул.Зарічна, 1, с.Петрівка, Генічеський р-н, Херсонська обл., 75511","1290","662","1291","66","566","62","628","","0","566","62","628","16","612","13","8","10","5","9","0","120","185","111","6","74","60","2","9","29.10.12"
"650211","185","Херсонська область","школа, спортивна зала
вул.Молодіжна, 1, с.Плавське, Генічеський р-н, Херсонська обл., 75520","678","249","678","39","392","37","429","","0","392","37","429","5","424","1","3","8","3","4","1","90","129","47","3","28","96","1","10","29.10.12"
"650212","185","Херсонська область","школа, актова зала
вул.Шевченко, 22, с-ще Привільне, Генічеський р-н, Херсонська обл., 75512","666","274","663","35","357","35","392","","0","357","35","392","13","379","4","0","4","2","5","2","91","96","45","1","48","79","1","1","29.10.12"
"650213","185","Херсонська область","початкова школа, спортивна зала
вул.Шевченка, 9, с.Велетнівка, Генічеський р-н, Херсонська обл., 75513","192","57","192","9","126","9","135","","0","126","9","135","6","129","1","0","1","0","0","1","8","36","12","2","9","53","0","6","28.10.12"
"650214","185","Херсонська область","школа, фойє
вул.Шевченко, 31, с.Рівне, Генічеський р-н, Херсонська обл., 75530","522","204","518","20","299","19","318","","0","299","19","318","2","316","6","8","3","3","6","2","86","86","45","1","45","17","1","7","29.10.12"
"650215","185","Херсонська область","будинок культури, фойє
вул.Шевченка, 29, с.Рівне, Генічеський р-н, Херсонська обл., 75530","522","247","521","6","269","6","275","","0","269","6","275","4","271","2","4","1","6","5","1","80","73","49","0","17","18","3","12","29.10.12"
"650216","185","Херсонська область","фельдшерсько-акушерський пункт, актова зала
вул.Центральна, 14, с.Новий Мир, Генічеський р-н, Херсонська обл., 75532","186","65","190","7","116","5","121","","0","116","5","121","4","117","0","0","2","0","12","0","7","31","10","0","9","41","3","2","29.10.12"
"650217","185","Херсонська область","школа, спортивна зала
вул.Шкільна, 1, с.Сокологірне, Генічеський р-н, Херсонська обл., 75521","810","390","805","33","387","33","420","","0","387","33","420","18","402","4","3","5","7","14","4","50","126","51","4","36","78","8","12","29.10.12"
"650218","185","Херсонська область","школа, спортивна зала
вул.Карла Маркса, 52, с.Стокопані, Генічеський р-н, Херсонська обл., 75545","618","226","621","33","361","31","392","","0","361","31","392","9","383","7","0","0","3","13","2","74","144","36","0","33","67","1","3","29.10.12"
"650219","185","Херсонська область","будинок культури, фойє
вул.Леніна, 105Д, с.Стрілкове, Генічеський р-н, Херсонська обл., 75583","1104","494","1096","49","563","47","610","","0","563","47","610","16","594","9","13","4","13","61","2","80","162","66","11","78","60","7","28","28.10.12"
"650220","185","Херсонська область","ТОВ ""Дніпро"", актова зала
вул.Леніна, 8, с.Фрунзе, Генічеський р-н, Херсонська обл., 75546","1182","642","1170","30","512","28","540","","0","512","28","540","13","527","1","3","4","4","19","1","63","126","131","3","48","108","2","14","29.10.12"
"650221","185","Херсонська область","будинок культури, фойє
вул.Миру, 38, с.Фрунзе, Генічеський р-н, Херсонська обл., 75546","942","504","936","35","405","33","438","","0","405","33","438","8","430","3","7","8","9","15","2","61","118","76","1","30","88","4","8","29.10.12"
"650222","185","Херсонська область","школа, фойє
вул.Леніна, 7, с.Червонопрапорне, Генічеський р-н, Херсонська обл., 75517","468","185","463","8","275","8","283","","0","275","8","283","4","279","3","1","3","1","5","2","53","81","50","4","12","60","0","4","29.10.12"
"650223","185","Херсонська область","школа-сад, фойє
вул.Шкільна, 1А, с.Семихатка, Генічеський р-н, Херсонська обл., 75568","396","124","398","18","254","18","272","","0","254","18","272","4","268","6","2","0","0","1","10","24","70","29","5","34","82","0","5","29.10.12"
"650224","185","Херсонська область","Приміщення магазину, торгова зала
вул.Ювілейна, 54, с.Ясна Поляна, Генічеський р-н, Херсонська обл., 75517","84","27","88","0","57","0","57","","0","57","0","57","1","56","0","0","0","0","8","24","1","0","3","0","4","14","0","2","29.10.12"
"650225","185","Херсонська область","залізничний вокзал, приміщення вокзалу
вул.Привокзальна, 1, с.Салькове, Генічеський р-н, Херсонська обл., 75517","66","23","75","0","43","0","43","","0","43","0","43","4","39","1","2","1","1","1","0","3","21","2","0","3","4","0","0","28.10.12"
"650226","185","Херсонська область","будинок культури, зала
вул.Гагаріна, 19А, с.Чонгар, Генічеський р-н, Херсонська обл., 75570","990","372","978","32","586","32","618","","0","586","32","618","19","599","10","12","6","4","3","1","44","106","210","3","116","74","2","8","29.10.12"
"650227","185","Херсонська область","школа-сад, спортивна зала
вул.Лермонтова, 2А, с.Новий Труд, Генічеський р-н, Херсонська обл., 75571","156","50","161","7","100","6","106","","0","100","6","106","3","103","3","2","3","2","3","1","7","12","13","0","10","47","0","0","29.10.12"
"650228","185","Херсонська область","ПП ПОП ""Чонгар"", їдальня
вул.Комсомольська, 40, с.Миколаївка, Генічеський р-н, Херсонська обл., 75572","426","175","420","14","238","13","251","","0","238","13","251","1","250","3","7","1","3","2","0","30","52","32","1","20","94","1","4","29.10.12"
"650229","185","Херсонська область","початкова школа, актова зала
вул.Леніна, 41/4, с.Атамань, Генічеський р-н, Херсонська обл., 75573","252","99","250","8","145","8","153","","0","145","8","153","4","149","1","2","5","1","1","1","16","43","17","1","6","50","2","3","29.10.12"
"650230","185","Херсонська область","школа-сад, актова зала
вул.Молодіжна, 20, с-ще Сиваш, Генічеський р-н, Херсонська обл., 75574","168","69","166","7","92","7","99","","0","92","7","99","8","91","4","0","0","0","0","0","5","44","11","1","2","21","0","3","29.10.12"
"650231","185","Херсонська область","будинок культури, кінозала
вул.Леніна, 24А, с.Щасливцеве, Генічеський р-н, Херсонська обл., 75580","1218","644","1206","11","566","8","574","","0","566","8","574","14","560","6","10","8","1","88","3","59","96","214","9","23","26","5","12","29.10.12"
"650232","185","Херсонська область","сільський клуб, глядацька зала
вул.Азовська, 45Д, с.Генічеська Гірка, Генічеський р-н, Херсонська обл., 75581","444","213","443","1","230","1","231","","0","230","1","231","8","223","1","3","3","0","26","1","25","27","103","7","14","9","1","3","29.10.12"
"650233","185","Херсонська область","школа-сад, ігрова кімната
вул.Заводська, 6, с-ще Приозерне, Генічеський р-н, Херсонська обл., 75582","210","95","207","6","110","5","115","","0","110","5","115","4","111","2","0","0","2","5","0","17","53","17","1","6","7","0","1","29.10.12"
"650234","185","Херсонська область","школа, фойє
вул.Шабовти, 20, с.Щорсівка, Генічеський р-н, Херсонська обл., 75554","1038","490","1038","20","531","17","548","","0","531","17","548","9","539","5","3","8","4","11","5","74","131","82","9","145","51","2","9","29.10.12"
"650306","185","Херсонська область","гімназія, актова зала, 2-й поверх
вул.Енгельса, 9, смт Іванівка, Іванівський р-н, Херсонська обл., 75401","1830","793","1816","28","1010","27","1037","","0","1010","27","1037","26","1011","7","62","19","21","15","4","298","203","90","8","163","84","1","36","29.10.12"
"650307","185","Херсонська область","школа №2, актова зала, 2-й поверх
вул.Стаханова, 142Б, смт Іванівка, Іванівський р-н, Херсонська обл., 75401","1170","582","1155","24","564","24","588","","0","564","24","588","19","569","8","14","11","4","11","4","125","122","37","2","89","109","4","29","29.10.12"
"650308","185","Херсонська область","школа, спортивна зала
вул.Щорса, 161, смт Іванівка, Іванівський р-н, Херсонська обл., 75401","804","359","805","5","440","5","445","","0","440","5","445","23","422","5","20","12","8","7","3","97","107","23","4","86","31","2","17","29.10.12"
"650309","185","Херсонська область","сільська рада, актова зала
вул.Леніна, 17, с.Дружбівка, Іванівський р-н, Херсонська обл., 75411","396","148","393","25","226","22","248","","0","226","22","248","5","243","5","2","5","1","3","1","55","62","6","1","30","61","3","8","29.10.12"
"650310","185","Херсонська область","будинок культури, фойє
вул.Гагаріна, 84, с.Новомиколаївка, Іванівський р-н, Херсонська обл., 75410","360","130","352","19","212","18","230","","0","212","18","230","5","225","8","2","5","1","1","4","105","46","4","1","25","16","0","7","29.10.12"
"650311","185","Херсонська область","сільська рада, актова зала
вул.Степова, 1, с.Українське, Іванівський р-н, Херсонська обл., 75430","360","153","352","13","195","12","207","","0","195","12","207","5","202","2","1","3","2","1","0","49","61","13","2","11","54","1","2","29.10.12"
"650312","185","Херсонська область","будинок культури, обрядова зала
вул.ім.Гагаріна, 27, с.Першотравневе, Іванівський р-н, Херсонська обл., 75412","420","146","418","26","248","26","274","","0","248","26","274","13","261","7","15","11","2","4","0","66","71","2","1","46","29","0","7","29.10.12"
"650313","185","Херсонська область","сільська рада, актова зала
вул.Урицького, 12, с.Шотівка, Іванівський р-н, Херсонська обл., 75421","654","257","648","28","370","27","397","","0","370","27","397","11","386","5","7","8","1","5","1","108","121","9","1","45","64","3","8","29.10.12"
"650314","185","Херсонська область","будинок культури, актова зала
вул.Шкільна, 6, с.Трохимівка, Іванівський р-н, Херсонська обл., 75420","672","249","672","24","399","24","423","","0","399","24","423","23","400","6","14","10","5","2","3","91","96","27","2","66","68","1","9","29.10.12"
"650315","185","Херсонська область","сільська рада, фойє
вул.Резніка, 20А, с.Балашове, Іванівський р-н, Херсонська обл., 75424","336","103","339","13","222","11","233","","0","222","11","233","7","226","2","12","10","0","3","2","47","70","4","0","28","42","3","3","29.10.12"
"650316","185","Херсонська область","будинок культури, фойє
вул.Пушкіна, 70, с.Благодатне, Іванівський р-н, Херсонська обл., 75440","672","256","662","39","377","39","416","","0","377","39","416","9","407","6","5","14","1","2","4","71","22","123","2","56","61","4","36","06.11.12"
"650317","185","Херсонська область","будинок культури, глядацька зала
вул.Леніна, 14А, с.Новодмитрівка Друга, Іванівський р-н, Херсонська обл., 75441","834","331","828","22","481","22","503","","0","481","22","503","16","487","9","18","15","2","5","1","71","140","8","7","110","77","2","22","29.10.12"
"650318","185","Херсонська область","школа, актова зала
вул.Радянська, 2, с.Фрунзе, Іванівський р-н, Херсонська обл., 75422","1008","515","995","26","469","24","493","","0","469","24","493","22","471","6","17","16","11","5","6","135","84","31","9","90","37","3","21","29.10.12"
"650319","185","Херсонська область","сільська рада, обрядова зала
вул.Миру, 53, с.Любимівка, Іванівський р-н, Херсонська обл., 75443","600","208","595","20","372","20","392","","0","372","20","392","7","385","3","1","4","36","6","1","85","166","20","1","34","21","2","5","29.10.12"
"650320","185","Херсонська область","будинок культури, танцювальна зала
вул.Щорса, 1, с.Воскресенка, Іванівський р-н, Херсонська обл., 75442","702","260","692","29","413","29","442","","0","413","29","442","11","431","9","13","10","4","5","2","127","91","5","4","76","73","3","9","29.10.12"
"650321","185","Херсонська область","будинок культури, фойє
вул.Леніна, 25, с.Нововасилівка, Іванівський р-н, Херсонська обл., 75432","588","238","573","12","338","12","350","","0","338","12","350","16","334","6","6","13","0","4","3","124","61","16","3","55","27","0","16","29.10.12"
"650322","185","Херсонська область","сільська рада, актова зала
вул.Леніна, 1, с.Новосеменівка, Іванівський р-н, Херсонська обл., 75431","372","144","375","15","215","13","228","","0","215","13","228","8","220","1","3","1","0","2","0","64","27","17","1","14","86","1","3","29.10.12"
"650341","185","Херсонська область","будинок культури, фойє
вул.Леніна, 36, смт Любимівка, Каховський р-н, Херсонська обл., 74822","2340","1167","2324","37","1138","35","1173","","0","1138","35","1173","30","1143","15","47","18","30","6","14","98","379","10","3","153","326","6","38","29.10.12"
"650342","185","Херсонська область","школа, хол
вул.Крупської, 52, смт Любимівка, Каховський р-н, Херсонська обл., 74822","2130","1089","2112","35","1008","33","1041","","0","1008","33","1041","24","1017","12","37","10","24","6","5","95","303","10","2","79","399","7","28","29.10.12"
"650343","185","Херсонська область","будинок культури, зал
вул.Карла Маркса, 24, с.Василівка, Каховський р-н, Херсонська обл., 74820","1164","540","1156","38","593","31","624","","0","593","31","624","11","613","2","18","2","13","0","0","35","62","0","1","45","427","4","4","29.10.12"
"650344","185","Херсонська область","школа, каб.1
вул.Мелітопольська, 41, с.Комишанка, Каховський р-н, Херсонська обл., 74802","198","75","197","10","115","8","123","","0","115","8","123","1","122","0","7","2","1","1","1","5","40","1","0","17","46","1","0","29.10.12"
"650345","185","Херсонська область","сільський клуб, фойє
вул.Леніна, 36, с.Софіївка, Каховський р-н, Херсонська обл., 74821","468","181","463","13","274","13","287","","0","274","13","287","3","284","1","2","2","3","1","2","12","54","0","1","21","184","0","1","29.10.12"
"650346","185","Херсонська область","будинок культури, зал
вул.М.Денисової, 36, с-ще Волинське, Каховський р-н, Херсонська обл., 74851","486","223","474","11","252","11","263","","0","252","11","263","4","259","1","5","4","1","1","1","8","65","2","1","17","150","1","2","29.10.12"
"650347","185","Херсонська область","будинок культури, фойє
вул.Белінського, 29, с.Дмитрівка, Каховський р-н, Херсонська обл., 74852","648","283","646","13","354","11","365","","0","354","11","365","11","354","1","1","7","4","3","1","37","58","4","1","47","185","1","4","28.10.12"
"650348","185","Херсонська область","школа, спортивний зал
вул.Нова, 2, с.Дудчине, Каховський р-н, Херсонська обл., 74845","678","319","667","18","341","18","359","","0","341","18","359","10","349","4","3","3","2","0","4","29","48","2","1","55","187","2","9","29.10.12"
"650349","185","Херсонська область","сільський клуб, фойє
вул.Першотравнева, 34, с.Любимо-Павлівка, Каховський р-н, Херсонська обл., 74846","162","61","161","3","99","2","101","","0","99","2","101","5","96","1","8","3","2","0","3","16","28","3","1","9","19","1","2","29.10.12"
"650350","185","Херсонська область","будинок культури, зал
вул.Леніна, 28, с.Заозерне, Каховський р-н, Херсонська обл., 74860","510","235","505","10","266","9","275","","0","266","9","275","4","271","4","5","7","1","1","1","30","48","2","0","25","138","2","7","28.10.12"
"650351","185","Херсонська область","сільський клуб, зал
вул.Мелітопольська, 14А, с.Ольгівка, Каховський р-н, Херсонська обл., 74861","222","100","214","3","120","2","122","","0","120","2","122","8","114","3","1","3","0","0","1","16","21","2","1","29","33","1","3","29.10.12"
"650352","185","Херсонська область","будинок культури, фойє
вул.Кооперативна, 8, с.Кам’янка, Каховський р-н, Херсонська обл., 74830","546","186","541","12","349","11","360","","0","349","11","360","5","355","5","11","4","1","3","5","53","101","13","6","34","101","4","14","29.10.12"
"650353","185","Херсонська область","школа, коридор
вул.Шкільна, 74, с.Сергіївка, Каховський р-н, Херсонська обл., 74831","558","265","549","22","272","21","293","","0","272","21","293","7","286","10","18","10","0","0","2","45","63","8","1","19","95","3","12","29.10.12"
"650354","185","Херсонська область","сільський клуб, фойє
вул.Радянська, 33В, с.Цукури, Каховський р-н, Херсонська обл., 74832","660","320","659","12","331","9","340","","0","331","9","340","15","325","10","15","4","2","3","6","37","67","2","0","66","93","1","19","28.10.12"
"650355","185","Херсонська область","сільський клуб, фойє
вул.Кооперативна, 15, с.Червоне Поділля, Каховський р-н, Херсонська обл., 74833","324","116","323","12","196","12","208","","0","196","12","208","8","200","5","2","5","1","3","3","17","90","1","2","28","32","4","7","29.10.12"
"650356","185","Херсонська область","Каховський державний аграрний коледж, фойє
вул.Каховська, 30, с.Коробки, Каховський р-н, Херсонська обл., 74824","1476","729","1454","40","721","26","747","","0","721","26","747","12","735","13","19","10","5","6","3","176","162","6","4","65","239","3","24","29.10.12"
"650357","185","Херсонська область","сільський клуб, зал
вул.Паркова, 3, с.Богданівка, Каховський р-н, Херсонська обл., 74834","498","231","495","19","251","16","267","","0","251","16","267","11","256","6","16","5","0","1","7","29","54","1","1","27","101","2","6","28.10.12"
"650358","185","Херсонська область","сільський клуб, зал
вул.Житомирська, 2, с.Костогризове, Каховський р-н, Херсонська обл., 74844","624","305","617","15","304","15","319","","0","304","15","319","7","312","0","8","8","5","0","2","36","54","6","2","31","148","2","10","29.10.12"
"650359","185","Херсонська область","сільський клуб, фойє
вул.Шкільна, 10А, с.Наталівка, Каховський р-н, Херсонська обл., 74801","234","102","232","2","130","2","132","","0","130","2","132","4","128","1","3","1","2","2","1","46","18","6","0","17","30","0","1","28.10.12"
"650360","185","Херсонська область","будинок культури, фойє
вул.Фрунзе, 47, с.Малокаховка, Каховський р-н, Херсонська обл., 74823","2460","1146","2441","55","1264","50","1314","","0","1264","50","1314","32","1282","23","57","13","24","3","17","99","266","42","4","173","469","11","81","29.10.12"
"650361","185","Херсонська область","сільський клуб, фойє
вул.Каховська, 16, с.Новокам’янка, Каховський р-н, Херсонська обл., 74836","432","178","426","14","243","11","254","","0","243","11","254","10","244","0","3","3","0","1","0","21","68","2","1","40","94","3","8","29.10.12"
"650362","185","Херсонська область","школа, фойє
вул.Леніна, 8, с.Роздольне, Каховський р-н, Херсонська обл., 74840","1620","807","1592","24","793","20","813","","0","793","20","813","8","805","7","16","4","6","1","6","49","96","7","1","59","531","3","19","29.10.12"
"650363","185","Херсонська область","сільський клуб, зал
вул.Леніна, 51, с-ще Федорівка, Каховський р-н, Херсонська обл., 74850","666","310","659","33","326","30","356","","0","326","30","356","5","351","6","5","3","3","2","39","12","43","4","0","59","166","6","3","29.10.12"
"650364","185","Херсонська область","фельдшерсько-акушерський пункт, к.1
вул.Першотравнева, 25, с-ще Слиненка, Каховський р-н, Херсонська обл., 74802","114","42","108","8","65","7","72","","0","65","7","72","0","72","0","2","1","1","0","0","1","29","1","1","6","29","1","0","28.10.12"
"650365","185","Херсонська область","будинок культури, фойє
вул.Карла Маркса, 33, с.Семенівка, Каховський р-н, Херсонська обл., 74843","870","431","858","21","422","17","439","","0","422","17","439","13","426","9","14","4","9","3","2","107","87","6","1","39","132","0","13","29.10.12"
"650366","185","Херсонська область","школа, фойє
вул.Блюхера, 15, с.Архангельська Слобода, Каховський р-н, Херсонська обл., 74842","978","445","973","23","514","19","533","","0","514","19","533","16","517","4","4","3","3","2","0","14","184","5","1","67","225","2","3","29.10.12"
"650367","185","Херсонська область","будинок культури, фойє
вул.40 років Перемоги, 18, с.Тавричанка, Каховський р-н, Херсонська обл., 74842","1356","485","1354","45","833","38","871","","0","833","38","871","30","841","15","21","31","9","7","6","148","200","14","5","153","206","5","21","29.10.12"
"650368","185","Херсонська область","сільський клуб, фойє
вул.Леніна, 26А, с.Мар’янівка, Каховський р-н, Херсонська обл., 74863","474","197","468","14","264","13","277","","0","264","13","277","9","268","1","10","6","0","0","3","16","54","6","3","48","114","1","6","29.10.12"
"650369","185","Херсонська область","будинок культури, фойє
вул.Леніна, 9В, с-ще Червоний Перекоп, Каховський р-н, Херсонська обл., 74853","924","425","914","28","475","24","499","","0","475","24","499","8","491","3","26","10","3","1","0","116","92","7","2","49","172","2","8","29.10.12"
"650370","185","Херсонська область","сільський клуб, фойє
вул.Чехова, 18, с.Подівка, Каховський р-н, Херсонська обл., 74853","324","123","322","13","189","12","201","","0","189","12","201","3","198","3","7","4","1","2","1","22","39","0","0","23","92","1","3","29.10.12"
"650371","185","Херсонська область","сільський клуб, фойє
вул.Шкільна, 20А, с.Петропавлівка, Каховський р-н, Херсонська обл., 74802","288","99","289","6","183","6","189","","0","183","6","189","5","184","0","6","2","1","0","4","9","77","2","2","21","60","0","0","28.10.12"
"650372","185","Херсонська область","сільський клуб, фойє
вул.Дзержинського, 1, с.Калинівка, Каховський р-н, Херсонська обл., 74855","330","143","323","7","180","7","187","","1","179","7","186","3","183","3","12","4","1","2","0","33","50","3","2","19","48","2","4","31.10.12"
"650373","185","Херсонська область","сільський клуб, зал
вул.Жовтнева, 21, с.Чорноморівка, Каховський р-н, Херсонська обл., 74841","804","412","799","21","373","19","392","","0","373","19","392","13","379","4","10","6","3","5","3","46","108","7","3","35","137","3","9","29.10.12"
"650374","185","Херсонська область","будинок культури, фойє
вул.Леніна, 2, с.Чорнянка, Каховський р-н, Херсонська обл., 74835","1260","648","1248","37","580","32","612","","0","580","32","612","8","604","4","18","14","1","1","2","31","75","5","0","44","390","5","14","29.10.12"
"650375","185","Херсонська область","будинок культури, вестибюль
вул.Леніна, 2, с.Чорнянка, Каховський р-н, Херсонська обл., 74835","1458","806","1448","63","597","55","652","","0","597","55","652","18","634","6","8","7","6","2","3","63","130","8","1","91","293","1","15","29.10.12"
"650376","185","Херсонська область","сільський клуб, глядацька зала
вул.Молодіжна, 31, с.Анатолівка, Нижньосірогозький р-н, Херсонська обл., 74710","318","110","311","17","196","12","208","","0","196","12","208","9","199","1","2","6","0","1","2","66","67","1","0","24","25","0","4","29.10.12"
"650377","185","Херсонська область","сільський клуб, глядацька зала
вул.Садова, 25, с.Братське, Нижньосірогозький р-н, Херсонська обл., 74713","378","154","377","19","207","17","224","","0","207","17","224","7","217","2","5","6","2","2","2","36","64","6","5","56","22","5","4","29.10.12"
"650378","185","Херсонська область","школа, актова зала, 2-й поверх
вул.Зелена, 1Б, с.Верби, Нижньосірогозький р-н, Херсонська обл., 74731","690","275","688","37","379","36","415","","0","379","36","415","19","396","8","6","7","0","5","1","170","70","10","1","89","17","1","11","29.10.12"
"650379","185","Херсонська область","сільський будинок культури, фойє
вул.Виконкомівська, 2, с.Верхні Сірогози, Нижньосірогозький р-н, Херсонська обл., 74722","1302","615","1292","77","617","70","687","","0","617","70","687","20","667","3","5","7","47","3","8","105","155","12","4","253","52","6","7","29.10.12"
"650380","185","Херсонська область","сільський будинок культури, глядацька зала
вул.Східна, 28, с.Верхні Торгаї, Нижньосірогозький р-н, Херсонська обл., 74740","378","165","371","22","192","21","213","","0","192","21","213","3","210","25","6","3","2","2","2","0","104","6","2","21","3","3","31","29.10.12"
"650381","185","Херсонська область","сільський будинок культури, фойє
вул.Братів Виниченко, 1, с.Вільне, Нижньосірогозький р-н, Херсонська обл., 74732","576","237","577","33","308","31","339","","0","308","31","339","10","329","5","10","11","0","2","5","101","110","10","2","52","8","4","9","29.10.12"
"650382","185","Херсонська область","сільський будинок культури, малий зал
вул.Леніна, 22, с.Дем’янівка, Нижньосірогозький р-н, Херсонська обл., 74730","606","269","596","32","308","29","337","","0","308","29","337","17","320","6","25","5","0","3","2","99","103","4","3","30","27","2","11","29.10.12"
"650383","185","Херсонська область","школа, спортивна зала
вул.Степова, 30, с.Комсомольське, Нижньосірогозький р-н, Херсонська обл., 74731","348","133","344","14","203","12","215","","0","203","12","215","6","209","6","4","4","0","3","1","71","39","1","1","26","52","0","1","29.10.12"
"650384","185","Херсонська область","сільський будинок культури, фойє
вул.Центральна, 55Л, с.Новоолександрівка, Нижньосірогозький р-н, Херсонська обл., 74720","990","451","982","31","511","28","539","","0","511","28","539","12","527","13","27","20","3","5","8","101","148","64","2","91","22","11","12","29.10.12"
"650385","185","Херсонська область","сільський клуб, танцювальна зала
вул.І.Галенка, 24, с.Новопетрівка, Нижньосірогозький р-н, Херсонська обл., 74711","372","157","368","12","204","11","215","","0","204","11","215","8","207","4","4","5","2","0","3","69","44","17","0","28","17","1","13","28.10.12"
"650386","185","Херсонська область","школа, спортивна зала
вул.Височина, 6, смт Нижні Сірогози, Нижньосірогозький р-н, Херсонська обл., 74701","1458","660","1445","56","761","37","798","","0","761","37","798","14","784","9","23","10","8","6","5","290","176","28","1","151","60","4","13","29.10.12"
"650387","185","Херсонська область","районний будинок культури, танцювальна зала
вул.Леніна, 1, смт Нижні Сірогози, Нижньосірогозький р-н, Херсонська обл., 74701","1362","686","1359","33","650","26","676","","0","650","26","676","21","655","5","22","5","5","4","2","267","145","27","4","105","37","8","19","29.10.12"
"650388","185","Херсонська область","селищний клуб, глядацька зала
вул.Леніна, 188, смт Нижні Сірогози, Нижньосірогозький р-н, Херсонська обл., 74701","534","217","524","17","305","12","317","","0","305","12","317","7","310","6","6","10","9","1","3","76","64","6","4","81","32","1","11","29.10.12"
"650389","185","Херсонська область","сільський будинок культури, фойє
вул.Жданова, 3, смт Нижні Сірогози, Нижньосірогозький р-н, Херсонська обл., 74701","870","443","867","31","402","25","427","","0","402","25","427","8","419","7","16","6","1","1","3","101","119","3","4","70","82","0","6","29.10.12"
"650390","185","Херсонська область","сільський будинок культури, фойє
вул.Леніна, 69, с.Нижні Торгаї, Нижньосірогозький р-н, Херсонська обл., 74741","846","371","841","26","450","25","475","","0","450","25","475","22","453","12","17","11","4","1","8","128","88","18","3","41","87","6","29","29.10.12"
"650391","185","Херсонська область","сільський будинок культури, малий зал
вул.Юрія Бугаєнка, 6, с.Першопокровка, Нижньосірогозький р-н, Херсонська обл., 74712","762","326","747","46","392","44","436","","0","392","44","436","10","426","6","5","11","3","5","3","161","100","20","2","41","52","1","16","29.10.12"
"650392","185","Херсонська область","сільський клуб, фойє
вул.Залізнична, 6А, с-ще Сірогози, Нижньосірогозький р-н, Херсонська обл., 74721","534","199","539","34","307","28","335","","0","307","28","335","10","325","3","8","8","3","2","3","59","112","6","5","80","27","2","7","29.10.12"
"650393","185","Херсонська область","сільський будинок культури, глядацька зала
вул.60 років Жовтня, 26, с.Степне, Нижньосірогозький р-н, Херсонська обл., 74742","606","320","603","38","252","34","286","","0","252","34","286","2","284","2","12","3","1","2","5","51","97","7","2","52","41","1","8","29.10.12"
"650414","185","Херсонська область","будинок культури, танцювальна зала
вул.Леніна, 90, смт Новотроїцьке, Новотроїцький р-н, Херсонська обл., 75300","1656","867","1624","24","770","19","789","","0","770","19","789","22","767","9","15","9","5","8","1","118","216","63","7","185","108","3","20","29.10.12"
"650415","185","Херсонська область","школа №1, спортивна зала
вул.Леніна, 98, смт Новотроїцьке, Новотроїцький р-н, Херсонська обл., 75300","1542","843","1522","42","664","35","699","","0","664","35","699","18","681","6","23","6","5","4","1","115","154","71","6","188","86","1","15","29.10.12"
"650416","185","Херсонська область","селищна рада, зала засідань
вул.Леніна, 77, смт Новотроїцьке, Новотроїцький р-н, Херсонська обл., 75300","1860","1057","1838","53","763","40","803","","0","763","40","803","30","773","9","17","11","16","8","0","89","195","60","6","193","151","2","16","29.10.12"
"650417","185","Херсонська область","музична школа, концертна зала
вул.Леніна, 49, смт Новотроїцьке, Новотроїцький р-н, Херсонська обл., 75300","1770","905","1750","39","832","33","865","","0","832","33","865","18","847","9","16","6","7","8","1","136","195","53","5","219","176","0","16","29.10.12"
"650418","185","Херсонська область","гімназія, фойє
вул.Гоголя, 28, смт Новотроїцьке, Новотроїцький р-н, Херсонська обл., 75300","1140","589","1140","51","516","35","551","","0","516","35","551","21","530","8","10","3","4","4","2","82","120","46","1","110","125","0","15","29.10.12"
"650419","185","Херсонська область","управління водного господарства, актова зала
вул.Шевченка, 131, смт Новотроїцьке, Новотроїцький р-н, Херсонська обл., 75300","1398","758","1403","66","580","60","640","","0","580","60","640","12","628","10","6","15","1","8","4","87","167","44","7","138","124","12","5","29.10.12"
"650420","185","Херсонська область","сільський клуб, фойє
сільський клуб, с.Благовіщенка, Новотроїцький р-н, Херсонська обл., 75301","240","100","247","4","136","4","140","","0","136","4","140","3","137","1","4","1","1","0","0","25","42","10","4","41","7","0","1","29.10.12"
"650421","185","Херсонська область","сільський клуб, фойє
вул.Центральна, 20, с.Захарівка, Новотроїцький р-н, Херсонська обл., 75301","54","6","55","0","48","0","48","","0","48","0","48","2","46","1","4","1","0","2","1","1","17","1","1","13","4","0","0","29.10.12"
"650422","185","Херсонська область","будинок культури, фойє
вул.Затиса, 39, с.Горностаївка, Новотроїцький р-н, Херсонська обл., 75331","444","136","444","11","299","9","308","","0","299","9","308","14","294","3","1","7","2","7","4","64","113","8","9","35","33","2","6","29.10.12"
"650423","185","Херсонська область","будинок культури, танцювальна зала
вул.Фрунзе, 10А, с.Дивне, Новотроїцький р-н, Херсонська обл., 75333","528","236","520","30","266","26","292","","0","266","26","292","17","275","6","3","5","6","2","1","26","54","15","2","109","39","0","7","29.10.12"
"650424","185","Херсонська область","будинок культури, читальна зала
вул.Зелена, 50А, с.Зелене, Новотроїцький р-н, Херсонська обл., 75334","420","151","409","23","248","21","269","","0","248","21","269","5","264","3","2","4","0","2","1","28","46","10","1","80","86","0","1","29.10.12"
"650425","185","Херсонська область","будинок культури, фойє
вул.Першотравнева, 2, с.Подове, Новотроїцький р-н, Херсонська обл., 75313","738","363","729","14","361","14","375","","0","361","14","375","12","363","4","9","6","3","3","1","39","81","26","2","79","101","3","6","29.10.12"
"650426","185","Херсонська область","ясла-садок, танцювальна зала
вул.Шевченка, 21, с.Кривий Ріг, Новотроїцький р-н, Херсонська обл., 75330","228","68","223","9","151","9","160","","0","151","9","160","9","151","1","8","3","1","1","0","14","58","1","0","42","21","0","1","29.10.12"
"650427","185","Херсонська область","школа, спортивна зала
вул.Шкільна, 45, с.Метрополь, Новотроїцький р-н, Херсонська обл., 75332","288","105","279","20","163","20","183","","0","163","20","183","0","183","1","0","1","5","0","1","14","81","8","1","16","55","0","0","29.10.12"
"650428","185","Херсонська область","будинок культури, фойє
вул.Леніна, 41, с.Федорівка, Новотроїцький р-н, Херсонська обл., 75330","564","226","554","32","306","32","338","","0","306","32","338","5","333","2","1","3","2","6","1","74","64","16","1","95","61","1","6","29.10.12"
"650429","185","Херсонська область","дитячий садок, танцювальна зала
вул.9 Травня, 4, с.Воскресенське, Новотроїцький р-н, Херсонська обл., 75322","336","108","330","1","227","1","228","","0","227","1","228","5","223","4","4","8","2","2","1","40","66","12","4","60","14","6","0","29.10.12"
"650430","185","Херсонська область","фельдшерсько-акушерський пункт, фойє
вул.Перемоги, 25, с.Двійне, Новотроїцький р-н, Херсонська обл., 75324","330","155","324","3","173","2","175","","0","173","2","175","7","168","2","2","5","3","1","0","31","49","9","4","38","19","2","3","29.10.12"
"650431","185","Херсонська область","школа-садок, спортивна зала
вул.Торгова, 3, с.Ковильне, Новотроїцький р-н, Херсонська обл., 75321","240","104","246","3","133","3","136","","0","133","3","136","11","125","2","8","5","4","1","0","7","33","15","2","25","19","2","2","29.10.12"
"650432","185","Херсонська область","будинок культури, дискотечна зала
вул.Центральна, 15, с.Чкалове, Новотроїцький р-н, Херсонська обл., 75320","714","308","709","23","388","18","406","","0","388","18","406","7","399","2","13","2","1","4","0","75","83","35","6","112","57","2","7","29.10.12"
"650433","185","Херсонська область","будинок культури, танцювальна зала
пров.Чапаєва, 24, смт Сиваське, Новотроїцький р-н, Херсонська обл., 75341","1752","879","1730","89","802","71","873","","0","802","71","873","18","855","10","20","17","7","6","4","107","224","88","10","193","144","3","22","29.10.12"
"650434","185","Херсонська область","будинок культури, танцювальна зала
вул.Жовтнева, 34, смт Сиваське, Новотроїцький р-н, Херсонська обл., 75341","1758","910","1732","62","788","60","848","","0","788","60","848","24","824","10","13","25","7","8","1","95","248","73","12","162","138","8","24","29.10.12"
"650435","185","Херсонська область","школа, фойє
пров.Паньківа, 20, с.Василівка, Новотроїцький р-н, Херсонська обл., 75355","450","206","438","10","236","8","244","","0","236","8","244","9","235","3","3","0","6","2","1","41","49","17","2","69","38","2","2","29.10.12"
"650436","185","Херсонська область","сільський клуб, актова зала
вул.Гагаріна, 16, с.Дружелюбівка, Новотроїцький р-н, Херсонська обл., 75355","144","54","140","6","84","6","90","","0","84","6","90","3","87","0","0","3","2","1","0","1","52","8","2","14","4","0","0","29.10.12"
"650437","185","Херсонська область","будинок культури, танцювальнка зала
вул.Кальченка, 4, с.Володимиро-Іллінка, Новотроїцький р-н, Херсонська обл., 75310","636","256","627","32","352","28","380","","0","352","28","380","20","360","2","16","5","3","2","5","63","90","21","5","88","50","2","8","29.10.12"
"650438","185","Херсонська область","клуб, танцювальний зал
вул.Центральна, 31, с.Новорепівка, Новотроїцький р-н, Херсонська обл., 75312","258","103","256","3","153","2","155","","0","153","2","155","7","148","2","2","0","0","1","0","12","48","8","0","40","32","1","2","29.10.12"
"650439","185","Херсонська область","Загальноосвітня школа, холл
вул.Молодіжна, 29, с.Софіївка, Новотроїцький р-н, Херсонська обл., 75311","432","164","420","19","249","19","268","","0","249","19","268","11","257","4","5","3","4","2","7","54","31","7","4","49","82","0","5","29.10.12"
"650440","185","Херсонська область","школа, спортивний зал
вул.Антипенка, 36, с.Воскресенка, Новотроїцький р-н, Херсонська обл., 75350","690","320","687","30","340","30","370","","0","340","30","370","5","365","3","6","5","1","11","0","38","89","22","10","121","51","2","6","29.10.12"
"650441","185","Херсонська область","будинок культури, фойє
вул.Леніна, 2В, с.Громівка, Новотроїцький р-н, Херсонська обл., 75352","1854","905","1838","40","912","37","949","","0","912","37","949","34","915","6","17","13","2","7","3","138","191","110","9","91","303","5","20","29.10.12"
"650442","185","Херсонська область","дитячий садок, актова зала
вул.Жовтнева, 28А, с.Новомиколаївка, Новотроїцький р-н, Херсонська обл., 75354","636","278","627","26","335","23","358","","0","335","23","358","16","342","7","9","5","5","3","2","43","64","12","6","115","67","0","4","29.10.12"
"650443","185","Херсонська область","клуб, актова зала
пров.Шкільний, 14, с.Водославка, Новотроїцький р-н, Херсонська обл., 75362","126","39","123","3","84","3","87","","0","84","3","87","3","84","0","10","1","1","3","0","7","26","3","0","30","2","0","1","29.10.12"
"650444","185","Херсонська область","школа, актова зала
пров.Шкільний, 11, с.Маячка, Новотроїцький р-н, Херсонська обл., 75362","258","94","256","12","152","12","164","","0","152","12","164","2","162","2","2","1","3","7","0","18","25","16","2","54","30","0","2","28.10.12"
"650445","185","Херсонська область","будинок культури, танцювальна зала
пров.Шкільний, 8, с.Новомихайлівка, Новотроїцький р-н, Херсонська обл., 75361","534","238","524","20","277","19","296","","0","277","19","296","9","287","2","6","5","2","2","2","47","84","30","3","34","65","3","2","29.10.12"
"650446","185","Херсонська область","будинок культури, танцювальна зала
вул.Леніна, 57, с.Новопокровка, Новотроїцький р-н, Херсонська обл., 75353","888","430","883","32","429","29","458","","0","429","29","458","13","445","3","3","7","4","6","0","43","87","23","5","80","181","0","3","29.10.12"
"650447","185","Херсонська область","клуб, глядацька зала
вул.Садова, 24, с.Ясна Поляна, Новотроїцький р-н, Херсонська обл., 75301","72","25","77","4","43","4","47","","0","43","4","47","2","45","2","1","0","0","0","0","5","12","1","2","17","3","0","2","29.10.12"
"650448","185","Херсонська область","будинок культури, танцювальна зала
вул.Гагаріна, 50А, с.Одрадівка, Новотроїцький р-н, Херсонська обл., 75340","1254","678","1245","30","548","28","576","","0","548","28","576","14","562","9","8","5","7","4","1","59","100","32","6","206","117","4","4","29.10.12"
"650449","185","Херсонська область","фельдшерсько-акушерський пункт, актова зала
вул.Чапаєва, 23А, с.Калинівка, Новотроїцький р-н, Херсонська обл., 75301","162","65","156","0","97","0","97","","0","97","0","97","1","96","1","1","4","1","2","1","7","25","9","1","39","4","1","0","29.10.12"
"650450","185","Херсонська область","адміністративна будівля, фойє
вул.Леніна, 12А, с.Олександрівка, Новотроїцький р-н, Херсонська обл., 75343","792","459","781","21","319","14","333","","0","319","14","333","11","322","6","1","4","6","3","2","40","74","13","4","67","96","1","5","29.10.12"
"650451","185","Херсонська область","клуб, фойє
вул.40 років Перемоги, 59А, с.Сергіївка, Новотроїцький р-н, Херсонська обл., 75351","744","314","732","25","406","24","430","","0","406","24","430","21","409","4","3","7","3","2","4","37","80","19","12","106","122","4","6","29.10.12"
"650452","185","Херсонська область","клуб, фойє
вул.Центральна, 41, с.Заозерне, Новотроїцький р-н, Херсонська обл., 75360","120","22","121","9","90","8","98","","0","90","8","98","4","94","2","1","2","2","2","0","14","37","5","1","24","3","1","0","29.10.12"
"650453","185","Херсонська область","школа, спортивний зал
вул.Шкільна, 38, с.Садове, Новотроїцький р-н, Херсонська обл., 75360","150","67","147","4","79","4","83","","0","79","4","83","3","80","1","0","0","0","0","0","10","28","1","1","37","1","0","1","29.10.12"
"650454","185","Херсонська область","будинок культури, фойє
вул.Поштова, 63, с.Сивашівка, Новотроїцький р-н, Херсонська обл., 75360","630","318","628","45","269","43","312","","0","269","43","312","10","302","1","2","4","0","2","4","82","86","25","0","53","37","1","5","29.10.12"
"650455","185","Херсонська область","будинок культури, зал реєстрації шлюбів
вул.Центральна, 15, с.Чкалове, Новотроїцький р-н, Херсонська обл., 75320","1128","529","1114","36","565","34","599","","0","565","34","599","15","584","4","15","7","2","3","0","84","135","33","4","165","121","2","9","29.10.12"
"650534","185","Херсонська область","школа, актова зала
вул.Шкільна, 3, смт Асканія-Нова, Чаплинський р-н, Херсонська обл., 75230","1398","676","1393","27","695","27","722","","0","695","27","722","29","693","9","33","10","33","6","5","89","129","103","1","196","42","5","32","31.10.12"
"650535","185","Херсонська область","Інститут тваринництва степових районів ім.М.Ф.Іванова ""Асканія-Нова"", фойє
вул.Червоноармійська, 1, смт Асканія-Нова, Чаплинський р-н, Херсонська обл., 75230","1536","767","1524","32","737","32","769","","0","737","32","769","23","746","14","25","17","20","15","6","78","167","113","7","200","61","5","18","29.10.12"
"650536","185","Херсонська область","школа, фойє
вул.Шкільна, 1, с-ще Іллінка, Чаплинський р-н, Херсонська обл., 75232","372","155","364","6","212","5","217","","0","212","5","217","14","203","6","1","4","4","4","3","42","75","3","1","55","2","2","1","29.10.12"
"650537","185","Херсонська область","школа-сад, кл.4
вул.Зелена, 1, с-ще Молочне, Чаплинський р-н, Херсонська обл., 75233","510","266","502","19","225","19","244","","0","225","19","244","12","232","8","5","8","16","4","1","35","50","20","3","59","14","3","6","29.10.12"
"650538","185","Херсонська область","школа-сад, старша група
вул.Комсомольська, 1, с-ще Питомник, Чаплинський р-н, Херсонська обл., 75231","516","233","509","25","258","25","283","","0","258","25","283","8","275","10","5","12","4","3","2","24","65","27","1","77","35","5","5","29.10.12"
"650544","185","Херсонська область","сільська рада, актова зала
вул.Леніна, 49, с.Кучерявоволодимирівка, Чаплинський р-н, Херсонська обл., 75220","558","267","556","12","281","10","291","","0","281","10","291","3","288","4","5","11","17","3","5","83","43","11","0","77","17","5","7","28.10.12"
"650545","185","Херсонська область","сільський будинок культури, фойє
вул.Радянська, 10, с.Магдалинівка, Чаплинський р-н, Херсонська обл., 75210","726","317","725","13","396","13","409","","0","396","13","409","20","389","5","11","7","1","1","7","52","79","14","3","95","85","4","25","29.10.12"
"650546","185","Херсонська область","сільська рада, актова зала
вул.Шкільна, 4, с-ще Маркеєв, Чаплинський р-н, Херсонська обл., 75235","432","233","427","8","193","6","199","","0","193","6","199","11","188","2","4","3","4","3","3","37","31","11","3","76","4","2","5","29.10.12"
"650548","185","Херсонська область","сільський будинок культури, зала засідань
вул.Миру, 83, с.Новонаталівка, Чаплинський р-н, Херсонська обл., 75222","756","388","743","19","352","16","368","","0","352","16","368","17","351","11","6","5","6","0","0","41","49","9","6","123","73","1","21","29.10.12"
"650562","185","Херсонська область","школа, корпус початкових класів, коридор
вул.Пушкіна, 1, с.Червона Поляна, Чаплинський р-н, Херсонська обл., 75221","654","317","642","17","321","16","337","","0","321","16","337","14","323","14","5","6","5","6","7","73","54","15","1","97","19","2","19","29.10.12"
"650563","185","Херсонська область","сільський будинок культури, фойє
вул.Кудрі, 34, с.Шевченка, Чаплинський р-н, Херсонська обл., 75223","636","277","632","5","356","3","359","","0","356","3","359","21","338","8","6","12","9","1","5","43","64","6","2","85","88","1","8","29.10.12"
"650564","185","Херсонська область","школа №6, хол
вул.З.Космодем’янської, 10А, м. Каховка, Херсонська обл., 74800","1668","878","1643","15","779","11","790","","0","779","11","790","16","774","6","40","9","33","5","3","68","231","28","4","88","207","6","46","29.10.12"
"650565","185","Херсонська область","школа №6, хол
вул.З.Космодем’янської, 10А, м.Каховка, Херсонська обл., 74800","1926","958","1895","27","945","23","968","","0","945","23","968","33","935","13","50","11","17","3","15","119","272","34","2","114","228","10","47","29.10.12"
"650566","185","Херсонська область","філія ""Херсоноблавтодор"", актовий зал
вул.Мелітопольська, 25, м.Каховка, Херсонська обл., 74800","2220","1218","2179","32","974","28","1002","","0","974","28","1002","29","973","15","47","11","6","6","11","91","274","29","3","128","300","7","45","29.10.12"
"650567","185","Херсонська область","КВУ ""Каховський водоканал"", актовий зал
вул.Мелітопольська, 87, м.Каховка, Херсонська обл., 74800","2280","1104","2258","27","1157","19","1176","","0","1156","19","1175","34","1141","19","47","16","23","6","14","101","343","38","7","150","301","14","62","29.10.12"
"650568","185","Херсонська область","школа №1, хол
вул.К.Маркса, 77, м.Каховка, Херсонська обл., 74800","1782","817","1766","30","947","18","965","","0","947","18","965","27","938","12","71","6","19","5","6","92","282","33","1","114","230","19","48","29.10.12"
"650569","185","Херсонська область","школа №5, хол
вул.К.Маркса, 128, м.Каховка, Херсонська обл., 74800","1764","811","1731","19","937","16","953","","0","937","16","953","16","937","13","53","6","16","3","9","120","284","36","3","99","254","6","35","29.10.12"
"650570","185","Херсонська область","районий будинок культури імені Фрунзе, хол
вул.К.Маркса, 136, м.Каховка, Херсонська обл., 74800","2052","903","2018","45","1110","39","1149","","0","1110","39","1149","34","1115","4","70","7","25","4","20","126","353","31","5","187","222","11","50","29.10.12"
"650571","185","Херсонська область","школа мистецтв, хол, 2-й поверх
вул.К.Лібкнехта, 6, м.Каховка, Херсонська обл., 74800","1236","595","1236","23","620","21","641","","0","620","21","641","19","622","9","49","6","8","4","8","75","173","27","2","77","142","9","33","28.10.12"
"650572","185","Херсонська область","міжшкільний навчально-виробничий комбінат, хол
вул.Шкільна, 1, м.Каховка, Херсонська обл., 74800","1494","805","1491","23","672","17","689","","0","672","17","689","21","668","10","51","12","5","5","6","83","204","17","3","48","170","10","44","29.10.12"
"650573","185","Херсонська область","шкільна гімназія, хол
вул.Червоноармійська, 116А, м.Каховка, Херсонська обл., 74800","1140","623","1130","18","501","16","517","","0","501","16","517","15","502","9","27","8","3","3","7","45","111","25","3","43","185","4","29","29.10.12"
"650574","185","Херсонська область","вечірня школа, хол
вул.Спендіарова, 31, м.Каховка, Херсонська обл., 74800","1992","1043","1950","24","931","18","949","","0","931","18","949","29","920","8","65","14","13","2","11","105","205","39","6","96","296","8","52","29.10.12"
"650575","185","Херсонська область","палац культури ""Меліоратор"", хол
просп.Ворошилова, 12, м.Каховка, Херсонська обл., 74800","1878","936","1864","28","918","24","942","","0","918","24","942","32","910","17","58","11","11","3","10","92","264","20","5","125","251","7","36","29.10.12"
"650576","185","Херсонська область","палац культури ""Меліоратор"", хол
просп.Ворошилова, 12, м.Каховка, Херсонська обл., 74800","1920","811","1895","17","1096","13","1109","","0","1096","13","1109","31","1078","16","8","49","8","5","15","116","271","14","2","166","330","14","64","29.10.12"
"650577","185","Херсонська область","технічна школа, хол
вул.417 Стр.Дивізії, 68, м.Каховка, Херсолнська обл., 74800","1986","938","1968","27","1028","20","1048","","0","1028","20","1048","25","1023","15","37","6","8","4","10","81","231","26","4","129","415","11","46","29.10.12"
"650578","185","Херсонська область","школа №3, хол
вул.Освіти, 4, м.Каховка, Херсонська обл., 74800","1974","864","1952","11","1099","11","1110","","0","1099","11","1110","22","1088","10","73","10","5","6","14","134","291","32","4","129","308","8","64","29.10.12"
"650579","185","Херсонська область","школа №4, хол
вул.Освіти, 2, м.Каховка, Херсонська обл., 74800","1884","805","1863","20","1064","15","1079","","0","1064","15","1079","32","1047","9","59","13","7","4","10","136","250","28","3","159","318","15","36","29.10.12"
"650580","185","Херсонська область","станція юних техніків, актовий зал
вул.К.Лібкнехта, 126, м.Каховка, Херсонська обл., 74800","2004","910","1979","24","1077","17","1094","","0","1077","17","1094","29","1065","12","62","10","10","3","13","105","243","29","2","138","375","11","52","29.10.12"
"650581","185","Херсонська область","Каховський геріатричний пансіонат, актовий зал
вул.К.Маркса, 88, м.Каховка, Херсонська обл., 74800","192","17","204","111","87","88","175","","0","87","88","175","10","165","2","7","2","2","2","0","5","110","5","2","15","9","1","3","29.10.12"
"650582","185","Херсонська область","лікарня житлового масиву Свєтлово, хол
вул.Першотравнева, 34, м.Каховка, Херсонська обл., 74800","228","106","151","58","80","42","122","","0","80","42","122","4","118","4","7","1","0","0","0","13","29","0","0","17","46","0","1","29.10.12"
"650583","185","Херсонська область","Каховська центральна районна лікарня, хол
вул.К.Маркса, 73, м.Каховка, Херсонська обл., 74800","30","2","36","0","28","0","28","","0","28","0","28","0","28","0","0","1","0","1","0","5","7","1","2","1","8","0","2","29.10.12"
