"№ ВД","OBO","Назва регіону України","Місцезнаходження та адреса приміщення для голосування","1) К-сть одержаних бюлетенів","2) К-сть невикористаних бюлетенів","3) К-сть виборців, внесених до списку виборців","4) К-сть виборців, внесених до витягу зі списку виборців","5) К-сть виборців, які отримали бюлетені у приміщенні","6) К-сть виборців, які отримали за місцем перебування","7) Сумарна к-сть виборців, які отримали бюлетені","8) К-сть бюлетенів, що виявилися у кожній скринці","9) К-сть бюлетенів, що не підлягають врахуванню","10) К-сть виборців, які взяли участь у голос. у приміщенні для гол.","11) К-сть виборців, які взяли участь у голос. за місцем перебування","12) К-сть виборців, які взяли участь у голосуванні на виборчій дільниці","13) К-сть бюлетенів, визнаних недійсними","14) Сумарна к-сть голосів виборців ЗА","Захарченко
Ігор
Георгійович","Мальцев
Устин
Валерійович","Найдьонов
Андрій
Михайлович","Сальдо
Володимир
Васильович","Ткач
Олексій
Олександрович","Урсуленко
Олексій
Анатолійович","Дата підписання протоколу"
"000001","182","Херсонська область","актовий зал
вул. Перекопська, буд. 10, м. Херсон, 73000","808","220","603","16","572","16","588","","0","572","16","588","159","429","23","30","26","220","29","101","29.10.12"
"650622","182","Херсонська область","обласна універсальна наукова бібліотека ім.О.Гончара, хол, 1-й поверх
вул.Дніпропетровська, 2, м.Херсон, 73000","1392","725","1389","9","658","9","667","","0","658","9","667","47","620","24","22","75","244","11","244","05.11.12"
"650623","182","Херсонська область","дитячо-юнацька спортивна школа №3, вестибюль, 1-й поверх
вул.Шмідта, 100, м.Херсон, 73000","1936","1057","1914","32","855","24","879","","0","855","24","879","53","826","31","40","84","343","22","306","29.10.12"
"650624","182","Херсонська область","міжшкільний навчально-виробничий комбінат, вестибюль, 2-й поверх
вул.Старостіна, 55, м.Херсон, 73000","2024","1185","2002","17","824","15","839","","0","824","15","839","69","770","24","26","100","283","18","319","29.10.12"
"650625","182","Херсонська область","школа №13, спортивна зала, 1-й поверх
вул.Старостіна, 19, м.Херсон, 73000","2064","1145","2004","19","902","17","919","","0","901","17","918","44","874","37","34","113","342","27","321","30.10.12"
"650626","182","Херсонська область","Херсонський державний університет, хол, 1-й поверх
вул.40 років Жовтня, 27, м.Херсон, 73000","1296","689","1296","5","602","5","607","","0","602","5","607","38","569","17","22","69","191","14","256","29.10.12"
"650627","182","Херсонська область","школа-інтернат ім.Т.Г.Шевченка, хол, 1-й поверх
вул.Пугачова, 101, м.Херсон, 73000","1936","974","1951","10","954","8","962","","0","954","8","962","71","891","35","48","100","363","18","327","29.10.12"
"650628","182","Херсонська область","школа №35, вестибюль, 1-й поверх
пров.Смоленський, 80, м.Херсон, 73000","984","548","982","9","430","6","436","","0","430","6","436","47","389","14","22","56","142","6","149","29.10.12"
"650629","182","Херсонська область","відділ державної Реєстрації актів цивільного стану районного управління юстиції, хол, 2-й поверх
вул.Чорноморська, 22А, м.Херсон, 73000","1184","578","1164","8","599","7","606","","0","599","7","606","34","572","24","24","68","238","9","209","29.10.12"
"650630","182","Херсонська область","Херсонський базовий медичний коледж, хол, 1-й поверх
вул.Перекопська, 164, м.Херсон, 73000","1168","603","1155","11","554","11","565","","0","554","11","565","36","529","19","14","70","201","13","212","29.10.12"
"650631","182","Херсонська область","школа №53, хол, 1-й поверх
вул.О.Шовкуненка, 86А, м.Херсон, 73000","2288","1053","2264","17","1222","13","1235","","0","1222","13","1235","118","1117","62","50","179","440","26","360","29.10.12"
"650632","182","Херсонська область","палац молоді та студентів, фойє великої зали, 1-й поверх
пл.Т.Г.Шевченка, 1, м.Херсон, 73000","2280","1181","2262","38","1065","34","1099","","0","1065","34","1099","85","1014","98","28","169","323","27","369","29.10.12"
"650633","182","Херсонська область","міський центр позашкільної роботи, актова зала, 1-й поверх
просп.Текстильників, 6А, м.Херсон, 73000","2000","964","1984","29","1019","17","1036","","0","1019","17","1036","56","980","47","39","166","325","28","375","29.10.12"
"650634","182","Херсонська область","школа №32, к.13
вул.Перекопська, 165, м.Херсон, 73000","1584","966","1558","7","614","4","618","","0","614","4","618","33","585","38","20","78","237","14","198","29.10.12"
"650635","182","Херсонська область","школа №36, вестибюль, 1-й поверх
вул.Перекопська, 173А, м.Херсон, 73000","2312","1109","2292","34","1178","25","1203","","0","1178","25","1203","71","1132","41","54","156","419","29","433","29.10.12"
"650636","182","Херсонська область","Херсонський економіко-правовий інститут, ауд.31
вул.Кримська, 134, м.Херсон, 73000","1768","995","1748","28","756","17","773","","0","756","17","773","63","710","28","31","139","268","18","226","29.10.12"
"650637","182","Херсонська область","Херсонський професійний ліцей зв’язку та поліграфії, хол, 1-й поверх
вул.Іллюші Кулика, 147, м.Херсон, 73000","2176","1193","2151","27","967","16","983","","0","967","16","983","91","892","30","42","154","328","25","313","29.10.12"
"650638","182","Херсонська область","Херсонський національний технічний університет, корпус 2, вестибюль, 1-й поверх
вул.Іллюші Кулика, 130, м.Херсон, 73000","1392","827","1362","6","561","4","565","","0","561","4","565","47","518","22","14","89","183","12","198","29.10.12"
"650639","182","Херсонська область","загальноосвітній навчально-виховний комплекс №48, вестибюль, 1-й поверх
вул.28-ї Армії, 14, м.Херсон, 73000","1480","704","1471","26","751","25","776","","0","751","25","776","33","743","31","30","123","287","19","253","29.10.12"
"650640","182","Херсонська область","гуртожиток №1 Херсонського національного технічного університету, вестибюль, 1-й поверх
вул.Миру, 38, м.Херсон, 73000","2272","1338","2264","4","932","2","934","","0","932","2","934","72","862","43","41","135","346","24","273","29.10.12"
"650641","182","Херсонська область","школа №39, вестибюль, 1-й поверх
вул.1 Текстильна, 1, с-ще Текстильне, м.Херсон, 73000","1912","1142","1911","5","769","1","770","","0","769","1","770","46","724","22","33","94","297","12","266","29.10.12"
"650642","182","Херсонська область","школа №39, їдальня, 1-й поверх
вул.1 Текстильна, 1, с-ще Текстильне, м.Херсон, 73000","1760","1003","1752","9","750","7","757","","0","750","7","757","59","698","17","25","81","301","12","262","29.10.12"
"650643","182","Херсонська область","Херсонський економіко-правовий інститут, хол, 1 -й поверх
вул.Кримська, 130, м.Херсон, 73000","1552","672","1540","25","862","18","880","","0","862","18","880","81","799","35","19","162","281","17","285","29.10.12"
"650644","182","Херсонська область","школа №50, вестибюль, 1-й поверх
вул.Кримська, 135, м.Херсон, 73000","1856","888","1837","30","950","18","968","","0","950","18","968","29","939","47","39","165","315","24","349","29.10.12"
"650645","182","Херсонська область","гуртожиток Херсонського професійно-технічного ліцею зв’язку та поліграфії, вестибюль, 1-й поверх
вул.Миру, 31, м.Херсон, 73000","2216","1226","2213","12","983","7","990","","0","983","7","990","70","920","32","39","166","301","16","366","29.10.12"
"650646","182","Херсонська область","школа №52, хол, 1-й поверх
вул.Кримська, 127, м.Херсон, 73000","2384","1109","2356","22","1263","12","1275","","0","1263","12","1275","66","1209","61","56","191","497","23","381","29.10.12"
"650647","182","Херсонська область","школа №53, їдальня, 1-й поверх
вул.О.Шовкуненка, 86А, м.Херсон, 73000","2288","1146","2259","9","1138","4","1142","","0","1137","4","1141","129","1012","29","48","179","382","23","351","05.11.12"
"650648","182","Херсонська область","Херсонський професійний ліцей харчової промисловості, актова зала, 1-й поверх
вул.Поповича, 3, м.Херсон, 73000","2040","1148","2021","24","875","17","892","","0","875","17","892","65","827","29","38","122","271","13","354","29.10.12"
"650649","182","Херсонська область","Херсонський професійний ліцей харчової промисловості, спортивна зала, 1-й поверх
вул.Поповича, 3, м.Херсон, 73000","2088","1084","2054","24","983","21","1004","","0","983","21","1004","65","939","36","42","153","346","21","341","29.10.12"
"650650","182","Херсонська область","ПАТ ""Херсонська теплоелектроцентраль"", клуб, актова зала, 2-й поверх
Бериславське шосе, 1, м.Херсон, 73000","2128","1090","2111","9","1030","8","1038","","0","1030","8","1038","74","964","33","42","155","365","24","345","29.10.12"
"650651","182","Херсонська область","Херсонський навчально-курсовий комбінат ""Професіонал"", аудиторія, 1-й поверх
вул.Перекопська, 180/2, м.Херсон, 73000","1760","1042","1752","16","703","15","718","","0","702","15","717","34","683","21","23","83","182","11","363","30.10.12"
"650652","182","Херсонська область","школа №37, хол, 1-й поверх
Кіндійське шосе, 32А, м.Херсон, 73000","1736","971","1710","29","744","21","765","","0","744","21","765","69","696","11","19","92","195","6","373","29.10.12"
"650653","182","Херсонська область","школа №37, спортивна зала, 1-й поверх
Кіндійське шосе, 32А, м.Херсон, 73000","1864","1074","1857","16","781","9","790","","0","781","9","790","63","727","21","27","85","229","11","354","29.10.12"
"650662","182","Херсонська область","школа №38, хол, 1-й поверх
вул.Степова, 20А, смт Зеленівка, м.Херсон, 73481","1544","927","1504","11","609","8","617","","0","609","8","617","26","591","14","27","90","285","9","166","29.10.12"
"650663","182","Херсонська область","школа №38, спортивна зала, 1-й поверх
вул.Степова, 20А, смт Зеленівка, м.Херсон, 73481","1704","983","1690","13","710","11","721","","0","710","11","721","66","655","14","25","73","307","5","231","29.10.12"
"650664","182","Херсонська область","ясла-садок №47, група, 1-й поверх
вул.Б.Хмельницького, 5, смт Зеленівка, м.Херсон, 73481","1424","843","1396","18","570","11","581","","0","570","11","581","32","549","9","11","78","260","15","176","29.10.12"
"650665","182","Херсонська область","будинок культури, хол, 1-й поверх
вул.60 років Жовтня, 21А, с.Богданівка, м.Херсон, 73482","400","192","393","9","199","9","208","","0","199","9","208","14","194","0","5","63","88","3","35","29.10.12"
"650666","182","Херсонська область","будинок культури, хол, 1-й поверх
вул.Шкільна, 32, с.Петрівка, м.Херсон, 73482","264","134","257","2","128","2","130","","0","128","2","130","11","119","2","1","49","41","1","25","29.10.12"
"650667","182","Херсонська область","школа №43, хол, 1-й поверх
вул.Робоча, 3, с-ще Сонячне, м.Херсон, 73482","600","295","582","19","287","18","305","","0","287","18","305","33","272","2","3","45","141","4","77","30.10.12"
"650668","182","Херсонська область","Херсонська міська клінічна лікарня ім.О.С.Лучанського, стаціонарний корпус, 2-й поверх
вул.Кримська, 138, м.Херсон, 73000","488","287","219","39","164","37","201","","0","164","37","201","17","184","10","5","21","104","4","40","29.10.12"
"650669","182","Херсонська область","Херсонська дитяча обласна клінічна лікарня, корпус новонароджених, 1-й поверх
вул.Українська, 81, м.Херсон, 73013","208","173","36","0","35","0","35","","0","35","0","35","3","32","6","3","3","13","2","5","29.10.12"
"650670","182","Херсонська область","лікарня УМВС, стаціонарне відділення, 4-й поверх
вул.Кременчуцька, 86, м.Херсон, 73013","72","56","16","0","16","0","16","","0","16","0","16","0","16","7","1","2","3","0","3","29.10.12"
"650726","182","Херсонська область","управління водоканала, актова зала, 1-й поверх
пл.ім.Ю.Тутушкіна, 9, м.Херсон, 73000","2400","1268","2395","30","1105","27","1132","","0","1104","27","1131","65","1066","32","77","163","408","21","365","29.10.12"
"650727","182","Херсонська область","Державна морська академія, спортивна зала
просп.Ушакова, 20, м.Херсон, 73022","2032","1007","2019","24","1009","16","1025","","0","1009","16","1025","50","975","44","43","187","322","26","353","30.10.12"
"650728","182","Херсонська область","гімназія №6, хол, 2-й поверх
вул.Пестеля, 4, м.Херсон, 73000","1848","823","1846","13","1014","11","1025","","0","1014","11","1025","44","981","27","48","164","348","20","374","29.10.12"
"650729","182","Херсонська область","гуртожиток політехнічного коледжу, хол, 1-й поверх
вул.40 років Жовтня, 23А, м.Херсон, 73022","2192","1160","2229","18","1018","14","1032","","0","1018","14","1032","73","959","19","34","162","345","25","374","29.10.12"
"650730","182","Херсонська область","школа №30, фойє, 1-й поверх
вул.Молодіжна, 12, м.Херсон, 73013","2416","1179","2384","25","1217","20","1237","","0","1217","20","1237","78","1159","39","61","221","437","26","375","29.10.12"
"650731","182","Херсонська область","школа №30, спортивна зала, 1-й поверх
вул.Молодіжна, 12, м.Херсон, 73013","2232","1300","2206","17","917","15","932","","0","917","15","932","59","873","33","45","162","314","34","285","29.10.12"
"650732","182","Херсонська область","школа гуманітарної праці, хол
вул.Молодіжна, 33, м.Херсон, 73013","2416","1292","2411","17","1114","10","1124","","0","1114","10","1124","80","1044","23","44","137","395","25","420","29.10.12"
"650733","182","Херсонська область","школа №15, фойє, 1-й поверх
пров.Комбайновий, 13, м.Херсон, 73026","2392","1135","2378","33","1230","27","1257","","0","1230","27","1257","93","1164","40","34","213","384","31","462","29.10.12"
"650734","182","Херсонська область","школа №31, хол
просп.Ушакова, 79А, м.Херсон, 73026","2232","1173","2213","32","1035","24","1059","","0","1035","24","1059","77","982","30","46","190","355","20","341","05.11.12"
"650735","182","Херсонська область","школа мистецтв ""Ювента"", хол
вул.Тракторна, 20, м.Херсон, 73022","1984","1103","1993","15","871","10","881","","0","871","10","881","54","827","25","33","105","313","17","334","29.10.12"
"650736","182","Херсонська область","школа №28, спортивна зала, 1-й поверх
пров.Маяковського, 1, м.Херсон, 73022","1544","862","1520","13","672","10","682","","0","672","10","682","58","624","15","39","127","205","20","218","29.10.12"
"650737","182","Херсонська область","музичне училище, фойє, 1-й поверх
просп.Ушакова, 39, м.Херсон, 73022","1560","822","1557","17","727","11","738","","0","727","11","738","45","693","27","22","130","227","18","269","29.10.12"
"650738","182","Херсонська область","школа №34, каб.2
вул.Червонофлотська, 32, м.Херсон, 73010","2288","1291","2278","24","978","19","997","","0","978","19","997","73","924","34","35","145","320","29","361","30.10.12"
"650739","182","Херсонська область","школа №16, спортивна зала, 1-й поверх
вул.Суворова, 2, м.Херсон, 73003","1712","786","1719","8","918","8","926","","0","918","8","926","36","890","20","46","114","337","16","357","29.10.12"
"650740","182","Херсонська область","гімназія №20, їдальня, 1-й поверх
вул.Дзержинського, 2, м.Херсон, 73003","1992","1061","1993","28","912","19","931","","0","912","19","931","65","866","21","31","126","336","23","329","30.10.12"
"650741","182","Херсонська область","комерційне училище, хол, 1-й поверх
просп.Адмірала Сенявіна, 26, м.Херсон, 73034","2000","1153","1993","13","838","9","847","","0","838","9","847","62","785","40","42","100","269","27","307","29.10.12"
"650742","182","Херсонська область","комерційне училище, їдальня, 1-й поверх
просп.Адмірала Сенявіна, 26, м.Херсон, 73034","2160","1176","2137","10","978","6","984","","0","978","6","984","64","920","31","35","139","318","21","376","29.10.12"
"650743","182","Херсонська область","школа №27, хол, 1-й поверх
вул.Будьонного, 8А, м.Херсон, 73034","2376","1178","2352","9","1189","9","1198","","0","1189","9","1198","124","1074","35","50","172","442","25","350","29.10.12"
"650744","182","Херсонська область","школа №27, актова зала, 2-й поверх
вул.Будьонного, 8А, м.Херсон, 73034","2288","1261","2266","11","1016","11","1027","","0","1016","11","1027","56","971","34","45","181","317","23","371","29.10.12"
"650745","182","Херсонська область","Вище професійне училище №2, хол 2, 1-й поверх
Миколаївське шосе, 52, м.Херсон, 73034","2152","1186","2146","10","958","8","966","","0","957","8","965","70","895","34","30","128","325","18","360","30.10.12"
"650746","182","Херсонська область","Вище професійне училище №2, хол 1, 1-й поверх
Миколаївське шосе, 52, м.Херсон, 73034","1856","997","1841","10","849","10","859","","0","849","10","859","64","795","25","36","113","283","27","311","30.10.12"
"650747","182","Херсонська область","школа №33, актова зала, 1-й поверх
селище Приміське, 7, м.Херсон, 73032","2008","1211","2016","11","789","8","797","","0","788","8","796","57","739","16","36","114","287","14","272","30.10.12"
"650748","182","Херсонська область","гуртожиток №4, актова зала, 1-й поверх
вул.Бучми, 20, м.Херсон, 73034","2488","1443","2468","17","1034","11","1045","","0","1034","11","1045","68","977","21","55","148","363","26","364","29.10.12"
"650749","182","Херсонська область","КП ""Таврійський"", хол, 1-й поверх
вул.Карбишева, 19, м.Херсон, 73039","2320","1302","2305","17","1006","12","1018","","0","1006","12","1018","69","949","34","51","140","288","33","403","29.10.12"
"650750","182","Херсонська область","КП ""Таврійський"", актова зала, 1-й поверх
вул.Карбишева, 19, м.Херсон, 73039","2360","1330","2348","16","1017","13","1030","","0","1017","13","1030","73","957","36","60","127","327","26","381","29.10.12"
"650751","182","Херсонська область","школа №4, хол, 1-й поверх
вул.Кости Хетагурова, 59, м.Херсон, 73042","2416","1389","2410","2","1026","1","1027","","0","1026","1","1027","61","966","38","51","142","369","32","334","29.10.12"
"650752","182","Херсонська область","школа №4, хол молодшої школи, 1-й поверх
вул.Кости Хетагурова, 59, м.Херсон, 73042","1848","929","1837","10","910","9","919","","0","910","9","919","75","844","29","52","133","298","20","312","29.10.12"
"650753","182","Херсонська область","Таврійський ліцей мистецтв, фойє, 1-й поверх
вул.Блюхера, 44, м.Херсон, 73042","2448","1399","2457","15","1036","13","1049","","0","1035","13","1048","55","993","34","44","162","345","14","394","30.10.12"
"650754","182","Херсонська область","Академія неперервної освіти, хол, 1-й поверх
вул.Покришева, 41, м.Херсон, 73040","2200","1150","2201","9","1044","6","1050","","0","1044","6","1050","57","993","31","47","129","405","19","362","29.10.12"
"650755","182","Херсонська область","Академія неперервної освіти, хол, 1-й поверх
вул.Покришева, 41, м.Херсон, 73040","1296","720","1285","8","569","7","576","","0","569","7","576","40","536","17","27","75","212","8","197","29.10.12"
"650756","182","Херсонська область","школа №24, хол, 1-й поверх
вул.Карбишева, 32, м.Херсон, 73039","2312","1201","2307","9","1104","7","1111","","0","1104","7","1111","53","1058","48","68","191","395","38","318","29.10.12"
"650757","182","Херсонська область","школа №24, фойє, 1-й поверх
вул.Карбишева, 32, м.Херсон, 73039","2384","1330","2370","6","1051","3","1054","","0","1051","3","1054","86","968","39","53","152","385","19","320","29.10.12"
"650758","182","Херсонська область","школа №41, хол, 1-й поверх
вул.Карбишева, 30, м.Херсон, 73039","2424","1266","2395","11","1151","7","1158","","0","1151","7","1158","67","1091","46","64","145","396","37","403","29.10.12"
"650759","182","Херсонська область","школа №41, хол, 1-й поверх
вул.Карбишева, 30, м.Херсон, 73039","2496","1372","2493","5","1120","4","1124","","0","1120","4","1124","83","1041","22","59","118","368","27","447","29.10.12"
"650760","182","Херсонська область","ДЮСШ №1, спортивна зала, 1-й поверх
просп.200-річчя Херсона, 19, м.Херсон, 73034","2440","1356","2437","12","1074","10","1084","","0","1074","10","1084","53","1031","33","54","127","386","32","399","29.10.12"
"650761","182","Херсонська область","школа №56, їдальня
вул.49-ої Гвардійської Херсонської дивізії, 9, м.Херсон, 73039","2456","1258","2445","12","1189","9","1198","","0","1189","9","1198","70","1128","32","57","132","438","20","449","29.10.12"
"650762","182","Херсонська область","школа №56, актова зала
вул.49-ої Гвардійської Херсонської дивізії, 9, м.Херсон, 73039","2448","1289","2417","14","1150","9","1159","","0","1149","9","1158","103","1055","39","52","126","369","22","447","29.10.12"
"650763","182","Херсонська область","школа №56, їдальня
вул.49-ої Гвардійської Херсонської дивізії, 9, м.Херсон, 73039","2456","1374","2448","6","1077","5","1082","","0","1077","5","1082","42","1040","44","64","116","376","31","409","29.10.12"
"650764","182","Херсонська область","Університет бізнесу і права, хол, 1-й поверх
вул.49-ої Гвардійської Херсонської дивізії, 37А, м.Херсон, 73039","2448","1439","2426","7","1002","7","1009","","0","1002","7","1009","73","936","32","59","107","342","25","371","29.10.12"
"650765","182","Херсонська область","школа №44, хол, 2-й поверх
вул.Академіка Тарле Є.В., 10, м.Херсон, 73040","2464","1293","2441","15","1162","9","1171","","0","1161","9","1170","73","1097","44","61","173","405","20","394","30.10.12"
"650766","182","Херсонська область","школа №44, хол, 2-й поверх
вул.Академіка Тарле Є.В., 10, м.Херсон, 73040","2464","1257","2454","11","1199","8","1207","","0","1199","8","1207","79","1128","33","50","145","468","28","404","30.10.12"
"650767","182","Херсонська область","школа №45, хол, 2-й поверх
вул.Академіка Тарле Є.В., 12, м.Херсон, 73040","2368","1284","2352","7","1078","6","1084","","0","1080","4","1084","80","1004","39","55","150","373","31","356","30.10.12"
"650768","182","Херсонська область","школа №45, їдальня, 1-й поверх
вул.Академіка Тарле Є.В., 12, м.Херсон, 73040","2456","1256","2450","12","1191","9","1200","","0","1191","9","1200","86","1114","33","49","191","404","21","416","29.10.12"
"650773","182","Херсонська область","інфекційна лікарня, конференційна зала, 1-й поверх
вул.Бегми, 1А, м.Херсон, 73032","208","183","33","0","25","0","25","","0","25","0","25","2","23","1","1","5","10","0","6","29.10.12"
"650774","182","Херсонська область","протитуберкульозний диспансер, приймальне відділення, 1-й поверх
Миколаївське шосе, 82, м.Херсон, 73034","584","450","141","31","105","29","134","","0","105","29","134","13","121","8","11","15","63","6","18","29.10.12"
"650775","182","Херсонська область","відділкова лікарня станції Херсон, хол, 1-й поверх
вул.Нестерова, 1А, м.Херсон, 73034","128","106","23","5","17","5","22","","0","17","5","22","0","22","1","2","3","7","3","6","29.10.12"
"650776","182","Херсонська область","лікарня ""ХОСПІС"", палати паліативного відділення
вул.Морська, 4, м.Херсон, 73000","56","26","45","45","0","30","30","","0","0","30","30","2","28","2","1","6","13","1","5","29.10.12"
"650777","182","Херсонська область","пологовий будинок, хол, 1-й поверх
вул.Гоголя, 1, м.Херсон, 73000","72","33","51","4","36","3","39","","0","36","3","39","1","38","0","4","5","16","0","13","29.10.12"
"650778","182","Херсонська область","міська клінічна лікарня, стаціонар, хол, 1-й поверх
просп.Ушакова, 22/1, м.Херсон, 73000","384","292","96","6","86","6","92","","0","86","6","92","5","87","1","9","13","42","0","22","29.10.12"
"650779","182","Херсонська область","госпіталь, поліклініка, хол
просп.Ушакова, 65, м.Херсон, 73000","240","121","122","23","96","23","119","","0","96","23","119","8","111","5","7","38","41","2","18","29.10.12"
"650780","182","Херсонська область","обласна лікарня, хол терапевтичного корпусу, 1-й поверх
просп.Ушакова, 67, м.Херсон, 73000","304","185","126","28","94","25","119","","0","94","25","119","9","110","1","2","8","85","2","12","29.10.12"
"650781","182","Херсонська область","виправна колонія №61, клуб, 3-й поверх
вул.Дружби, 4, м.Херсон, 73024","432","42","397","33","358","32","390","","0","358","32","390","41","349","5","23","8","285","6","22","29.10.12"
"650782","182","Херсонська область","Північна виправна колонія №90, методичний кабінет, 1-й поверх
вул.Некрасова, 234, м.Херсон, 73032","1104","0","1121","25","1079","25","1104","","0","1079","25","1104","164","940","31","54","37","695","30","93","28.10.12"
