"№ ВД","OBO","Назва регіону України","Місцезнаходження та адреса приміщення для голосування","1) К-сть одержаних бюлетенів","2) К-сть невикористаних бюлетенів","3) К-сть виборців, внесених до списку виборців","4) К-сть виборців, внесених до витягу зі списку виборців","5) К-сть виборців, які отримали бюлетені у приміщенні","6) К-сть виборців, які отримали за місцем перебування","7) Сумарна к-сть виборців, які отримали бюлетені","8) К-сть бюлетенів, що виявилися у кожній скринці","9) К-сть бюлетенів, що не підлягають врахуванню","10) К-сть виборців, які взяли участь у голос. у приміщенні для гол.","11) К-сть виборців, які взяли участь у голос. за місцем перебування","12) К-сть виборців, які взяли участь у голосуванні на виборчій дільниці","13) К-сть бюлетенів, визнаних недійсними","14) Сумарна к-сть голосів виборців ЗА","Бульба
Вячеслав
Свиридович","Ворона
Петро
Васильович","Домашенко
Тетяна
Михайлівна","Корнієнко
Сергій
Юрійович","Коряк
Василь
Васильович","Костюк
Віктор
Михайлович","Кравецький
Віктор
Миколайович","Пилипенко
Володимир
Пилипович","Сарана
Віктор
Володимирович","Сірик
Ігор
Володимирович","Чаповський
Олександр
Якович","Дата підписання протоколу"
"530001","148","Полтавська область","школа, коридор
пров.Леніна, 5, смт Велика Багачка, Великобагачанський р-н, Полтавська обл., 38300","2358","923","2331","85","1358","77","1435","","0","1358","77","1435","50","1385","13","499","36","11","51","20","92","567","15","76","5","29.10.12"
"530002","148","Полтавська область","школа мистецтв, актовий зал
вул.Леніна, 22, смт Велика Багачка, Великобагачанський р-н, Полтавська обл., 38300","2172","1028","2164","76","1075","69","1144","","0","1075","69","1144","34","1110","12","378","28","12","43","13","81","435","11","91","6","29.10.12"
"530003","148","Полтавська область","школа, коридор
вул.Миру, 59А, с.Бутова Долина, Великобагачанський р-н, Полтавська обл., 38300","336","132","330","39","165","39","204","","0","165","39","204","11","193","1","37","5","4","3","5","39","78","3","16","2","28.10.12"
"530004","148","Полтавська область","фельдшерсько-акушерський пункт, каб.2
вул.Комсомольська, 26, с.Довгалівка, Великобагачанський р-н, Полтавська обл., 38300","378","138","367","54","187","53","240","","0","187","53","240","5","235","1","60","5","2","2","0","23","120","8","14","0","29.10.12"
"530005","148","Полтавська область","сільський клуб, приміщення для засідань
пров.Щорса, 1, с.Байрак, Великобагачанський р-н, Полтавська обл., 38305","312","84","306","19","210","18","228","","0","210","18","228","11","217","3","57","4","2","4","4","24","99","2","18","0","29.10.12"
"530006","148","Полтавська область","фельдшерсько-акушерський пункт, каб.2
пров.Леніна, 14, с.Затон, Великобагачанський р-н, Полтавська обл., 38300","180","59","175","28","93","28","121","","0","93","28","121","3","118","0","32","6","0","2","2","4","63","3","5","1","29.10.12"
"530007","148","Полтавська область","школа, коридор
вул.Жовтнева, 2А, с.Багачка Перша, Великобагачанський р-н, Полтавська обл., 38330","342","85","340","48","211","46","257","","0","211","46","257","6","251","1","47","4","4","3","1","11","163","2","11","4","28.10.12"
"530008","148","Полтавська область","фельдшерсько-акушерський пункт, кім.2
вул.Комарова, 16, с.Пушкареве, Великобагачанський р-н, Полтавська обл., 38330","162","40","158","6","116","6","122","","0","116","6","122","9","113","2","29","4","3","2","2","10","47","3","9","2","29.10.12"
"530009","148","Полтавська область","школа, коридор
вул.Щорса, 20, с.Семенівка, Великобагачанський р-н, Полтавська обл., 38331","222","72","218","19","131","19","150","","0","131","19","150","12","138","2","45","2","0","5","2","11","58","5","5","3","29.10.12"
"530010","148","Полтавська область","будинок культури, приміщення для засідань
вул.Станіслава Горєва, 27, смт Гоголеве, Великобагачанський р-н, Полтавська обл., 38310","2046","762","2020","110","1193","91","1284","","0","1193","91","1284","31","1253","18","429","13","11","38","11","53","589","20","67","4","29.10.12"
"530011","148","Полтавська область","школа, коридор
вул.Леніна, 2, с.Балаклія, Великобагачанський р-н, Полтавська обл., 38334","468","121","464","51","301","46","347","","0","301","46","347","19","328","4","69","8","11","17","9","23","143","5","39","0","29.10.12"
"530012","148","Полтавська область","школа, коридор
вул.Леніна, 9, с.Білоцерківка, Великобагачанський р-н, Полтавська обл., 38340","690","207","685","97","392","91","483","","0","392","91","483","18","465","5","93","4","5","8","3","34","285","3","24","1","29.10.12"
"530013","148","Полтавська область","школа, коридор
вул.Гоголя, 39, с.Красногорівка, Великобагачанський р-н, Полтавська обл., 38341","762","232","761","68","463","67","530","","0","463","67","530","10","520","2","159","32","7","32","1","26","240","5","15","1","29.10.12"
"530014","148","Полтавська область","фельдшерсько-акушерський пункт, кім.2
вул.Леніна, 22, с.Дзюбівщина, Великобагачанський р-н, Полтавська обл., 38341","222","60","217","16","146","16","162","","0","146","16","162","9","153","1","51","8","6","8","2","4","61","3","9","0","28.10.12"
"530015","148","Полтавська область","школа, коридор
вул.Перемоги, 39, с.Бірки, Великобагачанський р-н, Полтавська обл., 38342","444","142","432","37","266","36","302","","0","266","36","302","9","293","5","55","4","6","5","3","22","157","6","28","2","28.10.12"
"530016","148","Полтавська область","будинок культури, приміщення для засідань
вул.Леніна, 112А, с.Кротівщина, Великобагачанський р-н, Полтавська обл., 38321","618","226","599","60","342","50","392","","0","342","50","392","18","374","4","80","10","8","2","7","21","220","8","12","2","29.10.12"
"530017","148","Полтавська область","клуб, приміщення для засідань
вул.Калініна, 15, с.Мостовівщина, Великобагачанський р-н, Полтавська обл., 38351","318","70","311","22","226","22","248","","0","226","22","248","4","244","0","52","5","5","1","2","17","149","6","7","0","28.10.12"
"530018","148","Полтавська область","клуб, приміщення для засідань
вул.Шкільна, 4А, с.Попове, Великобагачанський р-н, Полтавська обл., 38352","336","82","329","26","228","26","254","","0","228","26","254","14","240","7","56","7","6","1","4","21","124","1","12","1","28.10.12"
"530019","148","Полтавська область","клуб, приміщення для засідань
вул.Леніна, 36А, с.Корнієнки, Великобагачанський р-н, Полтавська обл., 38350","276","47","268","24","205","24","229","","0","205","24","229","4","225","0","37","6","6","2","4","44","111","2","13","0","28.10.12"
"530020","148","Полтавська область","школа, коридор
вул.Першотравнева, 1, с.Матяшівка, Великобагачанський р-н, Полтавська обл., 38314","642","239","636","28","379","24","403","","0","379","24","403","11","392","3","79","15","4","2","6","28","212","2","39","2","29.10.12"
"530021","148","Полтавська область","школа, коридор
вул.Шкільна, 3, с.Михайлівка, Великобагачанський р-н, Полтавська обл., 38312","402","175","394","43","184","43","227","","0","184","43","227","5","222","4","29","3","3","2","1","9","157","0","13","1","28.10.12"
"530022","148","Полтавська область","школа, коридор
вул.Котляревського, 2, с.Мар’янське, Великобагачанський р-н, Полтавська обл., 38313","156","53","152","17","86","17","103","","0","86","17","103","1","102","0","17","3","0","0","0","10","62","1","8","1","29.10.12"
"530023","148","Полтавська область","будинок культури, приміщення для засідань
вул.Жовтнева, 1, с.Остап’є, Великобагачанський р-н, Полтавська обл., 38354","1146","452","1132","107","599","95","694","","0","599","95","694","9","685","9","275","8","9","9","3","19","311","10","28","4","28.10.12"
"530024","148","Полтавська область","школа, коридор
вул.Леніна, 38, с.Поділ, Великобагачанський р-н, Полтавська обл., 38343","474","141","465","60","278","55","333","","0","278","55","333","10","323","2","66","4","0","1","0","8","233","1","8","0","28.10.12"
"530025","148","Полтавська область","клуб, приміщення для засідань
вул.Ворошилова, 55, с.Огирівка, Великобагачанський р-н, Полтавська обл., 38343","252","62","248","40","153","37","190","","0","153","37","190","8","182","0","30","4","2","2","0","4","130","4","6","0","29.10.12"
"530026","148","Полтавська область","школа, коридор
вул.Шкільна, 1, с.Радивонівка, Великобагачанський р-н, Полтавська обл., 38333","1104","517","1089","78","515","72","587","","0","515","72","587","12","575","2","101","6","10","41","5","38","340","3","28","1","28.10.12"
"530027","148","Полтавська область","фельдшерсько-акушерський пункт, каб.2
вул.Шевченка, 40, с.Кравченки, Великобагачанський р-н, Полтавська обл., 38353","180","62","170","27","91","27","118","","0","91","27","118","7","111","0","10","8","0","2","0","21","63","2","5","0","28.10.12"
"530028","148","Полтавська область","школа, коридор
вул.Зелена, 18, с.Рокита, Великобагачанський р-н, Полтавська обл., 38353","678","207","670","50","421","50","471","","0","421","50","471","7","464","4","134","31","9","3","3","34","215","12","18","1","29.10.12"
"530029","148","Полтавська область","школа, коридор
вул.Комарова, 3, с.Степанівка, Великобагачанський р-н, Полтавська обл., 38332","444","157","431","58","230","57","287","","0","230","57","287","5","282","1","74","7","2","11","1","43","125","1","17","0","29.10.12"
"530030","148","Полтавська область","школа, коридор
вул.Шевченка, 2, с.Устивиця, Великобагачанський р-н, Полтавська обл., 38315","1608","688","1594","119","804","116","920","","0","804","116","920","28","892","6","260","20","4","17","12","25","486","9","49","4","29.10.12"
"530031","148","Полтавська область","сільський клуб, приміщення для засідань
вул.Чкалова, 3А, с.Суржки, Великобагачанський р-н, Полтавська обл., 38320","156","48","150","12","96","12","108","","0","96","12","108","3","105","0","4","1","1","3","0","34","51","2","8","1","28.10.12"
"530032","148","Полтавська область","будинок культури, приміщення для засідань
вул.Карла Маркса, 17, с.Широка Долина, Великобагачанський р-н, Полтавська обл., 38320","318","73","309","25","221","24","245","","0","221","24","245","5","240","2","54","5","2","4","1","46","110","7","8","1","28.10.12"
"530033","148","Полтавська область","сільський клуб, приміщення для засідань
вул.Леніна, 19, с.Бехтерщина, Великобагачанський р-н, Полтавська обл., 38320","162","20","160","14","129","13","142","","0","129","13","142","1","141","1","29","1","2","0","0","11","88","1","8","0","28.10.12"
"530034","148","Полтавська область","сільська рада, приміщення для засідань
вул.Леніна, 28А, с.Якимове, Великобагачанський р-н, Полтавська обл., 38322","540","171","533","48","325","44","369","","0","325","44","369","9","360","4","104","6","4","5","9","17","184","6","21","0","29.10.12"
"530035","148","Полтавська область","школа, коридор
вул.Хрущинського, 11, с.Балюки, Великобагачанський р-н, Полтавська обл., 38322","288","90","283","38","161","37","198","","0","161","37","198","7","191","1","30","7","2","0","2","18","107","6","17","1","29.10.12"
"530474","148","Полтавська область","філія ""Лубенський райавтодор"", актова зала
вул.Харківська, 35, с.Засулля, Лубенський р-н, Полтавська обл., 37552","1818","741","1792","26","1051","26","1077","","0","1051","26","1077","34","1043","11","287","22","51","88","21","72","420","6","58","7","29.10.12"
"530475","148","Полтавська область","будинок культури, глядацький зал
вул.Комсомольська, 78, с.Засулля, Лубенський р-н, Полтавська обл., 37552","1680","702","1656","26","956","22","978","","0","956","22","978","30","948","7","299","7","51","117","29","98","278","1","56","5","29.10.12"
"530476","148","Полтавська область","сільський клуб, фойє
вул.Миколенка, 3, с.Солониця, Лубенський р-н, Полтавська обл., 37550","1158","452","1148","24","683","23","706","","0","683","23","706","34","672","3","171","10","40","98","24","50","240","6","28","2","29.10.12"
"530477","148","Полтавська область","школа, фойє
вул.Молодіжна, 5, с.Войниха, Лубенський р-н, Полтавська обл., 37554","954","326","942","35","594","34","628","","0","594","34","628","16","612","6","152","26","11","81","12","56","236","3","25","4","29.10.12"
"530478","148","Полтавська область","сільський клуб, фойє
вул.Леніна, 48, с.Тернівщина, Лубенський р-н, Полтавська обл., 37553","270","84","268","25","165","21","186","","0","165","21","186","2","184","2","78","1","0","16","3","28","52","2","2","0","28.10.12"
"530479","148","Полтавська область","школа, фойє
вул.П’ятикопа, 3, с.Піски, Лубенський р-н, Полтавська обл., 37551","516","176","511","21","319","21","340","","0","319","21","340","15","325","0","61","5","10","38","2","27","170","2","8","2","28.10.12"
"530480","148","Полтавська область","будинок культури, фойє
вул.Радянська, 11, с.Мацківці, Лубенський р-н, Полтавська обл., 37574","654","203","645","63","394","57","451","","0","394","57","451","21","430","3","122","9","11","20","5","57","179","3","19","2","28.10.12"
"530481","148","Полтавська область","школа, кл.8
вул.Радянська, 19, с.Шершнівка, Лубенський р-н, Полтавська обл., 37573","450","170","449","39","250","30","280","","0","250","30","280","20","260","3","47","4","5","21","5","18","140","2","13","2","28.10.12"
"530482","148","Полтавська область","школа, спортивний зал
вул.Пушкіна, 28, с.Березівка, Лубенський р-н, Полтавська обл., 37563","522","180","518","66","285","57","342","","0","285","57","342","8","334","2","148","2","3","19","2","13","117","10","18","0","29.10.12"
"530483","148","Полтавська область","школа, фойє
вул.Котовського, 16, с.Новооріхівка, Лубенський р-н, Полтавська обл., 37562","1248","592","1234","70","592","64","656","","0","592","64","656","27","629","3","87","8","19","28","12","55","378","9","27","3","29.10.12"
"530484","148","Полтавська область","школа, фойє
вул.Шкільна, 1, с.Ромодан, Лубенський р-н, Полтавська обл., 37564","438","131","437","26","281","26","307","","0","281","26","307","7","300","3","87","4","7","11","3","32","137","0","16","0","29.10.12"
"530485","148","Полтавська область","школа, актова зала
вул.Агромістечко, 3А, с.Оріхівка, Лубенський р-н, Полтавська обл., 37560","1152","553","1125","118","486","113","599","","0","486","113","599","26","573","10","79","17","7","27","3","79","320","7","18","6","28.10.12"
"530486","148","Полтавська область","будинок культури, фойє
вул.Урожайна, 53, с.Стадня, Лубенський р-н, Полтавська обл., 37560","168","47","162","9","112","9","121","","0","112","9","121","4","117","0","14","1","4","7","1","14","73","0","3","0","28.10.12"
"530487","148","Полтавська область","сільський клуб, глядацький зал
вул.Леніна, 16, с.Крем’янка, Лубенський р-н, Полтавська обл., 37560","156","39","150","9","108","9","117","","0","108","9","117","2","115","0","14","2","1","3","0","10","77","1","7","0","29.10.12"
"530488","148","Полтавська область","їдальня, зал
вул.Депутатська, 7, с.Матяшівка, Лубенський р-н, Полтавська обл., 37561","108","43","104","8","57","8","65","","0","57","8","65","3","62","1","11","0","1","1","0","0","43","0","5","0","28.10.12"
"530489","148","Полтавська область","школа, ігрова кімната
вул.Леніна, 106, с.Березоточа, Лубенський р-н, Полтавська обл., 37535","780","280","764","40","460","40","500","","0","460","40","500","17","483","1","103","5","15","47","8","31","242","6","24","1","29.10.12"
"530490","148","Полтавська область","дослідна станція лікарських рослин, зал вченої ради
вул.Леніна, 16А, с.Березоточа, Лубенський р-н, Полтавська обл., 37535","462","188","461","25","249","25","274","","0","249","25","274","14","260","5","67","5","8","33","5","10","116","3","8","0","28.10.12"
"530491","148","Полтавська область","будинок культури, фойє
вул.Леніна, 39, с.Вовчик, Лубенський р-н, Полтавська обл., 37533","1170","405","1158","71","705","60","765","","0","705","60","765","16","749","2","257","9","9","105","23","50","272","2","18","2","28.10.12"
"530492","148","Полтавська область","фельдшерсько-акушерський пункт, фойє
вул.Шевченка, 2А, с.Висачки, Лубенський р-н, Полтавська обл., 37534","192","55","188","30","108","29","137","","0","108","29","137","6","131","1","23","1","3","6","3","7","81","0","6","0","28.10.12"
"530493","148","Полтавська область","школа, хол
вул.Радянська, 2, с.Литвяки, Лубенський р-н, Полтавська обл., 37531","564","157","554","35","374","33","407","","0","374","33","407","9","398","1","145","1","4","5","7","17","191","4","21","2","28.10.12"
"530494","148","Полтавська область","сільський клуб, фойє
пров.Гагаріна, 1А, с.Жовтневе, Лубенський р-н, Полтавська обл., 37532","198","51","196","28","120","27","147","","0","120","27","147","6","141","2","35","1","0","5","9","6","75","0","7","1","28.10.12"
"530504","148","Полтавська область","сільський клуб, фойє №1
вул.Леніна, 109В, с.Мгар, Лубенський р-н, Полтавська обл., 37536","330","116","325","41","177","37","214","","0","177","37","214","5","209","2","50","4","9","29","1","15","88","1","8","2","29.10.12"
"530505","148","Полтавська область","сільський клуб, фойє
вул.Дмитра Сірика, 31Б, с.Луки, Лубенський р-н, Полтавська обл., 37536","198","48","199","23","128","22","150","","0","128","22","150","4","146","1","20","2","5","7","0","11","96","0","3","1","29.10.12"
"530506","148","Полтавська область","школа, каб.1
вул.Радянська, 37, с.Вільшанка, Лубенський р-н, Полтавська обл., 37501","384","138","384","55","192","54","246","","0","192","54","246","3","243","2","26","1","9","9","4","17","163","2","0","10","29.10.12"
"530522","148","Полтавська область","школа, актова зала
вул.Халявицького, 12, с.Вищий Булатець, Лубенський р-н, Полтавська обл., 37544","948","368","941","30","553","27","580","","0","553","27","580","14","566","6","137","12","24","32","10","49","273","6","15","2","29.10.12"
"530523","148","Полтавська область","школа, хол
вул.Садова, 1А, с.Нижній Булатець, Лубенський р-н, Полтавська обл., 37545","750","308","754","28","414","28","442","","0","414","28","442","19","423","2","102","6","28","23","4","25","221","1","10","1","28.10.12"
"530524","148","Полтавська область","сільський клуб, фойє
вул.Українська, 27, с.Чуднівці, Лубенський р-н, Полтавська обл., 37571","240","85","237","22","133","22","155","","0","133","22","155","2","153","1","29","8","21","8","1","18","59","0","8","0","29.10.12"
"530525","148","Полтавська область","школа, хол
вул.Леніна, 64В, с.Ісківці, Лубенський р-н, Полтавська обл., 37572","636","235","632","23","382","19","401","","0","382","19","401","19","382","1","98","4","7","36","3","47","164","2","19","1","28.10.12"
"530526","148","Полтавська область","сільський клуб, фойє №1
вул.Вербівчанка, 52А, с.Пулинці, Лубенський р-н, Полтавська обл., 37572","204","64","202","13","127","13","140","","0","127","13","140","4","136","0","50","1","1","13","0","13","43","1","14","0","28.10.12"
"530527","148","Полтавська область","будинок культури, фойє
вул.Леніна, 55, с.Михнівці, Лубенський р-н, Полтавська обл., 37570","690","138","688","68","486","66","552","","0","486","66","552","20","532","2","160","9","8","39","8","44","235","5","18","4","28.10.12"
"530528","148","Полтавська область","сільський клуб, фойє
вул.Шевченка, 40, с.П’ятигірці, Лубенський р-н, Полтавська обл., 37570","180","38","175","20","122","20","142","","0","122","20","142","8","134","1","20","2","6","3","3","24","68","0","7","0","28.10.12"
"530529","148","Полтавська область","сільський клуб, фойє
вул.Леніна, 13, с.Олександрівка, Лубенський р-н, Полтавська обл., 37570","420","45","420","49","326","49","375","","0","326","49","375","5","370","1","126","2","8","25","7","28","143","4","24","2","28.10.12"
"530530","148","Полтавська область","школа, спортивний зал
вул.Дружби, 94, с.В’язівок, Лубенський р-н, Полтавська обл., 37571","384","95","382","41","248","41","289","","0","248","41","289","13","276","3","52","9","7","13","1","19","149","2","20","1","28.10.12"
"530531","148","Полтавська область","сільський клуб, фойє
вул.Гагаріна, 4, с.Терни, Лубенський р-н, Полтавська обл., 37503","354","110","360","20","224","20","244","","0","224","20","244","5","239","5","38","0","6","13","5","18","143","1","9","1","29.10.12"
"530654","148","Полтавська область","школа, фойє
вул.Леніна, 16, смт Оржиця, Оржицький р-н, Полтавська обл., 37700","1980","811","1957","57","1126","43","1169","","0","1126","43","1169","36","1133","7","296","11","12","43","12","40","538","37","134","3","29.10.12"
"530655","148","Полтавська область","районний будинок культури, фойє
вул.Леніна, 75, смт Оржиця, Оржицький р-н, Полтавська обл., 37700","1248","507","1232","21","721","20","741","","0","721","20","741","27","714","4","125","13","9","35","11","21","362","18","111","5","29.10.12"
"530656","148","Полтавська область","сільський клуб, фойє
вул.Пушкіна, 22, с.Маяківка, Оржицький р-н, Полтавська обл., 37715","246","49","240","11","186","11","197","","0","186","11","197","7","190","2","49","7","4","7","3","3","104","2","9","0","29.10.12"
"530657","148","Полтавська область","будинок культури, актова зала
вул.Гагаріна, 1, смт Новооржицьке, Оржицький р-н, Полтавська обл., 37714","1566","723","1540","37","810","33","843","","0","810","33","843","57","786","13","189","14","28","34","18","16","348","60","61","5","29.10.12"
"530658","148","Полтавська область","будинок культури, фойє
вул.Леніна, 12, с.Воронинці, Оржицький р-н, Полтавська обл., 37711","828","302","814","91","443","83","526","","0","443","83","526","24","502","3","135","3","6","9","4","7","276","36","23","0","29.10.12"
"530659","148","Полтавська область","школа, фойє
вул.Жовтневої революції, 12, с.Денисівка, Оржицький р-н, Полтавська обл., 37732","732","244","729","71","419","69","488","","0","419","69","488","22","466","2","196","11","2","2","3","15","185","15","34","1","29.10.12"
"530660","148","Полтавська область","школа, фойє
вул.Леніна, 158, с.Заріг, Оржицький р-н, Полтавська обл., 37740","1116","374","1105","84","665","77","742","","0","665","77","742","16","726","5","234","6","3","11","2","22","345","20","76","2","29.10.12"
"530661","148","Полтавська область","сільський клуб, фойє
вул.Радянська, 18/1, с.Золотухи, Оржицький р-н, Полтавська обл., 37733","318","101","317","17","201","16","217","","0","201","16","217","5","212","2","69","5","3","6","0","14","100","5","8","0","29.10.12"
"530662","148","Полтавська область","будинок культури, фойє
вул.Котовського, 15А, с.Тарасенкове, Оржицький р-н, Полтавська обл., 37734","486","169","479","17","300","17","317","","0","300","17","317","11","306","1","61","5","4","3","4","14","178","8","27","1","29.10.12"
"530663","148","Полтавська область","будинок культури, фойє
вул.Леніна, 65, с.Круподеринці, Оржицький р-н, Полтавська обл., 37721","708","142","702","115","454","112","566","","0","454","112","566","10","556","2","119","4","4","88","3","13","305","6","12","0","29.10.12"
"530664","148","Полтавська область","будинок культури, фойє
вул.Крупської, 30, с.Куйбишеве, Оржицький р-н, Полтавська обл., 37712","1074","440","1060","83","554","80","634","","0","554","80","634","25","609","3","176","15","7","35","3","15","264","59","32","0","29.10.12"
"530665","148","Полтавська область","дитячий садок, актова зала
вул.Леніна, 3, с.Тимки, Оржицький р-н, Полтавська обл., 37725","252","94","250","21","141","17","158","","0","141","17","158","10","148","2","54","6","1","1","3","4","62","4","10","1","29.10.12"
"530666","148","Полтавська область","будинок механізатора, актова зала
вул.Шкільна, 2, с.Хоружівка, Оржицький р-н, Полтавська обл., 37712","162","44","159","18","100","18","118","","0","100","18","118","1","117","0","24","3","1","4","0","3","77","2","3","0","29.10.12"
"530667","148","Полтавська область","школа, актова зала
вул.Центральна, 6, с.Несено-Іржавець, Оржицький р-н, Полтавська обл., 37731","180","72","178","16","92","16","108","","0","92","16","108","4","104","1","12","1","4","11","1","7","3","6","58","0","29.10.12"
"530668","148","Полтавська область","сільський клуб, актова зала
вул.Центральна, 6, с.Іванівка, Оржицький р-н, Полтавська обл., 37712","78","33","75","6","40","5","45","","0","40","5","45","3","42","0","3","0","0","0","0","3","35","0","1","0","29.10.12"
"530669","148","Полтавська область","гуртожиток ПТУ-46, фойє
вул.Леніна, 32, с.Лазірки, Оржицький р-н, Полтавська обл., 37710","1086","428","1068","60","601","57","658","","0","601","57","658","12","646","1","151","6","17","47","9","15","204","172","22","2","29.10.12"
"530670","148","Полтавська область","будинок культури, фойє
вул.Кірова, 28, с.Лазірки, Оржицький р-н, Полтавська обл., 37710","894","350","883","82","464","80","544","","0","464","80","544","14","530","3","113","11","1","39","4","14","205","119","19","2","28.10.12"
"530671","148","Полтавська область","школа, спортзал
вул.Шкільна, 16, с.Лукім’я, Оржицький р-н, Полтавська обл., 37751","462","134","451","73","262","66","328","","0","262","66","328","9","319","2","106","3","4","15","11","6","155","6","10","1","29.10.12"
"530672","148","Полтавська область","сільський клуб, актова зала
вул.Шевченка, 38, с.Нижній Іржавець, Оржицький р-н, Полтавська обл., 37751","174","41","170","19","116","17","133","","0","116","17","133","4","129","1","24","4","1","1","1","1","81","6","9","0","29.10.12"
"530673","148","Полтавська область","школа, фойє
вул.Радянська, 1, с.Онішки, Оржицький р-н, Полтавська обл., 37706","648","228","630","38","385","35","420","","0","385","35","420","11","409","2","145","5","6","5","4","10","208","3","20","1","29.10.12"
"530674","148","Полтавська область","школа, спортзал
вул.Леніна, 50, с.Плехів, Оржицький р-н, Полтавська обл., 37752","510","108","508","32","370","32","402","","0","370","32","402","12","390","2","94","4","3","9","8","10","225","9","24","2","29.10.12"
"530675","148","Полтавська область","сільський клуб, фойє
вул.Леніна, 42, с.Тарасівка, Оржицький р-н, Полтавська обл., 37700","240","68","236","8","164","8","172","","0","164","8","172","1","171","0","32","1","0","8","1","1","112","1","15","0","29.10.12"
"530676","148","Полтавська область","школа, спортзал
вул.Леніна, 78, с.Райозеро, Оржицький р-н, Полтавська обл., 37730","450","173","448","36","248","29","277","","0","248","29","277","8","269","3","70","1","6","10","5","17","118","11","20","8","29.10.12"
"530677","148","Полтавська область","будинок культури, фойє
вул.Бабака, 6Г, с.Савинці, Оржицький р-н, Полтавська обл., 37722","606","169","596","21","419","18","437","","0","419","18","437","16","421","0","183","6","6","22","29","11","146","6","10","2","29.10.12"
"530678","148","Полтавська область","приміщення сільської ради, кімната засідань
вул.Радянська, 3, с.Сазонівка, Оржицький р-н, Полтавська обл., 37723","708","256","697","92","364","88","452","","0","364","88","452","15","437","1","91","6","5","3","9","7","255","7","53","0","29.10.12"
"530679","148","Полтавська область","школа, спортзал
вул.Першотравнева, 24, с.Великоселецьке, Оржицький р-н, Полтавська обл., 37750","642","166","630","44","435","41","476","","0","435","41","476","9","467","3","141","0","5","3","1","13","258","5","37","1","28.10.12"
"530680","148","Полтавська область","приміщення сільської ради, кімната засідань
вул.Молодіжна, 1А, с.Старий Іржавець, Оржицький р-н, Полтавська обл., 37741","480","160","475","8","312","8","320","","0","312","8","320","10","310","3","64","7","5","1","5","10","154","3","55","3","29.10.12"
"530681","148","Полтавська область","будинок культури, фойє
вул.Чкалова, 87, с.Чайківщина, Оржицький р-н, Полтавська обл., 37742","576","183","570","7","386","7","393","","0","386","7","393","9","384","1","132","5","8","0","2","5","180","9","40","2","29.10.12"
"530682","148","Полтавська область","школа, фойє
вул.Леніна, 31, с.Чевельча, Оржицький р-н, Полтавська обл., 37724","570","169","559","51","350","51","401","","0","350","51","401","17","384","2","114","5","2","3","0","15","208","14","20","1","29.10.12"
"530683","148","Полтавська область","приміщення сільської ради, кімната засідань
вул.Центральна, 13, с.Черевки, Оржицький р-н, Полтавська обл., 37713","186","42","187","24","123","21","144","","0","123","21","144","8","136","3","24","4","5","7","0","9","57","18","9","0","29.10.12"
"530684","148","Полтавська область","будинок культури, фойє
вул.Польова, 14, с.Хорошки, Оржицький р-н, Полтавська обл., 37713","204","34","198","19","152","18","170","","0","152","18","170","4","166","2","15","5","6","7","0","17","104","5","4","1","29.10.12"
"530685","148","Полтавська область","будинок культури, фойє
вул.Леніна, 17, с.Чутівка, Оржицький р-н, Полтавська обл., 37743","786","265","777","28","494","27","521","","0","494","27","521","14","507","4","148","5","8","47","6","21","202","12","52","2","28.10.12"
"530686","148","Полтавська область","сільський клуб, актова зала
вул.Леніна, 21, с.Новий Іржавець, Оржицький р-н, Полтавська обл., 37741","276","62","270","16","198","16","214","","0","198","16","214","8","206","0","39","5","2","1","1","8","128","6","15","1","28.10.12"
"530687","148","Полтавська область","школа, фойє
вул.Жовтнева, 60В, с.Яблуневе, Оржицький р-н, Полтавська обл., 37720","510","133","497","65","315","62","377","","0","315","62","377","20","357","0","68","2","7","14","3","12","224","1","18","8","29.10.12"
"530688","148","Полтавська область","сільський клуб, актова зала
вул.Нагірна, 14А, с.Пилиповичі, Оржицький р-н, Полтавська обл., 37720","120","16","113","28","76","28","104","","0","76","28","104","1","103","0","17","0","0","1","0","3","81","0","1","0","29.10.12"
"530818","148","Полтавська область","сільська рада, кімната засідань
вул.Леніна, 59, с.Біляки, Семенівський р-н, Полтавська обл., 38253","768","240","755","68","460","68","528","","0","460","68","528","20","508","2","137","3","6","53","2","37","242","6","20","0","29.10.12"
"530819","148","Полтавська область","сільський будинок культури, зал 1
вул.Леніна, 12, с.Богданівка, Семенівський р-н, Полтавська обл., 38241","528","180","514","35","314","34","348","","0","314","34","348","17","331","7","39","8","5","3","5","26","214","2","19","3","29.10.12"
"530820","148","Полтавська область","сільський клуб, гримерна
вул.Леніна, 42, с.Василівка, Семенівський р-н, Полтавська обл., 38254","600","213","590","64","327","60","387","","0","327","60","387","12","375","0","64","3","3","21","7","40","224","2","10","1","29.10.12"
"530821","148","Полтавська область","сільський будинок культури, гримерна
вул.Леніна, 88, с.Брусове, Семенівський р-н, Полтавська обл., 38255","402","140","398","15","249","13","262","","0","249","13","262","11","251","2","22","5","2","2","1","25","177","0","15","0","29.10.12"
"530822","148","Полтавська область","школа, хол
вул.Жовтнева, 64, с.Вереміївка, Семенівський р-н, Полтавська обл., 38251","798","272","792","65","464","62","526","","0","464","62","526","14","512","7","62","7","12","9","4","51","334","2","20","4","29.10.12"
"530823","148","Полтавська область","сільська рада, кімната засідань
вул.Мічуріна, 17А, с.Веселий Поділ, Семенівський р-н, Полтавська обл., 38250","876","282","873","82","512","82","594","","0","512","82","594","17","577","4","73","6","8","8","1","33","407","2","33","2","30.10.12"
"530824","148","Полтавська область","сільський будинок культури, фойє
вул.Перемоги, 37/1А, с.Паніванівка, Семенівський р-н, Полтавська обл., 38250","672","237","670","63","372","63","435","","0","372","63","435","15","420","7","116","7","7","7","6","22","235","2","9","2","29.10.12"
"530825","148","Полтавська область","сільський будинок культури, фойє
вул.Гагаріна, 21А, с.Горошине, Семенівський р-н, Полтавська обл., 38220","516","167","503","59","292","57","349","","0","292","57","349","11","338","4","106","2","0","11","0","16","175","0","24","0","29.10.12"
"530826","148","Полтавська область","сільський клуб, фойє
вул.Леніна, 52А, с.Старий Калкаїв, Семенівський р-н, Полтавська обл., 38220","108","18","107","16","74","16","90","","0","74","16","90","5","85","1","24","0","0","3","2","7","44","2","2","0","29.10.12"
"530827","148","Полтавська область","сільський клуб, фойє
вул.Кірова, 15А, с.Гаївка, Семенівський р-н, Полтавська обл., 38220","102","23","99","14","66","13","79","","0","66","13","79","3","76","2","10","1","4","1","3","22","29","2","2","0","29.10.12"
"530828","148","Полтавська область","сільський клуб, фойє
вул.Леніна, 11, с.Жовтневе, Семенівський р-н, Полтавська обл., 38240","384","71","375","29","284","29","313","","0","284","29","313","8","305","1","68","5","5","4","2","37","165","1","16","1","29.10.12"
"530829","148","Полтавська область","сільський будинок культури, фойє
вул.Свердлова, 3, с.Калинівка, Семенівський р-н, Полтавська обл., 38232","144","41","135","10","95","8","103","","0","95","8","103","3","100","0","16","1","3","1","3","4","65","0","7","0","29.10.12"
"530830","148","Полтавська область","школа, фойє
вул.Радянська, 33, с.Заїчинці, Семенівський р-н, Полтавська обл., 38252","492","164","485","32","299","29","328","","0","299","29","328","3","325","2","43","4","4","32","4","54","159","3","17","3","29.10.12"
"530831","148","Полтавська область","фельдшерсько-акушерський пункт, фойє
вул.Радянська, 16В, с.Бакумівка, Семенівський р-н, Полтавська обл., 38252","180","45","175","18","120","15","135","","0","120","15","135","2","133","0","13","4","2","2","1","22","82","1","6","0","29.10.12"
"530832","148","Полтавська область","школа, фойє
вул.Серьогіна, 2, с.Іванівка, Семенівський р-н, Полтавська обл., 38260","480","164","474","48","270","46","316","","0","270","46","316","4","312","3","54","3","1","9","4","30","200","1","6","1","29.10.12"
"530833","148","Полтавська область","сільський будинок культури, фойє
вул.Леніна, 45, с.Крива Руда, Семенівський р-н, Полтавська обл., 38262","828","344","823","99","388","96","484","","0","388","96","484","14","470","4","81","13","16","8","1","34","290","4","15","4","29.10.12"
"530834","148","Полтавська область","сільська рада, фойє
вул.Леніна, 3, с.Великі Липняги, Семенівський р-н, Полтавська обл., 38242","240","45","239","15","180","15","195","","0","180","15","195","6","189","4","6","5","4","1","1","32","125","1","7","3","29.10.12"
"530835","148","Полтавська область","школа, класна кімната
вул.Жовтнева, 34, с.Малі Липняги, Семенівський р-н, Полтавська обл., 38242","210","66","209","12","133","11","144","","0","133","11","144","2","142","0","24","6","4","1","0","11","71","2","23","0","29.10.12"
"530836","148","Полтавська область","сільська рада, кімната засідань
вул.Касяненка, 1, с.Наріжжя, Семенівський р-н, Полтавська обл., 38211","300","69","298","34","197","34","231","","0","197","34","231","3","228","0","77","4","3","3","3","31","90","1","15","1","29.10.12"
"530837","148","Полтавська область","сільський клуб, зал
вул.Гагаріна, 68, с.Матвіївка, Семенівський р-н, Полтавська обл., 38215","138","19","136","18","103","16","119","","0","103","16","119","5","114","1","10","1","0","2","3","33","54","0","10","0","29.10.12"
"530838","148","Полтавська область","фельдшерський пункт, оглядовий кабінет
вул.Леніна, 18, с.Новий Калкаїв, Семенівський р-н, Полтавська обл., 38212","84","39","75","9","37","8","45","","0","37","8","45","2","43","0","0","0","1","0","0","9","29","0","4","0","29.10.12"
"530839","148","Полтавська область","школа, фойє
вул.Аеродромна, 2/4, с.Оболонь, Семенівський р-н, Полтавська обл., 38230","1044","425","1035","64","558","61","619","","0","558","61","619","31","588","6","210","13","11","71","16","29","189","4","38","1","29.10.12"
"530840","148","Полтавська область","школа, спортзал
вул.Леніна, 40/43, с.Оболонь, Семенівський р-н, Полтавська обл., 38230","588","220","571","39","332","36","368","","0","332","36","368","15","353","3","121","3","2","47","8","29","102","1","36","1","29.10.12"
"530841","148","Полтавська область","фельдшерсько-акушерський пункт, оглядовий кабінет
вул.Дзержинського, 15А, с.Тукали, Семенівський р-н, Полтавська обл., 38231","228","70","221","33","129","29","158","","0","129","29","158","2","156","1","22","0","2","5","1","15","90","0","20","0","28.10.12"
"530842","148","Полтавська область","школа, спортзал
вул.Леніна, 42А, с.Очеретувате, Семенівський р-н, Полтавська обл., 38231","582","135","578","43","404","43","447","","0","404","43","447","10","437","4","99","6","10","8","10","110","163","7","16","4","29.10.12"
"530843","148","Полтавська область","сільський клуб, зал
вул.Демченко, 4, с.Вільне, Семенівський р-н, Полтавська обл., 38217","198","61","206","9","128","9","137","","0","128","9","137","4","133","1","34","4","1","0","3","9","70","1","10","0","28.10.12"
"530844","148","Полтавська область","школа, хол
вул.Леніна, 23, с.Погребняки, Семенівський р-н, Полтавська обл., 38221","480","154","478","44","284","42","326","","0","284","42","326","6","320","2","75","5","13","17","7","30","144","2","21","4","29.10.12"
"530845","148","Полтавська область","фельдшерсько-акушерський пункт, оглядовий кабінет
вул.Червоноармійська, 26, с.Мирони, Семенівський р-н, Полтавська обл., 38222","198","46","191","30","122","30","152","","0","122","30","152","9","143","2","16","2","0","21","3","20","65","0","13","1","29.10.12"
"530846","148","Полтавська область","ТОВ ім.Шевченка, кімната засідань
вул.Леніна, 27, с.Дем’янівка, Семенівський р-н, Полтавська обл., 38223","342","120","339","16","208","14","222","","0","208","14","222","10","212","4","41","6","8","3","5","13","110","3","16","3","29.10.12"
"530847","148","Полтавська область","сільський будинок культури, зал
вул.Леніна, 40, с.Пузирі, Семенівський р-н, Полтавська обл., 38213","348","86","351","47","220","42","262","","0","220","42","262","6","256","0","60","2","3","6","1","25","141","1","15","2","29.10.12"
"530848","148","Полтавська область","сільський клуб, зал
вул.Перемоги, 1А, с.Бурбине, Семенівський р-н, Полтавська обл., 38213","138","35","134","8","95","8","103","","0","95","8","103","1","102","1","12","2","1","1","1","15","61","0","8","0","29.10.12"
"530849","148","Полтавська область","ПП ""Граніт-Агро"", кімната засідань
вул.Леніна, 48, с.Степанівка, Семенівський р-н, Полтавська обл., 38261","612","155","603","82","375","82","457","","0","375","82","457","6","451","4","102","8","10","11","7","85","208","2","13","1","29.10.12"
"530850","148","Полтавська область","школа, фойє
вул.Кравченка, 79, с.Товсте, Семенівський р-н, Полтавська обл., 38233","210","60","205","28","122","28","150","","0","122","28","150","5","145","1","22","2","2","1","3","6","93","2","10","3","29.10.12"
"530851","148","Полтавська область","фельдшерсько-акушерський пункт, оглядовий кабінет
вул.Братів Шестопал, 27, с.Греблі, Семенівський р-н, Полтавська обл., 38233","198","55","192","26","118","25","143","","0","118","25","143","1","142","0","20","6","2","0","0","7","98","0","9","0","29.10.12"
"530852","148","Полтавська область","сільський клуб, зал
вул.70-річчя Жовтня, 1, с.Новоселиця, Семенівський р-н, Полтавська обл., 38234","294","99","294","30","168","27","195","","0","168","27","195","0","195","3","23","3","1","2","3","40","102","5","11","2","29.10.12"
"530853","148","Полтавська область","сільська рада, кімната засідань
вул.Шевченка, 20, с.Устимівка, Семенівський р-н, Полтавська обл., 38271","504","183","493","36","289","32","321","","0","289","32","321","13","308","5","40","6","6","6","4","28","194","3","14","2","29.10.12"
"530854","148","Полтавська область","школа, фойє
вул.Жовтневої Революції, 6, с.Вербки, Семенівський р-н, Полтавська обл., 38272","372","131","367","17","224","17","241","","0","224","17","241","10","231","3","17","5","3","4","4","33","145","2","15","0","29.10.12"
"530855","148","Полтавська область","сільський клуб, зал
вул.Леніна, 18, с.Герасимівка, Семенівський р-н, Полтавська обл., 38271","168","52","165","17","99","17","116","","0","99","17","116","3","113","1","10","1","3","4","1","17","67","2","6","1","29.10.12"
"530856","148","Полтавська область","сільський клуб, зал
вул.Шевченка, 2Б, с.Єгорівка, Семенівський р-н, Полтавська обл., 38216","258","103","253","6","149","6","155","","0","149","6","155","5","150","1","16","1","2","0","1","25","98","1","5","0","29.10.12"
"530857","148","Полтавська область","сільський клуб, зал
вул.Шевченка, 1Г, с.Чапаєвка, Семенівський р-н, Полтавська обл., 38216","162","52","155","6","104","6","110","","0","104","6","110","4","106","1","11","3","2","3","0","20","62","0","3","1","28.10.12"
"530858","148","Полтавська область","школа, спортивний зал
вул.Чкалова, 19, с.Худоліївка, Семенівський р-н, Полтавська обл., 38210","330","92","324","35","203","35","238","","0","203","35","238","14","224","1","48","1","4","13","11","38","95","1","11","1","29.10.12"
"530859","148","Полтавська область","районний будинок культури, фойє
вул.Чапаєва, 124, смт Семенівка, Семенівський р-н, Полтавська обл., 38200","1536","635","1512","32","881","20","901","","0","881","20","901","31","870","16","206","16","21","27","12","59","439","6","63","5","29.10.12"
"530860","148","Полтавська область","музична школа, актовий зал
вул.Жовтнева, 15, смт Семенівка, Семенівський р-н, Полтавська обл., 38200","2328","1035","2264","65","1240","53","1293","","0","1240","53","1293","50","1243","10","371","28","14","30","14","84","588","9","87","8","29.10.12"
"530861","148","Полтавська область","клуб цукрозаводу, фойє
вул.Ніколаєва, 2, смт Семенівка, Семенівський р-н, Полтавська обл., 38201","1842","780","1830","68","1001","61","1062","","0","1001","61","1062","38","1024","10","219","26","18","53","15","74","540","13","48","8","29.10.12"
"530862","148","Полтавська область","лікарня, хол гінекологічного відділення
вул.Шевченка, 78, смт Семенівка, Семенівський р-н, Полтавська обл., 38200","132","96","41","6","31","5","36","","0","31","5","36","0","36","0","4","1","0","3","0","7","19","1","1","0","29.10.12"
"530863","148","Полтавська область","школа №1, їдальня
вул.Карла Маркса, 110/3, м.Хорол, Хорольський р-н, Полтавська обл., 37800","1740","630","1727","120","995","115","1110","","0","995","115","1110","58","1052","8","346","18","14","81","21","43","417","22","72","10","29.10.12"
"530864","148","Полтавська область","гімназія, хол
вул.Леніна, 33, м.Хорол, Хорольський р-н, Полтавська обл., 37800","1890","837","1878","35","1024","29","1053","","0","1024","29","1053","63","990","6","319","17","23","85","12","50","415","17","43","3","29.10.12"
"530865","148","Полтавська область","школа №3, їдальня
вул.Фрунзе, 70, м.Хорол, Хорольський р-н, Полтавська обл., 37800","1980","857","1959","53","1074","49","1123","","0","1074","49","1123","47","1076","6","339","11","26","81","20","26","500","19","41","7","29.10.12"
"530866","148","Полтавська область","школа №4, майстерня
вул.Молодіжна, 7А, м.Хорол, Хорольський р-н, Полтавська обл., 37800","1326","568","1317","29","731","27","758","","0","731","27","758","40","718","1","235","13","26","21","57","21","300","9","33","2","29.10.12"
"530867","148","Полтавська область","агропромисловий коледж, хол
вул.Леніна, 73, м.Хорол, Хорольський р-н, Полтавська обл., 37800","1938","866","1908","47","1031","41","1072","","0","1031","41","1072","35","1037","7","300","15","32","103","26","41","418","37","57","1","29.10.12"
"530868","148","Полтавська область","міжрегіональний центр, актовий зал
вул.Леніна, 38/1, м.Хорол, Хорольський р-н, Полтавська обл., 37800","1326","593","1308","11","722","11","733","","0","722","11","733","37","696","7","235","10","21","62","18","37","249","13","42","2","29.10.12"
"530869","148","Полтавська область","райсількомунгосп, кімната засідань
вул.Жовтнева, 55, м.Хорол, Хорольський р-н, Полтавська обл., 37800","1158","537","1156","22","602","19","621","","0","602","19","621","24","597","3","160","6","9","70","15","16","267","14","34","3","29.10.12"
"530870","148","Полтавська область","школа, хол
вул.Шевченка, 6, с.Андріївка, Хорольський р-н, Полтавська обл., 37850","618","253","607","58","314","51","365","","0","314","51","365","14","351","3","60","9","10","17","7","18","195","2","26","4","28.10.12"
"530871","148","Полтавська область","тракторна бригада, зал засідань
вул.Степова, 27, с.В’язівок, Хорольський р-н, Полтавська обл., 37851","234","62","228","32","140","32","172","","0","140","32","172","9","163","1","47","0","5","2","3","14","86","0","4","1","29.10.12"
"530872","148","Полтавська область","будинок культури, зал
вул.Леніна, 35, с.Козубівка, Хорольський р-н, Полтавська обл., 37852","348","94","343","29","225","29","254","","0","225","29","254","12","242","1","49","3","5","5","6","12","150","2","9","0","29.10.12"
"530873","148","Полтавська область","сільська рада, зал засідань
вул.Жовтнева, 46, с.Березняки, Хорольський р-н, Полтавська обл., 37811","576","172","565","62","345","59","404","","0","345","59","404","5","399","6","87","8","14","7","11","24","232","2","5","3","29.10.12"
"530874","148","Полтавська область","будинок культури, фойє
вул.Шевченка, 8, с.Вишняки, Хорольський р-н, Полтавська обл., 37860","1626","596","1616","221","841","189","1030","","0","841","189","1030","32","998","4","283","13","8","117","40","33","463","6","26","5","29.10.12"
"530875","148","Полтавська область","сільський клуб, зал
вул.Гагаріна, 10, с.Вербине, Хорольський р-н, Полтавська обл., 37863","102","26","98","5","71","5","76","","0","71","5","76","1","75","0","12","1","0","4","1","16","38","0","3","0","28.10.12"
"530876","148","Полтавська область","фельдшерсько-акушерський пункт, приймальна
вул.Садова, 3, с.Демина Балка, Хорольський р-н, Полтавська обл., 37860","102","20","107","8","74","8","82","","0","74","8","82","3","79","1","7","0","1","4","2","10","53","0","0","1","29.10.12"
"530877","148","Полтавська область","сільський клуб, зал
вул.Широка, 27, с.Костюки, Хорольський р-н, Полтавська обл., 37860","138","31","137","13","94","13","107","","0","94","13","107","2","105","1","18","1","1","4","22","8","41","5","3","1","28.10.12"
"530878","148","Полтавська область","школа, актовий зал
вул.Шевченка, 63, с.Грушине, Хорольський р-н, Полтавська обл., 37841","336","98","329","33","207","31","238","","0","207","31","238","2","236","2","24","1","5","1","0","13","176","5","9","0","29.10.12"
"530879","148","Полтавська область","сільська рада, зал засідань
вул.Перемоги, 8, с.Клепачі, Хорольський р-н, Полтавська обл., 37821","756","312","746","63","382","62","444","","0","382","62","444","13","431","2","107","6","2","29","15","18","233","7","10","2","29.10.12"
"530880","148","Полтавська область","школа, кабінет математики
вул.Жовтнева, 6, с.Вергуни, Хорольський р-н, Полтавська обл., 37873","408","146","398","55","207","55","262","","0","207","55","262","7","255","2","36","1","6","24","6","12","154","5","0","9","29.10.12"
"530881","148","Полтавська область","сільська рада, зал засідань
вул.Жовтнева, 68, с.Ковалі, Хорольський р-н, Полтавська обл., 37840","582","171","575","74","343","68","411","","0","343","68","411","18","393","5","99","7","7","6","9","38","207","2","12","1","28.10.12"
"530882","148","Полтавська область","школа, кл.2
вул.Боровиковського, 4, с.Мелюшки, Хорольський р-н, Полтавська обл., 37840","288","75","287","35","179","34","213","","0","179","34","213","8","205","1","35","3","5","2","7","12","122","0","17","1","29.10.12"
"530883","148","Полтавська область","будинок культури, зал
вул.Леніна, 76, с.Мусіївка, Хорольський р-н, Полтавська обл., 37830","792","285","778","107","415","92","507","","0","415","92","507","17","490","4","114","4","11","14","1","51","263","14","12","2","29.10.12"
"530884","148","Полтавська область","будинок культури, зал
вул.Кірова, 13, с.Новачиха, Хорольський р-н, Полтавська обл., 37820","480","148","479","73","261","71","332","","0","261","71","332","10","322","2","41","2","6","3","4","29","190","9","36","0","29.10.12"
"530885","148","Полтавська область","сільська рада, зал засідань
вул.Леніна, 1, с.Новоаврамівка, Хорольський р-н, Полтавська обл., 37842","798","266","790","62","473","59","532","","0","473","59","532","11","521","6","86","9","14","31","10","19","324","5","14","3","29.10.12"
"530886","148","Полтавська область","будинок культури, зал
вул.Першотравнева, 55, с.Попівка, Хорольський р-н, Полтавська обл., 37843","474","136","464","63","279","59","338","","0","279","59","338","3","335","0","78","7","4","11","1","13","205","2","14","0","28.10.12"
"530887","148","Полтавська область","навчально-виховний комплекс, фойє
вул.Нова, 3, с.Петракіївка, Хорольський р-н, Полтавська обл., 37805","306","69","304","26","212","25","237","","0","212","25","237","1","236","1","34","7","3","56","3","10","90","6","25","1","29.10.12"
"530888","148","Полтавська область","бібліотека, фойє
вул.Гагаріна, 29/2, с.Куторжиха, Хорольський р-н, Полтавська обл., 37805","180","45","175","25","111","24","135","","0","111","24","135","3","132","3","11","2","4","13","3","9","76","2","9","0","29.10.12"
"530889","148","Полтавська область","будинок культури, зал
вул.Комарова, 68, с.Хвощівка, Хорольський р-н, Полтавська обл., 37874","360","98","348","37","226","36","262","","0","226","36","262","9","253","3","76","2","3","24","4","7","123","4","7","0","29.10.12"
"530890","148","Полтавська область","навчально-виховний комплекс, актовий зал
вул.Вокзальна, 4, с.Петрівка, Хорольський р-н, Полтавська обл., 37853","456","164","444","20","272","20","292","","0","272","20","292","11","281","5","39","3","3","10","4","25","160","1","30","1","29.10.12"
"530891","148","Полтавська область","сільський клуб, зал
вул.Леніна, 43, с.Єньки, Хорольський р-н, Полтавська обл., 37853","390","119","388","40","233","38","271","","0","233","38","271","7","264","6","30","5","12","6","2","19","164","1","18","1","29.10.12"
"530892","148","Полтавська область","школа, зал
вул.Леніна, 19, с.Покровська-Багачка, Хорольський р-н, Полтавська обл., 37812","1080","376","1060","133","576","128","704","","0","576","128","704","16","688","3","93","7","6","42","5","27","469","8","25","3","28.10.12"
"530893","148","Полтавська область","фельдшерсько-акушерський пункт, приймальна
вул.Леніна, 14, с.Староаврамівка, Хорольський р-н, Полтавська обл., 37823","396","147","390","35","214","35","249","","0","214","35","249","5","244","3","71","7","3","5","4","7","138","1","4","1","29.10.12"
"530894","148","Полтавська область","сільський клуб, зал
вул.Гагаріна, 18, с.Бутівці, Хорольський р-н, Полтавська обл., 37823","366","116","357","27","224","26","250","","0","224","26","250","13","237","2","51","2","4","2","4","18","132","8","11","3","28.10.12"
"530895","148","Полтавська область","сільський клуб, фойє
вул.Радянська, 7, с.Стайки, Хорольський р-н, Полтавська обл., 37823","102","23","104","11","69","10","79","","0","69","10","79","2","77","0","11","3","1","1","1","10","49","0","1","0","29.10.12"
"530896","148","Полтавська область","школа, зал
вул.Незалежності, 3, с.Ульянівка, Хорольський р-н, Полтавська обл., 37823","234","69","228","31","135","30","165","","0","135","30","165","7","158","2","28","6","2","7","4","14","83","1","10","1","29.10.12"
"530897","148","Полтавська область","сільський клуб, фойє
вул.Шевченка, 20, с.Пристань, Хорольський р-н, Полтавська обл., 37800","288","123","277","39","129","36","165","","0","129","36","165","4","161","2","32","3","2","6","1","10","95","2","6","2","29.10.12"
"530898","148","Полтавська область","будинок культури, фойє
вул.Центральна, 37, с.Тарасівка, Хорольський р-н, Полтавська обл., 37810","450","142","443","36","273","35","308","","0","273","35","308","10","298","0","68","2","9","24","11","18","156","2","6","2","29.10.12"
"530899","148","Полтавська область","сільський клуб, зал
вул.Центральна, 34, с.Єрківці, Хорольський р-н, Полтавська обл., 37810","174","42","175","16","117","15","132","","0","117","15","132","6","126","0","16","2","5","8","3","7","73","2","9","1","29.10.12"
"530900","148","Полтавська область","школа, актовий зал
вул.Єршова, 77, с.Трубайці, Хорольський р-н, Полтавська обл., 37861","558","168","553","87","305","85","390","","0","305","85","390","6","384","0","95","3","3","29","5","15","228","2","4","0","28.10.12"
"530901","148","Полтавська область","сільський клуб, зал
вул.Шевченка, 21, с.Бовбасівка, Хорольський р-н, Полтавська обл., 37861","198","48","201","21","131","19","150","","0","131","19","150","6","144","0","20","4","3","0","4","15","92","0","4","2","28.10.12"
"530902","148","Полтавська область","будинок культури, фойє
вул.Шевченка, 47, с.Хильківка, Хорольський р-н, Полтавська обл., 37831","462","128","456","45","289","45","334","","0","289","45","334","8","326","2","62","6","9","28","17","25","147","4","25","1","29.10.12"
"530903","148","Полтавська область","будинок культури, зал
вул.Шевченка, 30, с.Шишаки, Хорольський р-н, Полтавська обл., 37822","630","192","626","100","340","98","438","","0","340","98","438","15","423","3","81","8","8","29","13","15","245","3","18","0","28.10.12"
"530904","148","Полтавська область","фельдшерсько-акушерський пункт, приймальна
вул.Першотравнева, 12, с.Павлівка, Хорольський р-н, Полтавська обл., 37822","204","32","196","26","146","26","172","","0","146","26","172","9","163","0","28","1","3","4","3","1","119","0","4","0","28.10.12"
"530905","148","Полтавська область","школа, хол
вул.Центральна, 38, с.Штомпелівка, Хорольський р-н, Полтавська обл., 37832","1026","422","1013","52","553","51","604","","0","553","51","604","19","585","5","193","6","26","24","18","53","221","5","30","4","28.10.12"
"530906","148","Полтавська область","сільський клуб, зал
вул.Центральна, 15Б, с.Ковтуни, Хорольський р-н, Полтавська обл., 37832","228","87","230","29","116","25","141","","0","116","25","141","4","137","0","27","2","4","5","3","12","75","2","6","1","28.10.12"
"530907","148","Полтавська область","сільський клуб, зал
вул.Молодіжна, 10А, с.Наталівка, Хорольський р-н, Полтавська обл., 37832","126","33","125","10","83","10","93","","0","83","10","93","7","86","0","11","1","3","3","2","25","38","2","1","0","28.10.12"
"530908","148","Полтавська область","школа, зал
вул.Центральна, 126, с.Ялосовецьке, Хорольський р-н, Полтавська обл., 37862","516","127","512","48","341","48","389","","0","341","48","389","15","374","0","51","2","4","113","1","15","180","2","5","1","29.10.12"
"530909","148","Полтавська область","сільський клуб, зал
вул.8 Березня, 14Г, с.Бригадирівка, Хорольський р-н, Полтавська обл., 37871","336","110","334","31","200","26","226","","0","200","26","226","3","223","1","8","2","4","126","1","4","74","0","3","0","28.10.12"
"530910","148","Полтавська область","тракторна бригада, зал засідань
вул.Гурова, 1, с.Кривці, Хорольський р-н, Полтавська обл., 37864","258","88","251","16","158","12","170","","0","158","12","170","5","165","3","29","2","6","35","0","13","69","2","4","2","29.10.12"
"530911","148","Полтавська область","сільський клуб, зал
вул.Молодіжна, 14А, с.Орликівщина, Хорольський р-н, Полтавська обл., 37863","174","72","172","17","87","15","102","","0","87","15","102","11","91","2","13","3","3","7","1","10","49","1","1","1","28.10.12"
"530912","148","Полтавська область","школа, актовий зал
вул.Фрунзе, 114, с.Новоіванівка, Хорольський р-н, Полтавська обл., 37863","450","145","445","80","235","70","305","","0","235","70","305","10","295","0","26","1","6","91","4","7","150","3","7","0","29.10.12"
"531002","148","Полтавська область","лісотехнічний коледж, мала актова зала
вул.Тернівська, 21, м.Лубни, Полтавська обл., 37500","2082","854","2083","32","1198","30","1228","","0","1198","30","1228","37","1191","6","304","23","93","118","44","105","425","7","62","4","29.10.12"
"531003","148","Полтавська область","школа №4, спортзал
вул.Льва Толстого, 72, м.Лубни, Полтавська обл., 37500","1956","749","1942","59","1151","56","1207","","0","1151","56","1207","33","1173","4","250","17","47","103","25","121","492","7","102","5","29.10.12"
"531004","148","Полтавська область","автотранспортне прідприємство №15355, зала засідань
вул.Драгоманова, 33, м.Лубни, Полтавська обл., 37500","2016","823","1997","21","1172","21","1193","","0","1172","21","1193","42","1151","4","296","13","42","118","20","92","467","7","89","3","29.10.12"
"531005","148","Полтавська область","школа №10, фойє
вул.Генерала Ляскіна, 2, м.Лубни, Полтавська обл., 37500","1986","813","1982","32","1148","25","1173","","0","1148","25","1173","41","1132","4","284","14","53","88","37","107","440","7","97","1","29.10.12"
"531006","148","Полтавська область","фінансово-економічний коледж, читальна зала
вул.Ярослава Мудрого, 23/1, м.Лубни, Полтавська обл., 37500","1944","760","1952","42","1149","35","1184","","0","1149","35","1184","38","1146","12","273","15","61","112","25","94","450","15","83","6","29.10.12"
"531007","148","Полтавська область","кінотеатр ""Київська Русь"", фойє
вул.Радянська, 16, м.Лубни, Полтавська обл., 37500","2004","894","1975","53","1067","43","1110","","0","1067","43","1110","40","1070","3","208","15","46","76","27","92","522","8","71","2","29.10.12"
"531008","148","Полтавська область","професійний ліцей, спортзал
вул.Монастирська, 3, м.Лубни, Полтавська обл., 37500","2100","908","2081","30","1163","29","1192","","0","1163","29","1192","34","1158","7","255","20","69","117","36","85","476","23","65","5","29.10.12"
"531009","148","Полтавська область","Лубенське комунальне підприємство фірма ""Житло"", фойє
вул.Радянська, 99, м.Лубни, Полтавська обл., 37500","1902","819","1884","26","1060","23","1083","","0","1060","23","1083","42","1041","2","218","15","122","32","76","26","445","13","87","5","29.10.12"
"531010","148","Полтавська область","Лубнитеплоенерго, зала прийому громадян
вул.Чкалова Валерія, 17, м.Лубни, Полтавська обл., 37500","1980","772","1969","28","1186","22","1208","","0","1186","22","1208","56","1152","3","297","25","45","103","45","117","413","10","87","7","29.10.12"
"531011","148","Полтавська область","школа №6, спортзал
вул.Монастирська, 36, м.Лубни, Полтавська обл., 37500","2022","826","2017","60","1144","52","1196","","0","1144","52","1196","49","1147","6","252","15","61","79","40","122","491","7","61","13","29.10.12"
"531012","148","Полтавська область","міський будинок культури, фойє
пров.Червоноармійської, 17, м.Лубни, Полтавська обл., 37500","1956","822","1936","36","1102","32","1134","","0","1102","32","1134","37","1097","4","195","9","48","68","28","153","474","10","93","15","29.10.12"
"531013","148","Полтавська область","школа №2, фойє
вул.Радянська, 62/1, м.Лубни, Полтавська обл., 37500","1992","827","1986","46","1126","39","1165","","0","1126","39","1165","30","1135","2","250","21","70","107","32","79","479","14","76","5","29.10.12"
"531014","148","Полтавська область","міжгалузеве підприємство промислового залізничного транспорту, актова зала
вул.Метеорологічна, 39, м.Лубни, Полтавська обл., 37500","1938","732","1922","71","1143","63","1206","","0","1143","63","1206","28","1178","4","242","16","47","203","37","59","491","10","63","6","28.10.12"
"531015","148","Полтавська область","ЗАТ Лубенський ремонтний завод, актова зала
вул.Радянська, 167, м.Лубни, Полтавська обл., 37500","1980","933","1967","31","1018","29","1047","","0","1018","29","1047","41","1006","5","266","9","36","128","38","51","428","13","29","3","29.10.12"
"531016","148","Полтавська область","міський комітет товариства сприяння оборони України, фойє
вул.Радянська, 159, м.Лубни, Полтавська обл., 37500","1926","860","1917","22","1048","18","1066","","0","1048","18","1066","34","1032","7","251","14","43","114","55","70","405","8","63","2","29.10.12"
"531017","148","Полтавська область","школа №8, актовий зал
вул.Радянська, 104/1, м.Лубни, Полтавська обл., 37500","2268","1090","2247","18","1161","17","1178","","0","1161","17","1178","22","1155","8","301","22","54","111","107","66","430","9","36","11","29.10.12"
"531018","148","Полтавська область","школа №7, спортзал
вул.Петра Слинька, 40, м.Лубни, Полтавська обл., 37500","2412","1086","2404","13","1313","13","1326","","0","1313","13","1326","52","1274","3","319","15","64","139","78","114","444","10","73","15","29.10.12"
"531019","148","Полтавська область","школа №3, фойє
вул.Петра Слинька, 8/2, м.Лубни, Полтавська обл., 37500","1926","773","1910","33","1126","27","1153","","0","1126","27","1153","43","1110","5","276","20","73","118","51","54","452","12","43","6","29.10.12"
"531020","148","Полтавська область","районний будинок культури, фойє
вул.Гомона Антона, 15, м.Лубни, Полтавська обл., 37500","2088","938","2102","73","1087","63","1150","","0","1087","63","1150","32","1118","6","238","14","47","131","36","69","510","13","47","7","29.10.12"
"531021","148","Полтавська область","навчально-виховний коплекс №9, фойє
вул.Автомобільна, 4, м.Лубни, Полтавська обл., 37500","1356","573","1350","26","759","24","783","","0","759","24","783","21","762","7","175","18","33","101","42","50","301","6","26","3","29.10.12"
