"№ ВД","OBO","Назва регіону України","Місцезнаходження та адреса приміщення для голосування","1) К-сть одержаних бюлетенів","2) К-сть невикористаних бюлетенів","3) К-сть виборців, внесених до списку виборців","4) К-сть виборців, внесених до витягу зі списку виборців","5) К-сть виборців, які отримали бюлетені у приміщенні","6) К-сть виборців, які отримали за місцем перебування","7) Сумарна к-сть виборців, які отримали бюлетені","8) К-сть бюлетенів, що виявилися у кожній скринці","9) К-сть бюлетенів, що не підлягають врахуванню","10) К-сть виборців, які взяли участь у голос. у приміщенні для гол.","11) К-сть виборців, які взяли участь у голос. за місцем перебування","12) К-сть виборців, які взяли участь у голосуванні на виборчій дільниці","13) К-сть бюлетенів, визнаних недійсними","14) Сумарна к-сть голосів виборців ЗА","Войтович
Віталій
Володимирович","Загрева
Борис
Юхимович","Іванченко
Олександр
Анатолійович","Карпюк
Роман
Петрович","Красуля
Володимир
Анатолійович","Мартиняк
Сергій
Васильович","Маткобожик
Анатолій
Андрійович","Українець
Михайло
Григорович","Дата підписання протоколу"
"000001","20","Волинська область","кабінет фізіотерапевтичних процедур
вул.Шкільна ,4А, с.Білосток, Луцький р-н, Волинська обл., 45641","40","5","35","9","26","9","35","","0","26","9","35","0","35","0","1","0","0","1","33","0","0","29.10.12"
"070068","20","Волинська область","будинок культури, фойє
вул.Паркова, 10, м.Горохів, Горохівський р-н, Волинська обл., 45700","1960","780","1941","71","1118","62","1180","","0","1118","62","1180","12","1168","19","235","96","555","44","188","10","21","29.10.12"
"070069","20","Волинська область","школа №1, актова зала
вул.Лисенка, 26, м.Горохів, Горохівський р-н, Волинська обл., 45700","1280","514","1269","21","748","18","766","","0","748","18","766","25","741","15","167","55","313","21","139","14","17","29.10.12"
"070070","20","Волинська область","Горохівський коледж Львівського національного аграрного університету, фойє
вул.Студентська, 10, м.Горохів, Горохівський р-н, Волинська обл., 45700","1240","502","1196","27","711","27","738","","0","711","27","738","16","722","17","136","63","311","30","141","8","16","29.10.12"
"070071","20","Волинська область","бібліотека, актова зала
вул.Шевченка, 16, м.Горохів, Горохівський р-н, Волинська обл., 45700","1296","479","1286","22","798","19","817","","0","798","19","817","9","808","20","152","46","418","57","90","14","11","28.10.12"
"070072","20","Волинська область","школа-гімназія, спортивна зала
вул.Грушевського, 5А, м.Горохів, Горохівський р-н, Волинська обл., 45700","1128","397","1112","16","719","12","731","","0","719","12","731","10","721","11","152","51","342","38","115","5","7","29.10.12"
"070073","20","Волинська область","міська рада, фойє
вул.Шевченка, 2, м.Берестечко, Горохівський р-н, Волинська обл., 45765","1176","456","1167","76","661","59","720","","0","661","59","720","14","706","22","89","39","264","48","230","5","9","29.10.12"
"070074","20","Волинська область","школа, спортивна зала
вул.Соборна, 2, смт Мар’янівка, Горохівський р-н, Волинська обл., 45744","2112","877","2085","46","1189","46","1235","","0","1189","46","1235","21","1214","19","148","82","522","53","370","6","14","29.10.12"
"070075","20","Волинська область","будинок культури, фойє
вул.Шевченка, 29, смт Сенкевичівка, Горохівський р-н, Волинська обл., 45750","920","281","913","67","572","67","639","","0","572","67","639","11","628","19","95","30","212","141","111","15","5","29.10.12"
"070076","20","Волинська область","будинок культури, фойє
вул.Центральна, 18, с.Бережанка, Горохівський р-н, Волинська обл., 45712","408","128","403","35","251","29","280","","0","251","29","280","5","275","4","18","6","174","1","68","4","0","29.10.12"
"070077","20","Волинська область","сільський клуб, актова зала
вул.Молодіжна, 2, с.Брани, Горохівський р-н, Волинська обл., 45746","528","190","516","70","282","56","338","","0","282","56","338","6","332","12","68","24","73","13","123","5","14","29.10.12"
"070078","20","Волинська область","будинок культури, фойє
вул.Центральна, 76, с.Борисковичі, Горохівський р-н, Волинська обл., 45748","376","118","377","31","227","31","258","","0","227","31","258","9","249","10","43","17","83","14","77","1","4","29.10.12"
"070079","20","Волинська область","будинок культури, актова зала
вул.Зарічна, 35, с.Довгів, Горохівський р-н, Волинська обл., 45747","440","101","428","41","299","40","339","","0","299","40","339","0","339","8","113","30","95","6","83","1","3","29.10.12"
"070080","20","Волинська область","школа, спортивна зала
вул.Млинова, 4А, с.Бужани, Горохівський р-н, Волинська обл., 45770","768","201","755","53","514","53","567","","0","514","53","567","9","558","13","102","11","98","116","198","8","12","29.10.12"
"070081","20","Волинська область","школа, спортивна зала
вул.Селянська, 12А, с.Ржищів, Горохівський р-н, Волинська обл., 45771","424","87","421","33","304","33","337","","0","304","33","337","8","329","12","54","11","83","4","157","3","5","29.10.12"
"070082","20","Волинська область","будинок культури, актова зала
вул.Центральна, 25, с.Ватин, Горохівський р-н, Волинська обл., 45710","240","38","238","25","178","24","202","","0","178","24","202","0","202","3","82","2","32","1","82","0","0","29.10.12"
"070083","20","Волинська область","школа, спортивна зала
вул.Шкільна, 2, с.Ватинець, Горохівський р-н, Волинська обл., 45710","104","20","103","6","79","5","84","","0","79","5","84","3","81","2","21","3","10","1","40","4","0","29.10.12"
"070084","20","Волинська область","будинок культури, актова зала
вул.Шевченка, 8, с.Вільхівка, Горохівський р-н, Волинська обл., 45723","592","164","585","35","396","32","428","","0","396","32","428","5","423","9","89","26","197","13","80","3","6","29.10.12"
"070085","20","Волинська область","фельдшерсько-акушерський пункт, приймальне відділення
вул.Центральна, 38, с.Ярівка, Горохівський р-н, Волинська обл., 45723","320","102","319","27","193","25","218","","0","193","25","218","4","214","8","51","10","76","6","57","5","1","29.10.12"
"070086","20","Волинська область","школа, спортивна зала
вул.Шкільна, 21, с.Галичани, Горохівський р-н, Волинська обл., 45723","536","115","541","50","373","48","421","","0","373","48","421","0","421","3","11","5","29","11","358","2","2","29.10.12"
"070087","20","Волинська область","школа, спортивна зала
вул.Ставкова, 11, с.Новий Зборишів, Горохівський р-н, Волинська обл., 45760","80","19","82","13","50","11","61","","0","50","11","61","1","60","4","4","2","7","2","41","0","0","29.10.12"
"070088","20","Волинська область","школа, спортивна зала
вул.Шкільна, 2, с.Хмельницьке, Горохівський р-н, Волинська обл., 45745","176","37","176","26","113","26","139","","0","113","26","139","2","137","3","23","2","25","0","78","5","1","29.10.12"
"070089","20","Волинська область","фельдшерсько-акушерський пункт, приймальне відділення
вул.Лісова, 20, с.Горішнє, Горохівський р-н, Волинська обл., 45756","184","38","178","23","123","23","146","","0","123","23","146","3","143","7","23","6","21","3","77","3","3","29.10.12"
"070090","20","Волинська область","сільський клуб, актова зала
вул.Юрія Гагаріна, 15, с.Іванівка, Горохівський р-н, Волинська обл., 45756","296","65","295","38","196","35","231","","0","196","35","231","4","227","7","42","12","58","2","101","2","3","29.10.12"
"070091","20","Волинська область","школа, спортивна зала
вул.Шкільна, 12, с.Новостав, Горохівський р-н, Волинська обл., 45756","328","80","325","41","209","39","248","","0","209","39","248","4","244","3","33","8","82","4","113","1","0","29.10.12"
"070092","20","Волинська область","будинок культури, актова зала
вул.Тиха, 8, с.Губин Перший, Горохівський р-н, Волинська обл., 45726","320","70","325","18","232","18","250","","0","232","18","250","2","248","4","52","17","61","16","94","1","3","29.10.12"
"070093","20","Волинська область","фельдшерсько-акушерський пункт, приймальне відділення
вул.Польова, 20, с.Ниви-Губинські, Горохівський р-н, Волинська обл., 45750","72","11","74","10","51","10","61","","0","51","10","61","0","61","2","4","1","18","1","35","0","0","29.10.12"
"070094","20","Волинська область","сільський клуб, актова зала
вул.Вчительська, 4, с.Жабче, Горохівський р-н, Волинська обл., 45753","344","119","339","26","202","23","225","","0","202","23","225","6","219","9","62","8","76","8","48","6","2","29.10.12"
"070095","20","Волинська область","будинок культури, актова зала
вул.Луцька, 38, с.Журавники, Горохівський р-н, Волинська обл., 45737","608","172","597","62","379","57","436","","0","379","57","436","5","431","19","79","32","136","9","141","4","11","29.10.12"
"070096","20","Волинська область","школа, спортивна зала
вул.Шевченка, 1, с.Волиця-Дружкопільська, Горохівський р-н, Волинська обл., 45737","184","24","188","13","149","11","160","","0","149","11","160","1","159","4","19","5","41","1","86","1","2","29.10.12"
"070097","20","Волинська область","школа, спортивна зала
вул.Шкільна, 40, с.Звиняче, Горохівський р-н, Волинська обл., 45725","816","267","807","63","493","56","549","","0","493","56","549","13","536","22","93","32","192","67","111","8","11","29.10.12"
"070098","20","Волинська область","школа, спортивна зала
вул.Центральна, 31, с.Красів, Горохівський р-н, Волинська обл., 45725","208","61","202","20","128","19","147","","0","128","19","147","6","141","5","21","5","54","10","29","4","13","29.10.12"
"070099","20","Волинська область","сільський клуб, актова зала
вул.Нова, 1, с.Квасів, Горохівський р-н, Волинська обл., 45735","384","96","380","35","259","29","288","","0","259","29","288","8","280","18","46","30","49","3","123","6","5","29.10.12"
"070100","20","Волинська область","фельдшерсько-акушерський пункт, приймальне відділення
вул.Козацька, 5, с.Охлопів, Горохівський р-н, Волинська обл., 45736","408","141","402","40","231","36","267","","0","231","36","267","4","263","9","49","14","67","8","105","4","7","29.10.12"
"070101","20","Волинська область","школа, спортивна зала
вул.Центральна, 74, с.Колодеже, Горохівський р-н, Волинська обл., 45751","416","128","409","28","262","26","288","","0","262","26","288","6","282","5","58","15","72","15","101","8","8","29.10.12"
"070102","20","Волинська область","сільський клуб, актова зала
вул.Незалежності, 20, с.Наталин, Горохівський р-н, Волинська обл., 45751","128","33","123","4","91","4","95","","0","91","4","95","2","93","2","16","5","29","10","26","2","3","29.10.12"
"070103","20","Волинська область","сільський клуб, актова зала
вул.Центральна, 1, с.Лемешів, Горохівський р-н, Волинська обл., 45731","368","82","363","37","250","36","286","","0","250","36","286","6","280","3","33","33","71","15","112","2","11","29.10.12"
"070104","20","Волинська область","фельдшерсько-акушерський пункт, приймальне відділення
вул.Центральна, 20, с.Козятин, Горохівський р-н, Волинська обл., 45731","168","47","169","19","103","18","121","","0","103","18","121","2","119","3","7","5","68","3","31","1","1","29.10.12"
"070105","20","Волинська область","будинок культури, фойє
вул.Незалежності, 29А, с.Лобачівка, Горохівський р-н, Волинська обл., 45760","600","198","596","34","368","34","402","","0","368","34","402","4","398","5","87","13","111","10","169","2","1","29.10.12"
"070106","20","Волинська область","школа, спортивна зала
вул.Миру, 42А, с.Волиця-Лобачівська, Горохівський р-н, Волинська обл., 45760","232","54","226","8","170","8","178","","0","170","8","178","1","177","3","58","6","21","3","80","6","0","29.10.12"
"070107","20","Волинська область","школа, спортивна зала
вул.Грушевського, 59А, с.Колмів, Горохівський р-н, Волинська обл., 45760","176","51","172","22","103","22","125","","0","103","22","125","3","122","0","13","4","21","1","82","1","0","29.10.12"
"070108","20","Волинська область","будинок культури, фойє
вул.Б.Хмельницького, 15А, с.Мерва, Горохівський р-н, Волинська обл., 45766","416","129","406","15","272","15","287","","0","272","15","287","10","277","8","41","9","79","5","124","2","9","29.10.12"
"070109","20","Волинська область","фельдшерсько-акушерський пункт, приймальне відділення
вул.Майданська, 11А, с.Буркачі, Горохівський р-н, Волинська обл., 45766","264","47","262","29","191","26","217","","0","191","26","217","3","214","4","17","5","124","2","57","2","3","29.10.12"
"070110","20","Волинська область","фельдшерсько-акушерський пункт, приймальне відділення
вул.Лісова, 2А, с.Диковини, Горохівський р-н, Волинська обл., 45766","216","70","217","24","122","24","146","","0","122","24","146","2","144","1","50","3","39","2","44","2","3","29.10.12"
"070111","20","Волинська область","школа, спортивна зала
вул.Молодіжна, 28А, с.Кутрів, Горохівський р-н, Волинська обл., 45781","408","120","401","33","256","32","288","","0","256","32","288","9","279","4","38","13","81","14","122","4","3","29.10.12"
"070112","20","Волинська область","школа, спортивна зала
вул.Хорольського, 2, с.Мирків, Горохівський р-н, Волинська обл., 45732","480","128","469","31","324","28","352","","0","324","28","352","3","349","6","83","26","77","5","143","4","5","29.10.12"
"070113","20","Волинська область","будинок культури, фойє
вул.Леніна, 19, с.Мирне, Горохівський р-н, Волинська обл., 45711","944","356","928","81","512","76","588","","0","512","76","588","4","584","4","40","9","453","17","57","4","0","29.10.12"
"070114","20","Волинська область","сільська рада, зала засідань
вул.Молодіжна, 1, с.Михлин, Горохівський р-н, Волинська обл., 45714","240","61","235","16","163","16","179","","0","163","16","179","5","174","5","51","5","55","2","48","6","2","29.10.12"
"070115","20","Волинська область","фельдшерсько-акушерський пункт, приймальне відділення
вул.Центральна, 9, с.Загаї, Горохівський р-н, Волинська обл., 45714","88","10","94","5","73","5","78","","0","73","5","78","1","77","2","6","2","34","1","32","0","0","29.10.12"
"070116","20","Волинська область","школа, спортивна зала
вул.Паркова, 5, с.Новосілки, Горохівський р-н, Волинська обл., 45754","384","112","373","29","243","29","272","","0","243","29","272","8","264","2","51","10","89","10","93","3","6","29.10.12"
"070117","20","Волинська область","школа, спортивна зала
вул.Центральна, 22, с.Мислині, Горохівський р-н, Волинська обл., 45754","240","78","236","17","146","16","162","","0","146","16","162","6","156","4","36","6","39","8","58","2","3","29.10.12"
"070118","20","Волинська область","будинок культури, фойє
вул.Шкільна, 12, с.Перемиль, Горохівський р-н, Волинська обл., 45763","776","261","768","65","451","64","515","","0","451","64","515","12","503","16","106","47","155","26","134","7","12","29.10.12"
"070119","20","Волинська область","школа, спортивна зала
вул.Богуна, 8, с.Богунівка, Горохівський р-н, Волинська обл., 45763","88","17","82","4","67","4","71","","0","67","4","71","0","71","2","1","2","34","0","31","1","0","29.10.12"
"070120","20","Волинська область","адміністративний будинок, зала засідань
вул.Промислова, 15, с.Гумнище, Горохівський р-н, Волинська обл., 45763","232","55","223","16","161","16","177","","0","161","16","177","3","174","4","74","9","16","4","61","4","2","29.10.12"
"070121","20","Волинська область","сільський клуб, актова зала
вул.Луцька, 21, с.Липа, Горохівський р-н, Волинська обл., 45763","232","54","231","27","151","27","178","","0","151","27","178","6","172","9","39","7","41","1","63","6","6","29.10.12"
"070122","20","Волинська область","фельдшерсько-акушерський пункт, приймальне відділення
вул.Берестецька, 20, с.Старики, Горохівський р-н, Волинська обл., 45764","464","130","446","20","314","20","334","","0","314","20","334","7","327","6","25","19","110","6","153","5","3","29.10.12"
"070123","20","Волинська область","школа, спортивна зала
вул.Пришкільна, 33, с.Печихвости, Горохівський р-н, Волинська обл., 45734","688","231","683","59","398","59","457","","0","398","59","457","11","446","17","51","35","180","13","128","9","13","29.10.12"
"070124","20","Волинська область","школа, спортивна зала
вул.Центральна, 61, с.Стрільче, Горохівський р-н, Волинська обл., 45734","272","56","262","32","184","32","216","","0","184","32","216","2","214","5","102","5","37","4","55","6","0","29.10.12"
"070125","20","Волинська область","фельдшерсько-акушерський пункт, приймальне відділення
вул.Центральна, 58, с.Полюхне, Горохівський р-н, Волинська обл., 45734","136","31","135","16","89","16","105","","0","89","16","105","2","103","3","11","4","35","2","44","3","1","29.10.12"
"070126","20","Волинська область","сільська рада, фойє
вул.Центральна, 7, с.Підбереззя, Горохівський р-н, Волинська обл., 45730","744","244","729","57","445","55","500","","0","445","55","500","14","486","14","79","36","185","47","110","8","7","29.10.12"
"070127","20","Волинська область","будинок культури, актова зала
вул.Перемоги, 9, с.Пірванче, Горохівський р-н, Волинська обл., 45732","504","156","502","43","305","43","348","","0","305","43","348","4","344","11","46","33","138","9","94","6","7","30.10.12"
"070128","20","Волинська область","будинок культури, фойє
вул.Бродська, 103, с.Піски, Горохівський р-н, Волинська обл., 45767","592","206","577","50","337","49","386","","0","337","49","386","9","377","5","47","18","101","8","192","2","4","29.10.12"
"070129","20","Волинська область","фельдшерсько-акушерський пункт, приймальне відділення
вул.Центральна, 82, с.Антонівка, Горохівський р-н, Волинська обл., 45765","128","33","129","10","85","10","95","","0","85","10","95","4","91","2","18","4","17","4","43","2","1","29.10.12"
"070130","20","Волинська область","фельдшерсько-акушерський пункт, приймальне відділення
вул.Центральна, 63, с.Гектари, Горохівський р-н, Волинська обл., 45765","160","52","157","9","99","9","108","","0","99","9","108","4","104","2","29","2","16","6","46","2","1","02.11.12"
"070131","20","Волинська область","сільська рада, зала засідань
вул.Центральна, 2, с.Пустомити, Горохівський р-н, Волинська обл., 45720","456","185","448","18","253","18","271","","0","253","18","271","8","263","6","135","3","65","7","44","1","2","28.10.12"
"070132","20","Волинська область","сільський клуб, актова зала
вул.Східна, 15, с.Уманці, Горохівський р-н, Волинська обл., 45720","240","62","236","37","141","37","178","","0","141","37","178","3","175","2","52","4","51","3","59","3","1","29.10.12"
"070133","20","Волинська область","школа, спортивна зала
вул.Шкільна, 5, с.Рачин, Горохівський р-н, Волинська обл., 45721","272","70","267","21","182","20","202","","0","182","20","202","10","192","5","20","12","41","9","97","3","5","29.10.12"
"070134","20","Волинська область","школа, спортивна зала
вул.Шкільна, 6, с.Озерці, Горохівський р-н, Волинська обл., 45722","408","112","405","30","266","30","296","","0","266","30","296","3","293","5","71","15","46","18","132","1","5","29.10.12"
"070135","20","Волинська область","школа, фойє
вул.Центральна, 43, с.Скірче, Горохівський р-н, Волинська обл., 45710","432","144","425","51","237","51","288","","0","237","51","288","6","282","13","56","6","66","10","122","4","5","29.10.12"
"070136","20","Волинська область","будинок культури, фойє
вул.Весела, 12, с.Скобелка, Горохівський р-н, Волинська обл., 45703","1192","409","1179","52","735","48","783","","0","735","48","783","13","770","11","88","23","358","54","221","5","10","29.10.12"
"070137","20","Волинська область","сільський клуб, актова зала
вул.Молодіжна, 10А, с.Бистровиця, Горохівський р-н, Волинська обл., 45703","208","64","205","22","124","20","144","","0","124","20","144","3","141","3","14","4","40","3","73","1","3","29.10.12"
"070138","20","Волинська область","школа, спортивна зала
вул.Луцька, 59, с.Марковичі, Горохівський р-н, Волинська обл., 45703","248","76","240","13","159","13","172","","0","159","13","172","2","170","1","17","4","78","3","62","0","5","29.10.12"
"070139","20","Волинська область","сільський клуб, актова зала
вул.Центральна, 5, с.Скригове, Горохівський р-н, Волинська обл., 45772","240","56","239","13","173","11","184","","0","173","11","184","2","182","3","67","7","40","4","56","3","2","29.10.12"
"070140","20","Волинська область","школа, спортивна зала
вул.Шкільна, 2, с.Пильгани, Горохівський р-н, Волинська обл., 45772","192","51","190","22","123","18","141","","0","123","18","141","3","138","1","44","0","14","2","70","2","5","29.10.12"
"070141","20","Волинська область","школа, спортивна зала
вул.Л.Українки, 10, с.Смолява, Горохівський р-н, Волинська обл., 45761","512","164","503","48","304","44","348","","0","304","44","348","8","340","13","91","15","51","6","154","2","8","29.10.12"
"070142","20","Волинська область","школа, спортивна зала
вул.Берестецька, 31, с.Зелене, Горохівський р-н, Волинська обл., 45762","344","89","338","35","220","35","255","","0","220","35","255","4","251","1","82","5","80","5","72","1","5","29.10.12"
"070143","20","Волинська область","будинок культури, фойє
вул.Хуторянська, 1, с.Терешківці, Горохівський р-н, Волинська обл., 45724","352","53","351","35","265","34","299","","0","265","34","299","0","299","3","56","13","86","5","132","1","3","29.10.12"
"070144","20","Волинська область","сільський клуб, актова зала
вул.Шкільна, 3, с.Ощів, Горохівський р-н, Волинська обл., 45724","376","76","369","46","254","46","300","","0","254","46","300","1","299","9","41","29","114","11","89","3","3","29.10.12"
"070145","20","Волинська область","школа, спортивна зала
вул.Шевченка, 6, с.Угринів, Горохівський р-н, Волинська обл., 45715","552","143","543","37","374","35","409","","0","374","35","409","9","400","9","58","15","170","20","118","4","6","29.10.12"
"070146","20","Волинська область","сільський клуб, актова зала
вул.Центральна, 21, с.Дубова Корчма, Горохівський р-н, Волинська обл., 45715","120","15","125","13","92","13","105","","0","92","13","105","2","103","6","1","1","49","4","41","1","0","29.10.12"
"070147","20","Волинська область","будинок культури, фойє
вул.Центральна, 30, с.Холонів, Горохівський р-н, Волинська обл., 45740","776","164","771","65","548","64","612","","0","548","64","612","15","597","14","52","25","148","104","237","9","8","29.10.12"
"070148","20","Волинська область","сільський клуб, актова зала
вул.Центральна, 30, с.Цегів, Горохівський р-н, Волинська обл., 45741","752","311","737","29","412","29","441","","0","412","29","441","15","426","11","66","38","143","21","133","6","8","29.10.12"
"070149","20","Волинська область","школа, спортивна зала
вул.Шкільна, 5, с.Борочиче, Горохівський р-н, Волинська обл., 45742","960","333","940","40","587","40","627","","0","587","40","627","14","613","6","76","27","186","103","185","14","16","29.10.12"
"070150","20","Волинська область","сільський клуб, актова зала
вул.Центральна, 5А, с.Сільце, Горохівський р-н, Волинська обл., 45743","560","171","550","74","318","71","389","","0","318","71","389","6","383","8","48","29","108","13","162","6","9","29.10.12"
"070151","20","Волинська область","сільський клуб, актова зала
вул.Паркова, 10, с.Широке, Горохівський р-н, Волинська обл., 45744","312","88","305","20","204","20","224","","0","204","20","224","2","222","5","30","6","60","7","112","2","0","29.10.12"
"070152","20","Волинська область","будинок культури, фойє
вул.Центральна, 58, с.Шклинь, Горохівський р-н, Волинська обл., 45712","672","187","654","48","438","47","485","","0","438","47","485","3","482","4","47","9","245","55","115","5","2","29.10.12"
"070153","20","Волинська область","школа, фойє
вул.Ветеранів, 30А, с.Шклинь Другий, Горохівський р-н, Волинська обл., 45712","104","18","108","6","80","6","86","","0","80","6","86","4","82","1","14","3","36","1","26","0","1","29.10.12"
"070154","20","Волинська область","центральна районна лікарня, фойє
вул.Паркова, 22, м.Горохів, Горохівський р-н, Волинська обл., 45700","208","159","76","29","29","20","49","","0","29","20","49","0","49","3","6","2","19","1","17","1","0","29.10.12"
"070155","20","Волинська область","районна лікарня №2, фойє
вул.Незалежності, 71, м.Берестечко, Горохівський р-н, Волинська обл., 45765","104","65","44","30","14","25","39","","0","14","25","39","0","39","0","1","1","14","3","19","1","0","29.10.12"
"070436","20","Волинська область","районний будинок культури, фойє
вул.1 Травня, 42, смт Локачі, Локачинський р-н, Волинська обл., 45500","928","420","917","22","488","20","508","","0","488","20","508","13","495","6","173","36","107","36","109","8","20","29.10.12"
"070437","20","Волинська область","селищна рада, зала
вул.Миру, 23, смт Локачі, Локачинський р-н, Волинська обл., 45500","856","312","845","13","535","9","544","","0","535","9","544","10","534","14","162","43","125","32","129","7","22","29.10.12"
"070438","20","Волинська область","школа-ліцей, фойє
вул.Миру, 30, смт Локачі, Локачинський р-н, Волинська обл., 45500","1016","397","995","11","609","10","619","","0","609","10","619","7","612","1","216","38","137","36","151","15","18","29.10.12"
"070439","20","Волинська область","сільський клуб, актовий зал
вул.Центральна, 23, с.Білопіль, Локачинський р-н, Волинська обл., 45552","248","62","242","14","174","12","186","","0","174","12","186","1","185","3","61","8","35","3","64","2","9","29.10.12"
"070440","20","Волинська область","фельшерсько-акушерський пункт, каб.2
вул.Набережна, 11, с.Кути, Локачинський р-н, Волинська обл., 45552","56","7","57","10","39","10","49","","0","39","10","49","3","46","0","21","0","8","1","16","0","0","29.10.12"
"070441","20","Волинська область","сільський клуб, зала
вул.Шкільна, 14, с.Бубнів, Локачинський р-н, Волинська обл., 45541","352","74","350","35","247","31","278","","0","247","31","278","5","273","3","251","0","4","1","11","2","1","29.10.12"
"070442","20","Волинська область","школа, спортзал
вул.Шкільна, 4, с.Линів, Локачинський р-н, Волинська обл., 45541","248","72","245","25","151","25","176","","0","151","25","176","8","168","2","108","1","17","2","37","0","1","29.10.12"
"070443","20","Волинська область","сільська рада, зала
вул.Миру, 1, с.Війниця, Локачинський р-н, Волинська обл., 45510","216","62","215","8","146","8","154","","0","146","8","154","2","152","0","34","1","47","4","61","3","2","29.10.12"
"070444","20","Волинська область","будинок культури, фойє
вул.Ковальчука, 7, с.Губин, Локачинський р-н, Волинська обл., 45513","504","163","497","20","324","17","341","","0","324","17","341","6","335","11","93","17","74","10","122","2","6","29.10.12"
"070445","20","Волинська область","фельшерсько-акушерський пункт, каб.2
вул.Колгоспна, 46, с.Михайлівка, Локачинський р-н, Волинська обл., 45510","184","40","181","10","135","9","144","","0","135","9","144","2","142","1","34","13","50","8","32","2","2","29.10.12"
"070446","20","Волинська область","школа, актовий зал
вул.Паламарчука, 1, с.Павловичі, Локачинський р-н, Волинська обл., 45511","456","185","450","14","257","14","271","","0","257","14","271","7","264","5","37","20","66","11","120","3","2","29.10.12"
"070447","20","Волинська область","сільський клуб, зала
вул.Шевченка, 11, с.Тумин, Локачинський р-н, Волинська обл., 45512","256","65","253","12","179","12","191","","0","179","12","191","3","188","2","38","9","56","8","67","5","3","29.10.12"
"070448","20","Волинська область","будинок культури, зала
вул.Центральна, 19, с.Дорогиничі, Локачинський р-н, Волинська обл., 45530","448","113","442","44","294","41","335","","0","294","41","335","6","329","4","116","22","51","18","106","4","8","29.10.12"
"070449","20","Волинська область","будинок культури, зала
вул.Дорогиничівська, 12, с.Низькі Цевеличі, Локачинський р-н, Волинська обл., 45500","112","50","104","8","55","7","62","","0","55","7","62","0","62","5","21","0","11","2","21","1","1","29.10.12"
"070450","20","Волинська область","школа, актовий зал
вул.Локачинська, 22, с.П’ятикори, Локачинський р-н, Волинська обл., 45500","320","85","314","22","214","21","235","","0","214","21","235","2","233","1","59","5","27","15","122","1","3","29.10.12"
"070451","20","Волинська область","школа, коридор
вул.Шкільна, 1, с.Замличі, Локачинський р-н, Волинська обл., 45531","216","67","211","20","129","20","149","","0","129","20","149","1","148","4","39","7","32","4","56","3","3","29.10.12"
"070452","20","Волинська область","фельшерсько-акушерський пункт, каб.2
вул.Центральна, 13, с.Бермешів, Локачинський р-н, Волинська обл., 45531","112","13","111","7","92","7","99","","0","92","7","99","1","98","2","31","4","18","5","34","1","3","29.10.12"
"070453","20","Волинська область","школа, кабінет 1-2 класу
вул.Центральна, 4, с.Залужне, Локачинський р-н, Волинська обл., 45531","192","63","191","19","113","16","129","","0","113","16","129","4","125","3","24","7","22","3","61","2","3","29.10.12"
"070454","20","Волинська область","будинок культури, зала
вул.Липинського, 54, с.Затурці, Локачинський р-н, Волинська обл., 45523","1336","460","1336","87","797","79","876","","0","797","79","876","18","858","12","197","51","334","59","187","8","10","29.10.12"
"070455","20","Волинська область","сільський клуб, зала
вул.Шевченка, 15, с.Великий Окорськ, Локачинський р-н, Волинська обл., 45524","344","127","336","31","189","28","217","","0","189","28","217","3","214","5","45","12","65","5","76","4","2","29.10.12"
"070456","20","Волинська область","фельшерсько-акушерський пункт, веранда
вул.Приозерна, 44, с.Вілька-Садівська, Локачинський р-н, Волинська обл., 45523","80","24","77","14","44","12","56","","0","44","12","56","2","54","6","22","1","7","0","13","3","2","29.10.12"
"070457","20","Волинська область","фельшерсько-акушерський пункт, кімната
вул.Центральна, 32, с.Юнівка, Локачинський р-н, Волинська обл., 45523","152","38","146","14","102","12","114","","0","102","12","114","5","109","5","19","5","23","15","38","3","1","29.10.12"
"070458","20","Волинська область","будинок культури, зала
вул.Жовтнева, 43, с.Заячиці, Локачинський р-н, Волинська обл., 45532","344","100","338","19","225","19","244","","0","225","19","244","7","237","9","63","8","45","4","94","4","10","29.10.12"
"070459","20","Волинська область","школа, класна кімната
вул.Колгоспна, 6, с.Кремеш, Локачинський р-н, Волинська обл., 45532","232","48","229","20","164","20","184","","0","164","20","184","3","181","3","63","3","18","5","76","1","12","29.10.12"
"070460","20","Волинська область","сільський клуб, зала
вул.Шкільна, 1, с.Зубильне, Локачинський р-н, Волинська обл., 45521","456","172","447","22","265","19","284","","0","265","19","284","6","278","14","82","23","72","9","69","3","6","29.10.12"
"070461","20","Волинська область","фельшерсько-акушерський пункт, маніпуляційна
вул.І.Франка, 30, с.Сірнички, Локачинський р-н, Волинська обл., 45521","64","18","59","4","42","4","46","","0","42","4","46","0","46","2","10","3","7","0","22","0","2","29.10.12"
"070462","20","Волинська область","будинок культури, бібліотека
вул.40-річчя Перемоги, 15, с.Кисилин, Локачинський р-н, Волинська обл., 45514","240","87","235","6","148","5","153","","0","148","5","153","7","146","3","42","9","38","7","39","4","4","29.10.12"
"070463","20","Волинська область","фельшерсько-акушерський пункт, приймальня
вул.Л.Українки, 14, с.Твердині, Локачинський р-н, Волинська обл., 45514","104","35","99","8","63","6","69","","0","63","6","69","1","68","1","18","3","10","9","26","1","0","29.10.12"
"070464","20","Волинська область","будинок культури, фойє
вул.Центральна, 14, с.Козлів, Локачинський р-н, Волинська обл., 45533","328","99","324","15","214","15","229","","0","214","15","229","6","223","6","64","7","32","5","97","7","5","29.10.12"
"070465","20","Волинська область","сільський клуб, зала
вул.Центральна, 27, с.Цевеличі, Локачинський р-н, Волинська обл., 45533","176","47","173","8","122","7","129","","0","122","7","129","5","124","0","37","3","8","2","73","0","1","29.10.12"
"070466","20","Волинська область","фельшерсько-акушерський пункт, каб.2
вул.Миру, 2, с.Твориничі, Локачинський р-н, Волинська обл., 45532","160","60","154","3","97","3","100","","0","97","3","100","1","99","2","41","3","19","2","27","2","3","29.10.12"
"070467","20","Волинська область","будинок культури, фойє
вул.Шевченка, 13, с.Колпитів, Локачинський р-н, Волинська обл., 45551","432","109","423","36","288","35","323","","0","288","35","323","11","312","12","131","8","54","6","83","0","18","29.10.12"
"070468","20","Волинська область","сільський клуб, фойє
вул.Лесі Українки, 13А, с.Конюхи, Локачинський р-н, Волинська обл., 45550","592","185","587","35","375","32","407","","0","375","32","407","4","403","6","148","7","38","11","183","5","5","30.10.12"
"070469","20","Волинська область","будинок культури, фойє
вул.Луцька, 44А, с.Крухиничі, Локачинський р-н, Волинська обл., 45508","504","150","497","60","299","55","354","","0","299","55","354","9","345","4","111","11","53","12","137","7","10","29.10.12"
"070470","20","Волинська область","сільський клуб, зала
вул.Центральна, 54А, с.Марковичі, Локачинський р-н, Волинська обл., 45500","264","54","256","27","185","25","210","","0","185","25","210","7","203","4","46","9","51","6","82","0","5","29.10.12"
"070471","20","Волинська область","фельшерсько-акушерський пункт, маніпуляційна
вул.Центральна, 11, с.Міжгір’я, Локачинський р-н, Волинська обл., 45540","56","12","56","3","42","2","44","","0","42","2","44","1","43","1","28","1","4","0","8","0","1","29.10.12"
"070472","20","Волинська область","сільська рада, зала
вул.Набережна, 17, с.Озютичі, Локачинський р-н, Волинська обл., 45515","288","88","284","20","182","18","200","","0","182","18","200","4","196","4","43","3","24","4","117","0","1","29.10.12"
"070473","20","Волинська область","школа, фойє
вул.Центральна, 2, с.Запуст, Локачинський р-н, Волинська обл., 45514","64","16","66","3","45","3","48","","0","45","3","48","2","46","3","4","0","9","2","27","1","0","29.10.12"
"070474","20","Волинська область","будинок культури, фойє
вул.Центральна, 74, с.Привітне, Локачинський р-н, Волинська обл., 45543","920","308","911","43","569","43","612","","0","569","43","612","15","597","5","235","17","137","26","147","16","14","29.10.12"
"070475","20","Волинська область","будинок культури, фойє
вул.Ярмошука, 10, с.Коритниця, Локачинський р-н, Волинська обл., 45544","472","156","468","32","286","30","316","","0","286","30","316","13","303","4","111","12","48","6","109","7","6","29.10.12"
"070476","20","Волинська область","будинок культури, фойє
вул.Молодіжна, 13, с.Старий Загорів, Локачинський р-н, Волинська обл., 45534","520","164","514","39","317","39","356","","0","317","39","356","6","350","8","170","2","28","70","67","1","4","29.10.12"
"070477","20","Волинська область","будинок культури, фойє
вул.Шевченка, 4, с.Новий Загорів, Локачинський р-н, Волинська обл., 45535","392","95","391","37","263","34","297","","0","263","34","297","2","295","5","184","3","14","12","71","4","2","29.10.12"
"070478","20","Волинська область","сільський клуб, зала
вул.Центральна, 3, с.Хорів, Локачинський р-н, Волинська обл., 45534","240","63","234","17","163","14","177","","0","163","14","177","3","174","1","63","5","15","14","72","2","2","29.10.12"
"070479","20","Волинська область","будинок культури, фойє
вул.Нова, 1, с.Холопичі, Локачинський р-н, Волинська обл., 45520","504","261","496","38","208","35","243","","0","208","35","243","6","237","8","81","15","30","2","94","2","5","29.10.12"
"070480","20","Волинська область","сільський клуб, зала
вул.Шевченка, 23, с.Журавець, Локачинський р-н, Волинська обл., 45514","64","22","58","5","37","5","42","","0","37","5","42","2","40","2","3","4","9","0","19","2","1","29.10.12"
"070481","20","Волинська область","школа, фойє
вул.Луцька, 6, с.Маньків, Локачинський р-н, Волинська обл., 45522","624","250","622","58","320","54","374","","0","320","54","374","10","364","8","98","16","80","8","142","6","6","29.10.12"
"070482","20","Волинська область","школа, клас
вул.Садова, 30, с.Мовчанів, Локачинський р-н, Волинська обл., 45510","128","30","124","12","86","12","98","","0","86","12","98","3","95","1","28","1","10","1","50","3","1","29.10.12"
"070483","20","Волинська область","будинок культури, фойє
вул.Центральна, 46, с.Шельвів, Локачинський р-н, Волинська обл., 45540","400","142","390","42","222","36","258","","0","222","36","258","0","258","4","89","12","34","3","106","2","8","29.10.12"
"070484","20","Волинська область","будинок культури, фойє
вул.Нова, 1, с.Войнин, Локачинський р-н, Волинська обл., 45540","272","54","265","19","201","17","218","","0","201","17","218","2","216","3","78","4","31","2","96","1","1","29.10.12"
"070485","20","Волинська область","школа, класна кімната
вул.Центральна, 20, с.Гранатів, Локачинський р-н, Волинська обл., 45540","144","45","142","26","81","18","99","","0","81","18","99","1","98","0","8","3","15","6","60","5","1","29.10.12"
"070486","20","Волинська область","Локачинська центральна районна лікарня, актовий зал
вул.І.Франка, 19, смт Локачі, Локачинський р-н, Волинська обл., 45500","80","37","49","11","34","9","43","","0","34","9","43","0","43","0","9","3","11","4","15","1","0","29.10.12"
"070487","20","Волинська область","будинок культури, фойє
вул.Шкільна, 1, смт Рокині, Луцький р-н, Волинська обл., 45626","1160","362","1139","35","763","35","798","","0","763","35","798","15","783","25","111","80","275","37","232","9","14","02.11.12"
"070488","20","Волинська область","клуб, фойє
вул.Миру, 54, с.Брище, Луцький р-н, Волинська обл., 45626","280","84","272","8","189","7","196","","0","189","7","196","7","189","10","26","26","59","9","51","3","5","29.10.12"
"070489","20","Волинська область","будинок культури, фойє
вул.Незалежності, 52, смт Торчин, Луцький р-н, Волинська обл., 45612","1728","635","1712","40","1054","39","1093","","0","1054","39","1093","31","1062","35","180","66","299","46","406","12","18","30.10.12"
"070490","20","Волинська область","школа, фойє
вул.Незалежності, 50, смт Торчин, Луцький р-н, Волинська обл., 45612","1568","650","1542","42","877","41","918","","0","877","41","918","28","890","25","134","50","230","39","383","15","14","29.10.12"
"070491","20","Волинська область","сільська рада, обрядовий зал
вул.Перемоги, 37, с.Баїв, Луцький р-н, Волинська обл., 45643","696","236","684","28","433","27","460","","0","433","27","460","10","450","18","50","26","91","83","169","4","9","29.10.12"
"070492","20","Волинська область","будинок культури, фойє
вул.Миру, 85, с.Городище, Луцький р-н, Волинська обл., 45607","720","224","713","17","483","13","496","","0","483","13","496","14","482","13","98","55","140","23","144","3","6","01.11.12"
"070493","20","Волинська область","будинок культури, актова зала
вул.Перемоги, 9, с.Баківці, Луцький р-н, Волинська обл., 45665","304","92","297","16","196","16","212","","0","196","16","212","7","205","5","47","12","47","15","72","1","6","02.11.12"
"070494","20","Волинська область","клуб, актова зала
вул.Жовтнева, 27А, с.Озеряни, Луцький р-н, Волинська обл., 45664","224","62","216","11","152","10","162","","0","152","10","162","3","159","5","31","2","43","5","71","0","2","29.10.12"
"070495","20","Волинська область","будинок культури с.Білосток, актова зала
вул.Мирна, 1, с.Білосток, Луцький р-н, Волинська обл., 45641","488","156","475","33","301","31","332","","0","301","31","332","15","317","8","57","20","100","13","105","9","5","29.10.12"
"070496","20","Волинська область","будинок культури, глядацький зал
вул.40 років Перемоги, 57, с.Боголюби, Луцький р-н, Волинська обл., 45634","744","237","734","28","485","22","507","","0","485","22","507","9","498","26","57","63","142","9","176","9","16","29.10.12"
"070497","20","Волинська область","фельдшерсько-акушерський пункт, каб.1
вул.Миру, 14А, с.Богушівка, Луцький р-н, Волинська обл., 45634","184","66","182","8","111","7","118","","0","111","7","118","5","113","11","47","8","27","0","19","0","1","29.10.12"
"070498","20","Волинська область","школа, каб.1
вул.Жовтнева, 21, с.Тарасове, Луцький р-н, Волинська обл., 45625","760","264","758","9","488","8","496","","0","488","8","496","11","485","27","77","59","163","20","115","9","15","29.10.12"
"070499","20","Волинська область","школа, спортивний зал
вул.Центральна, 6А, с.Боратин, Луцький р-н, Волинська обл., 45605","952","337","936","16","599","16","615","","0","599","16","615","23","592","25","58","80","217","46","138","11","17","29.10.12"
"070500","20","Волинська область","клуб с.Новостав, фойє
вул.Центральна, 105, с.Боратин, Луцький р-н, Волинська обл., 45605","784","282","773","31","474","28","502","","0","474","28","502","11","491","20","76","71","169","35","110","3","7","29.10.12"
"070501","20","Волинська область","школа, фойє
вул.Шевченка, 16, с.Рованці, Луцький р-н, Волинська обл., 45606","1120","393","1108","18","710","17","727","","0","710","17","727","16","711","12","65","73","275","15","258","5","8","29.10.12"
"070502","20","Волинська область","будинок культури, фойє
вул.Л.Українки, 2, с.Буяни, Луцький р-н, Волинська обл., 45621","736","240","724","31","468","28","496","","0","468","28","496","10","486","2","68","15","75","34","282","9","1","29.10.12"
"070503","20","Волинська область","клуб с.Усичі, актова зала
вул.Клубна, 5А, с.Усичі, Луцький р-н, Волинська обл., 45622","424","134","416","25","271","19","290","","0","271","19","290","8","282","3","43","11","41","10","166","4","4","29.10.12"
"070504","20","Волинська область","будинок культури с.Веселе, глядацький зал
вул.Торчинська, 2, с.Веселе, Луцький р-н, Волинська обл., 45611","576","181","567","60","336","59","395","","0","336","59","395","9","386","11","51","21","98","7","182","8","8","29.10.12"
"070505","20","Волинська область","будинок культури с.Воютин, фойє
вул.Шкільна, 1Б, с.Воютин, Луцький р-н, Волинська обл., 45645","768","340","752","14","415","13","428","","0","415","13","428","12","416","22","43","27","107","90","115","8","4","29.10.12"
"070506","20","Волинська область","будинок культури, танцювальний зал
вул.Горохівська, 63Б, с.Гірка Полонка, Луцький р-н, Волинська обл., 45607","800","335","791","8","458","7","465","","0","458","7","465","13","452","16","77","31","138","41","136","4","9","30.10.12"
"070507","20","Волинська область","школа, спортивний зал
вул.Шкільна, 3Б, с.Гірка Полонка, Луцький р-н, Волинська обл., 45607","1472","507","1450","8","959","6","965","","0","959","6","965","27","938","25","138","104","343","123","185","3","17","29.10.12"
"070508","20","Волинська область","Полонківське споживче товариство Луцької райспоживспілки
вул.Перемоги, 68, с.Полонка, Луцький р-н, Волинська обл., 45608","992","300","972","30","665","27","692","","0","665","27","692","15","677","15","125","85","293","25","117","12","5","29.10.12"
"070509","20","Волинська область","фельдшерсько-акушерський пункт, каб.1, 2
вул.Ветеранів, 38А, с.Оздів, Луцький р-н, Волинська обл., 45650","400","154","393","15","232","14","246","","0","232","14","246","5","241","13","24","31","84","11","71","5","2","29.10.12"
"070510","20","Волинська область","будинок культури с.Городище, фойє
вул.Шкільна, 35, с.Городище, Луцький р-н, Волинська обл., 45656","656","204","645","18","434","18","452","","0","434","18","452","8","444","25","87","27","82","45","169","2","7","29.10.12"
"070511","20","Волинська область","будинок культури, фойє
вул.Володимирська, 33Б, с.Забороль, Луцький р-н, Волинська обл., 45623","1168","470","1157","19","681","17","698","","0","681","17","698","23","675","26","136","82","188","21","193","13","16","29.10.12"
"070512","20","Волинська область","СГТзОВ Луцький ""Райсількомунгосп"", актова зала
вул.Володимирська, 5, с.Великий Омеляник, Луцький р-н, Волинська обл., 45624","976","408","968","23","550","18","568","","0","550","18","568","23","545","24","66","98","203","19","111","16","8","29.10.12"
"070513","20","Волинська область","фельдшерсько-акушерський пункт, каб.1
вул.Центральна, 56А, с.Антонівка, Луцький р-н, Волинська обл., 45623","312","151","306","4","158","3","161","","0","158","3","161","5","156","14","13","13","57","5","49","2","3","29.10.12"
"070514","20","Волинська область","клуб, актова зала
вул.Лесі Українки, 82, с.Коршів, Луцький р-н, Волинська обл., 45651","496","132","490","34","334","30","364","","0","334","30","364","10","354","13","108","25","86","21","89","6","6","29.10.12"
"070515","20","Волинська область","школа, актова зала
вул.Шкільна, 1, с.Лаврів, Луцький р-н, Волинська обл., 45663","904","430","889","16","458","16","474","","0","458","16","474","9","465","14","85","39","141","71","102","5","8","29.10.12"
"070516","20","Волинська область","будинок культури, фойє
вул.Центральна, 7, с.Липини, Луцький р-н, Волинська обл., 45601","1568","554","1550","23","992","22","1014","","0","992","22","1014","40","974","30","132","145","405","36","196","10","20","29.10.12"
"070517","20","Волинська область","школа, спортивний зал
вул.Центральна, 9, с.Липини, Луцький р-н, Волинська обл., 45601","1528","490","1510","20","1020","18","1038","","0","1020","18","1038","23","1015","30","162","155","437","20","174","13","24","30.10.12"
"070518","20","Волинська область","будинок культури, фойє
вул.Центральна, 80, с.Лище, Луцький р-н, Волинська обл., 45638","1480","570","1473","29","890","20","910","","0","890","20","910","27","883","39","73","119","318","75","231","6","22","29.10.12"
"070519","20","Волинська область","клуб, фойє
вул.17 Вересня, 66А, с.Воротнів, Луцький р-н, Волинська обл., 45639","616","244","610","19","354","18","372","","0","354","18","372","11","361","8","28","34","112","22","149","5","3","29.10.12"
"070520","20","Волинська область","сільська рада, сесійний зал
вул.17 Вересня, 77, с.Маяки, Луцький р-н, Волинська обл., 45630","1720","721","1664","30","972","27","999","","0","972","27","999","26","973","29","85","113","375","114","229","15","13","29.10.12"
"070521","20","Волинська область","МП ""Індустрія"", хол
вул.Медична, 25А, с.Зміїнець, Луцький р-н, Волинська обл., 45632","1784","605","1763","11","1173","6","1179","","0","1173","6","1179","35","1144","38","146","200","483","31","204","20","22","29.10.12"
"070522","20","Волинська область","клуб с.Милуші, глядацький зал
вул.Тарасова, 50, с.Милуші, Луцький р-н, Волинська обл., 45631","840","268","831","24","552","20","572","","0","552","20","572","21","551","18","64","71","223","27","129","7","12","29.10.12"
"070523","20","Волинська область","клуб с.Сирники, глядацький зал
вул.Комка, 33А, с.Сирники, Луцький р-н, Волинська обл., 45633","520","208","511","22","290","22","312","","0","290","22","312","16","296","5","44","21","104","23","92","2","5","29.10.12"
"070524","20","Волинська область","школа, спортивний зал
вул.Центральна, 50, с.Несвіч, Луцький р-н, Волинська обл., 45652","656","245","650","35","380","31","411","","0","380","31","411","14","397","8","82","26","103","6","166","1","5","02.11.12"
"070525","20","Волинська область","школа с.Одеради, спортивний зал
вул.Центральна, 39, с.Одеради, Луцький р-н, Волинська обл., 45642","432","136","429","20","280","16","296","","0","280","16","296","13","283","3","58","14","115","4","78","8","3","29.10.12"
"070526","20","Волинська область","приміщення контори колишнього колективного сільськогосподарського підприємства імені Лесі Українки
вул.Центральна, 42А, с.Одеради, Луцький р-н, Волинська обл., 45642","312","129","312","26","161","22","183","","0","161","22","183","6","177","20","40","11","36","4","59","5","2","29.10.12"
"070527","20","Волинська область","будинок культури, концертний зал
вул.Шкільна, 28, с.Підгайці, Луцький р-н, Волинська обл., 45602","1472","572","1451","11","890","10","900","","0","890","10","900","13","887","36","73","143","408","39","168","1","19","29.10.12"
"070528","20","Волинська область","сільська рада, актова зала
вул.Шкільна, 30, с.Підгайці, Луцький р-н, Волинська обл., 45602","1456","491","1449","11","957","8","965","","0","957","8","965","33","932","24","97","121","389","62","218","5","16","29.10.12"
"070529","20","Волинська область","клуб, концертний зал
вул.Центральна, 89, с.Крупа, Луцький р-н, Волинська обл., 45604","656","251","649","11","395","10","405","","0","395","10","405","8","397","16","41","49","119","30","130","5","7","29.10.12"
"070530","20","Волинська область","ВАТ ""Волиньагрохім"", актова зала
вул.Старицького, 84, с.Струмівка, Луцький р-н, Волинська обл., 45603","880","354","869","9","521","5","526","","0","521","5","526","23","503","19","34","100","176","8","152","4","10","29.10.12"
"070531","20","Волинська область","будинок культури, гурткова кімната
вул.Перемоги, 5, с.Піддубці, Луцький р-н, Волинська обл., 45635","880","277","873","20","586","17","603","","0","586","17","603","15","588","24","98","87","140","65","156","9","9","29.10.12"
"070532","20","Волинська область","клуб, глядацький зал
вул.Вишнева, 87А, с.Гаразджа, Луцький р-н, Волинська обл., 45636","824","311","816","17","498","15","513","","0","498","15","513","20","493","29","50","44","155","18","180","13","4","29.10.12"
"070533","20","Волинська область","сільська рада, актова зала
вул.Миру, 11, с.Промінь, Луцький р-н, Волинська обл., 45660","736","266","723","20","451","19","470","","0","451","19","470","15","455","13","49","39","118","72","150","5","9","29.10.12"
"070534","20","Волинська область","школа с.Мстишин, каб.2
вул.Жовтнева, 52, с.Мстишин, Луцький р-н, Волинська обл., 45662","464","188","463","13","263","13","276","","0","263","13","276","15","261","15","20","13","83","30","89","3","8","29.10.12"
"070535","20","Волинська область","будинок культури с.Радомишль, танцювальний зал
вул.Центральна, 34, с.Радомишль, Луцький р-н, Волинська обл., 45664","752","301","743","9","443","8","451","","0","443","8","451","14","437","7","55","19","120","114","106","5","11","29.10.12"
"070536","20","Волинська область","народний дім ""Просвіта"", зал засідань
вул.Перемоги, 9, с.Ратнів, Луцький р-н, Волинська обл., 45650","744","177","733","9","558","9","567","","0","558","9","567","13","554","7","83","13","83","40","309","11","8","29.10.12"
"070537","20","Волинська область","будинок культури с.Романів, фойє
вул.Першотравнева, 55, с.Романів, Луцький р-н, Волинська обл., 45637","1080","352","1067","67","671","57","728","","0","671","57","728","18","710","9","64","31","112","51","424","10","9","29.10.12"
"070538","20","Волинська область","школа с.Садів, фойє
вул.Незалежності, 44, с.Садів, Луцький р-н, Волинська обл., 45640","728","269","720","64","402","57","459","","0","402","57","459","0","459","18","111","24","141","61","91","6","7","29.10.12"
"070539","20","Волинська область","школа с.Смолигів, спортивний зал
вул.Шкільна, 8, с.Смолигів, Луцький р-н, Волинська обл., 45614","728","245","722","39","446","37","483","","0","446","37","483","4","479","5","198","12","57","4","193","4","6","29.10.12"
"070540","20","Волинська область","будинок культури с.Хорохорин, вестибюль
вул.Незалежності, 44А, с.Хорохорин, Луцький р-н, Волинська обл., 45610","544","199","534","39","311","34","345","","0","311","34","345","14","331","13","93","21","46","6","142","5","5","29.10.12"
"070541","20","Волинська область","школа с.Чаруків, вестибюль
вул.Шкільна, 23, с.Чаруків, Луцький р-н, Волинська обл., 45653","1136","506","1117","24","606","24","630","","0","606","24","630","15","615","23","85","46","184","64","186","16","11","29.10.12"
"070542","20","Волинська область","будинок культури с.Шепель, актова зала
вул.Миру, 43Б, с.Шепель, Луцький р-н, Волинська обл., 45620","656","219","646","41","399","38","437","","0","399","38","437","17","420","6","72","25","71","5","226","6","9","29.10.12"
"070543","20","Волинська область","Луцька центральна районна лікарня, актова зала
вул.Теремнівська, 100, с.Липини, Луцький р-н, Волинська обл., 45601","168","135","37","19","18","15","33","","0","18","15","33","1","32","3","1","2","9","2","13","1","1","29.10.12"
"070544","20","Волинська область","Торчинська районна лікарня, хол терапевтичного відділення
вул.Незалежності, 57, смт Торчин, Луцький р-н, Волинська обл., 45612","56","29","29","4","23","4","27","","0","23","4","27","0","27","2","4","3","5","0","12","1","0","29.10.12"
"070781","20","Волинська область","районний будинок культури, зала
вул.Драгоманова, 10, м.Рожище, Рожищенський р-н, Волинська обл., 45100","2240","943","2207","18","1283","14","1297","","0","1283","14","1297","27","1270","82","257","76","494","78","237","22","24","29.10.12"
"070782","20","Волинська область","школа №2, актова зала
вул.Драгоманова, 5, м.Рожище, Рожищенський р-н, Волинська обл., 45100","2240","934","2229","38","1272","34","1306","","0","1272","34","1306","34","1272","105","257","75","487","82","228","20","18","29.10.12"
"070783","20","Волинська область","школа №1, спортивний зал
вул.1 Травня, 5, м.Рожище, Рожищенський р-н, Волинська обл., 45100","1712","704","1712","42","972","36","1008","","0","972","36","1008","29","979","61","165","62","430","71","160","15","15","29.10.12"
"070784","20","Волинська область","Рожищенський коледж ім.Гжицького, актова зала
вул.Грушевського, 14, м.Рожище, Рожищенський р-н, Волинська обл., 45100","2072","855","2063","51","1175","42","1217","","0","1175","42","1217","26","1191","62","232","79","481","71","224","25","17","29.10.12"
"070785","20","Волинська область","школа №3, фойє
вул.К.Шилокадзе, 10, м.Рожище, Рожищенський р-н, Волинська обл., 45100","2016","832","1997","26","1159","25","1184","","0","1159","25","1184","25","1159","66","258","91","453","76","182","21","12","29.10.12"
"070786","20","Волинська область","громадсько-побутовий центр, зала
вул.Зелена, 48, смт Дубище, Рожищенський р-н, Волинська обл., 45109","1440","579","1423","43","819","42","861","","0","819","42","861","25","836","68","150","62","288","100","141","13","14","29.10.12"
"070787","20","Волинська область","школа, фойє
вул.Перемоги, 29А, с.Березолуки, Рожищенський р-н, Волинська обл., 45144","296","75","288","23","198","23","221","","0","198","23","221","5","216","9","38","12","69","14","63","5","6","29.10.12"
"070788","20","Волинська область","будинок культури, актова зала
вул.Лесі Українки, 43А, с.Підгірне, Рожищенський р-н, Волинська обл., 45144","232","76","228","11","145","11","156","","0","145","11","156","5","151","11","47","3","36","2","43","2","7","29.10.12"
"070789","20","Волинська область","школа, фойє
вул.1Травня, 17А, с.Кроватка, Рожищенський р-н, Волинська обл., 45144","192","56","191","8","128","8","136","","0","128","8","136","3","133","9","15","4","54","8","39","2","2","02.11.12"
"070790","20","Волинська область","школа, зала
вул.Ватутіна, 16А, с.Яблунівка, Рожищенський р-н, Волинська обл., 45144","96","23","96","10","64","9","73","","0","64","9","73","0","73","2","18","3","10","3","34","1","2","29.10.12"
"070791","20","Волинська область","школа, фойє
вул.Перемоги, 4, с.Береськ, Рожищенський р-н, Волинська обл., 45135","456","164","446","29","268","24","292","","0","268","24","292","8","284","22","103","16","37","12","80","9","5","29.10.12"
"070792","20","Волинська область","будинок культури, актова зала
вул.Миру, 2, с.Вічині, Рожищенський р-н, Волинська обл., 45134","312","104","305","6","203","5","208","","0","203","5","208","9","199","5","43","9","30","8","99","1","4","29.10.12"
"070793","20","Волинська область","будинок культури, актова зала
вул.Незалежності, 26А, с.Ворончин, Рожищенський р-н, Волинська обл., 45136","392","113","387","43","244","35","279","","0","244","35","279","6","273","21","72","10","50","18","94","5","3","29.10.12"
"070794","20","Волинська область","будинок культури, актова зала
вул.Радянська, 9, с.Студині, Рожищенський р-н, Волинська обл., 45136","184","47","180","14","123","14","137","","0","123","14","137","1","136","3","50","7","22","4","49","0","1","29.10.12"
"070795","20","Волинська область","школа, фойє
вул.Центральна, 9, с.Городині, Рожищенський р-н, Волинська обл., 45152","264","85","257","31","151","28","179","","0","151","28","179","4","175","12","39","14","30","5","70","4","1","29.10.12"
"070796","20","Волинська область","школа, фойє
вул.Шевченка, 2, с.Доросині, Рожищенський р-н, Волинська обл., 45133","744","278","731","52","417","49","466","","0","417","49","466","16","450","12","45","20","122","90","152","5","4","29.10.12"
"070797","20","Волинська область","будинок культури, актова зала
вул.Лобушняка, 11, с.Кияж, Рожищенський р-н, Волинська обл., 45133","256","79","251","16","164","13","177","","0","164","13","177","2","175","5","50","4","67","5","42","2","0","29.10.12"
"070798","20","Волинська область","будинок культури, актова зала
вул.Фрунзе, 33, с.Залісці, Рожищенський р-н, Волинська обл., 45143","448","136","440","35","277","35","312","","0","277","35","312","3","309","28","64","22","71","11","100","7","6","29.10.12"
"070799","20","Волинська область","школа, кабінет історії
вул.Шкільна, 18, с.Іванчиці, Рожищенський р-н, Волинська обл., 45154","232","69","223","24","140","23","163","","0","140","23","163","0","163","4","50","9","30","5","61","1","3","29.10.12"
"070800","20","Волинська область","фельдшерсько-акушерський пункт, каб.2
вул.Садова, 80, с.Озденіж, Рожищенський р-н, Волинська обл., 45154","136","51","131","14","74","11","85","","0","74","11","85","1","84","9","17","5","19","4","28","1","1","29.10.12"
"070801","20","Волинська область","школа, їдальня
вул.Жовтнева, 3, с.Копачівка, Рожищенський р-н, Волинська обл., 45150","1304","487","1298","48","776","41","817","","0","776","41","817","27","790","49","156","55","194","74","239","7","16","29.10.12"
"070802","20","Волинська область","будинок культури, кабінет директора
вул.Нова, 7, с.Тростянка, Рожищенський р-н, Волинська обл., 45150","224","65","223","10","151","8","159","","0","151","8","159","4","155","4","26","14","38","7","57","7","2","29.10.12"
"070803","20","Волинська область","будинок культури, актова зала
вул.Лісова, 39, с.Башова, Рожищенський р-н, Волинська обл., 45150","192","39","192","11","142","11","153","","0","142","11","153","0","153","8","19","7","36","4","71","4","4","29.10.12"
"070804","20","Волинська область","будинок культури, актова зала
вул.Центральна, 12, с.Кобче, Рожищенський р-н, Волинська обл., 45107","200","46","198","17","139","15","154","","0","139","15","154","4","150","4","29","1","36","4","73","2","1","29.10.12"
"070805","20","Волинська область","будинок культури, актова зала
вул.Рожищенська, 38, с.Кременець, Рожищенський р-н, Волинська обл., 45151","712","252","711","37","428","32","460","","0","428","32","460","9","451","71","74","33","165","17","85","2","4","28.10.12"
"070806","20","Волинська область","будинок культури, фойє
вул.І. Франка, 17Б, с.Літогоща, Рожищенський р-н, Волинська обл., 45111","352","106","346","36","213","33","246","","0","213","33","246","2","244","12","48","14","65","6","96","2","1","29.10.12"
"070807","20","Волинська область","будинок культури, фойє
вул.Перемоги, 4А, с.Іванівка, Рожищенський р-н, Волинська обл., 45111","200","44","196","16","141","15","156","","0","141","15","156","1","155","6","25","6","43","3","55","14","3","29.10.12"
"070808","20","Волинська область","будинок культури, фойє
вул.А.Савчук, 36А, с.Любче, Рожищенський р-н, Волинська обл., 45142","512","148","502","41","325","39","364","","0","325","39","364","8","356","26","70","17","82","6","146","5","4","29.10.12"
"070809","20","Волинська область","школа, фойє
вул.8 Березня, школа, с.Луків, Рожищенський р-н, Волинська обл., 45115","480","151","474","53","276","53","329","","0","276","53","329","11","318","10","90","14","92","11","98","3","0","29.10.12"
"070810","20","Волинська область","школа, спортивний зал
вул.1 Травня, 19, с.Крижівка, Рожищенський р-н, Волинська обл., 45116","392","129","381","37","231","32","263","","0","231","32","263","11","252","15","54","12","59","9","99","2","2","29.10.12"
"070811","20","Волинська область","будинок культури, фойє
вул.Першотравнева, 25, с.Мильськ, Рожищенський р-н, Волинська обл., 45117","320","73","318","15","232","15","247","","0","232","15","247","5","242","11","113","2","22","8","74","6","6","29.10.12"
"070812","20","Волинська область","школа, фойє
вул.Луцька, 25А, с.Берегове, Рожищенський р-н, Волинська обл., 45117","176","42","168","8","128","6","134","","0","128","6","134","2","132","7","35","7","30","0","50","3","0","29.10.12"
"070813","20","Волинська область","будинок культури, актова зала
вул.Б. Хмельницького, 1, с.Навіз, Рожищенський р-н, Волинська обл., 45112","736","172","731","78","490","74","564","","0","490","74","564","12","552","35","225","21","107","22","125","12","5","29.10.12"
"070814","20","Волинська область","сільська рада, кабінет голови
вул.Ветеранів, 16Б, с.Немир, Рожищенський р-н, Волинська обл., 45122","328","99","322","9","220","9","229","","0","220","9","229","4","225","19","69","3","44","6","81","2","1","02.11.12"
"070815","20","Волинська область","фельдшерсько-акушерський пункт, каб.2
вул.Квітнева, 12, с.Раймісто, Рожищенський р-н, Волинська обл., 45122","152","38","149","7","109","5","114","","0","109","5","114","1","113","11","15","7","25","2","46","6","1","29.10.12"
"070816","20","Волинська область","будинок культури, актова зала
вул.Молодіжна, 8, с.Носачевичі, Рожищенський р-н, Волинська обл., 45108","272","96","272","31","149","27","176","","0","149","27","176","1","175","15","44","3","32","5","68","6","2","29.10.12"
"070817","20","Волинська область","будинок культури, актова зала
вул.Вишнева, 9, с.Вишеньки, Рожищенський р-н, Волинська обл., 45108","240","55","239","14","171","14","185","","0","171","14","185","3","182","7","29","2","67","4","67","4","2","29.10.12"
"070818","20","Волинська область","будинок культури, актова зала
вул.Прилісна, 65А, с.Єлизаветин, Рожищенський р-н, Волинська обл., 45108","304","72","298","22","210","22","232","","0","210","22","232","3","229","16","70","10","68","13","46","4","2","29.10.12"
"070819","20","Волинська область","будинок культури, фойє
вул.Миру, 3, с.Переспа, Рожищенський р-н, Волинська обл., 45123","928","332","923","73","533","63","596","","0","533","63","596","25","571","33","150","36","112","61","154","15","10","29.10.12"
"070820","20","Волинська область","будинок культури, актова зала
вул.Котельникова, 2, с.Трилісці, Рожищенський р-н, Волинська обл., 45123","200","67","192","21","113","20","133","","0","113","20","133","3","130","12","40","12","24","2","36","2","2","29.10.12"
"070821","20","Волинська область","будинок культури, актова зала
вул.Центральна, 70А, с.Малинівка, Рожищенський р-н, Волинська обл., 45123","184","51","187","22","111","22","133","","0","111","22","133","5","128","13","32","10","36","6","28","2","1","29.10.12"
"070822","20","Волинська область","школа, фойє
вул.Радянська, 42В, с.Пожарки, Рожищенський р-н, Волинська обл., 45140","504","214","495","29","263","27","290","","0","263","27","290","13","277","8","74","15","77","9","73","11","10","29.10.12"
"070823","20","Волинська область","школа, фойє
вул.Миру, 46Б, с.Оленівка, Рожищенський р-н, Волинська обл., 45140","256","84","246","18","154","18","172","","0","154","18","172","9","163","13","37","11","26","6","64","6","0","29.10.12"
"070824","20","Волинська область","будинок культури, актова зала
вул.Жовтнева, 18А, с.Рудка-Козинська, Рожищенський р-н, Волинська обл., 45141","592","158","579","43","393","41","434","","0","393","41","434","10","424","24","57","48","197","14","65","9","10","28.10.12"
"070825","20","Волинська область","будинок культури, актова зала
вул.Миру, 2А, с.Козин, Рожищенський р-н, Волинська обл., 45141","304","97","295","39","174","33","207","","0","174","33","207","3","204","17","56","15","53","5","52","4","2","29.10.12"
"070826","20","Волинська область","будинок культури, актова зала
вул.Центральна, 7, с.Рудня, Рожищенський р-н, Волинська обл., 45106","776","272","761","40","464","40","504","","0","464","40","504","17","487","31","126","33","170","23","93","5","6","29.10.12"
"070827","20","Волинська область","школа, фойє
вул.Незалежності, 40, с.Сокіл, Рожищенський р-н, Волинська обл., 45113","520","122","510","44","362","36","398","","0","362","36","398","5","393","29","88","15","116","57","81","3","4","29.10.12"
"070828","20","Волинська область","школа, фойє
вул.Жовтнева, 70А., с.Духче, Рожищенський р-н, Волинська обл., 45114","424","111","414","31","285","28","313","","0","285","28","313","8","305","28","53","5","135","17","54","4","9","29.10.12"
"070829","20","Волинська область","школа, фойє
вул.Слави, 8, с.Тихотин, Рожищенський р-н, Волинська обл., 45125","200","61","192","19","124","15","139","","0","124","15","139","3","136","6","46","7","41","3","30","2","1","29.10.12"
"070830","20","Волинська область","школа, к.2
вул.Комсомольська, 71, с.Бортяхівка, Рожищенський р-н, Волинська обл., 45123","248","82","244","31","145","21","166","","0","145","21","166","4","162","12","35","12","45","3","51","1","3","29.10.12"
"070831","20","Волинська область","школа, фойє
вул.Першотравнева, 1, с.Топільне, Рожищенський р-н, Волинська обл., 45107","1048","363","1035","48","639","46","685","","0","639","46","685","15","670","32","124","48","158","89","185","23","11","29.10.12"
"070832","20","Волинська область","фельдшерсько-акушерський пункт, каб.2
вул.Центральна, 8, с.Дмитрівка, Рожищенський р-н, Волинська обл., 45107","232","116","228","12","106","10","116","","0","106","10","116","1","115","12","25","4","26","1","43","4","0","29.10.12"
"070833","20","Волинська область","школа, фойє
вул.Центральна, 22, с.Уляники, Рожищенський р-н, Волинська обл., 45154","408","129","403","29","252","27","279","","0","252","27","279","6","273","40","61","21","105","6","37","0","3","29.10.12"
"070834","20","Волинська область","будинок культури, актова зала
вул.Незалежності, 20, с.Щурин, Рожищенський р-н, Волинська обл., 45130","472","165","466","31","277","30","307","","0","277","30","307","4","303","16","60","5","50","96","73","2","1","29.10.12"
"070835","20","Волинська область","будинок культури, актова зала
вул.Незалежності, 44, с.Тристень, Рожищенський р-н, Волинська обл., 45130","392","145","383","29","221","26","247","","0","221","26","247","7","240","15","54","6","72","27","63","1","2","29.10.12"
"070836","20","Волинська область","будинок культури, актова зала
вул.Гагаріна, 2, с.Квітневе, Рожищенський р-н, Волинська обл., 45130","296","95","292","22","180","21","201","","0","180","21","201","4","197","13","58","17","34","15","52","6","2","29.10.12"
"070837","20","Волинська область","школа, фойє
вул.Братів Новосадів, 26, с.Ясенівка, Рожищенський р-н, Волинська обл., 45120","344","103","340","16","226","15","241","","0","226","15","241","3","238","8","64","6","69","6","77","3","5","29.10.12"
"070838","20","Волинська область","адміністративний будинок, зал засідань
вул.Першотравнева, 26, с.Вітоніж, Рожищенський р-н, Волинська обл., 45121","248","81","241","30","138","29","167","","0","138","29","167","4","163","2","31","2","22","3","102","1","0","29.10.12"
"070839","20","Волинська область","Рожищенська центральна районна лікарня, актовий зал
вул.К.Шилокадзе, 19, м.Рожище, Рожищенський р-н, Волинська обл., 45100","72","14","70","26","44","14","58","","0","44","14","58","2","56","10","11","3","13","1","17","0","1","29.10.12"
"070885","20","Волинська область","районний будинок культури, фойє
вул.Сагайдачного, 5, смт Турійськ, Турійський р-н, Волинська обл., 44801","2160","748","2140","48","1372","40","1412","","0","1372","40","1412","26","1386","27","219","53","390","419","237","30","11","29.10.12"
"070886","20","Волинська область","школа-гімназія, фойє
вул.Спортивна, 1, смт Турійськ, Турійський р-н, Волинська обл., 44801","1704","639","1697","27","1044","21","1065","","0","1044","21","1065","16","1049","20","184","47","352","241","178","25","2","29.10.12"
"070887","20","Волинська область","міський будинок культури, актова зала
вул.Торгова, 2, смт Турійськ, Турійський р-н, Волинська обл., 44801","832","281","826","12","541","10","551","","0","541","10","551","6","545","14","103","22","126","173","78","24","5","29.10.12"
"070888","20","Волинська область","школа, актова зала
вул.Лящука, 4, смт Луків, Турійський р-н, Волинська обл., 44810","2288","974","2272","92","1228","86","1314","","0","1228","86","1314","27","1287","32","166","54","297","224","186","317","11","29.10.12"
"070889","20","Волинська область","будинок культури, актова зала
вул.Центральна, 48, с.Бобли, Турійський р-н, Волинська обл., 44842","720","248","702","52","423","49","472","","0","423","49","472","10","462","6","76","21","85","161","106","4","3","03.11.12"
"070890","20","Волинська область","школа, фойє
вул.Ревушківська, 4, с.Оса, Турійський р-н, Волинська обл., 44843","160","26","158","15","120","14","134","","0","120","14","134","2","132","4","21","5","21","38","39","4","0","29.10.12"
"070891","20","Волинська область","школа, каб.1
вул.Незалежності, 42А, с.Ревушки, Турійський р-н, Волинська обл., 44843","120","25","118","10","85","10","95","","0","85","10","95","4","91","1","23","7","12","34","13","0","1","29.10.12"
"070892","20","Волинська область","сільський клуб, фойє
вул.Шкільна, 5, с.Гайки, Турійський р-н, Волинська обл., 44836","216","86","212","18","120","10","130","","0","120","10","130","2","128","5","18","11","32","26","29","4","3","29.10.12"
"070893","20","Волинська область","сільський клуб, фойє
вул.Центральна, 49Б, с.Ягідне, Турійський р-н, Волинська обл., 44836","176","53","171","6","117","6","123","","0","117","6","123","0","123","5","28","6","22","15","40","4","3","29.10.12"
"070894","20","Волинська область","школа, хол
вул.Шевченка, 3, с.Дольск, Турійський р-н, Волинська обл., 44814","368","78","359","31","262","28","290","","0","262","28","290","3","287","0","75","4","46","95","60","6","1","29.10.12"
"070895","20","Волинська область","сільський клуб, фойє
вул.Центральна, 17, с.Растів, Турійський р-н, Волинська обл., 44814","184","43","177","18","127","14","141","","0","127","14","141","3","138","2","26","5","17","69","19","0","0","29.10.12"
"070896","20","Волинська область","школа, фойє
вул.Центральна, 12, с.Дуліби, Турійський р-н, Волинська обл., 44832","360","79","360","15","268","13","281","","0","268","13","281","10","271","18","46","18","44","73","63","7","2","29.10.12"
"070897","20","Волинська область","сільський клуб, фойє
вул.Гайківська, 2, с.Туричани, Турійський р-н, Волинська обл., 44832","144","51","138","7","90","3","93","","0","90","3","93","0","93","2","18","2","21","16","31","1","2","29.10.12"
"070898","20","Волинська область","сільський клуб, актова зала
вул.Центральна, 74, с.Клюськ, Турійський р-н, Волинська обл., 44803","216","62","208","6","149","5","154","","0","149","5","154","3","151","1","36","3","15","38","53","3","2","29.10.12"
"070899","20","Волинська область","школа, столова
вул.Шкільна, 36, с.Гаруша, Турійський р-н, Волинська обл., 44803","192","52","190","7","133","7","140","","0","133","7","140","4","136","2","19","4","38","14","57","1","1","03.11.12"
"070900","20","Волинська область","сільський клуб, фойє
вул.Заліська, 54, с.Тагачин, Турійський р-н, Волинська обл., 44803","216","43","208","5","168","5","173","","0","168","5","173","2","171","4","34","2","45","42","37","6","1","29.10.12"
"070901","20","Волинська область","сільський клуб, фойє
вул.Миру, 41, с.Кульчин, Турійський р-н, Волинська обл., 44813","568","154","551","32","383","31","414","","0","383","31","414","4","410","2","34","14","49","213","87","3","8","29.10.12"
"070902","20","Волинська область","школа, фойє
вул.Шкільна, 1, с.Купичів, Турійський р-н, Волинська обл., 44852","664","237","658","50","380","47","427","","0","380","47","427","9","418","11","61","14","50","118","147","12","5","29.10.12"
"070903","20","Волинська область","сільський клуб, фойє
вул.Незалежності, 17А, с.Свинарин, Турійський р-н, Волинська обл., 44853","264","64","258","10","190","10","200","","0","190","10","200","2","198","6","41","8","47","30","59","3","4","29.10.12"
"070904","20","Волинська область","сільський клуб, фойє
вул.Незалежності, 49, с.Чорніїв, Турійський р-н, Волинська обл., 44853","184","57","179","9","120","7","127","","0","120","7","127","4","123","1","40","3","14","14","49","2","0","29.10.12"
"070905","20","Волинська область","сільський клуб, актова зала
вул.Перемоги, 8, с.Маковичі, Турійський р-н, Волинська обл., 44863","456","96","454","37","324","36","360","","0","324","36","360","1","359","1","86","5","75","97","90","2","3","29.10.12"
"070906","20","Волинська область","сільський клуб, актова зала
вул.Мирослави, 10, с.Мочалки, Турійський р-н, Волинська обл., 44863","128","24","120","12","94","10","104","","0","94","10","104","1","103","2","12","3","38","21","25","1","1","29.10.12"
"070907","20","Волинська область","сільська рада, кабінет голови
вул.Центральна, 18, с.Миляновичі, Турійський р-н, Волинська обл., 44820","224","62","217","18","144","18","162","","0","144","18","162","5","157","7","34","13","21","15","60","7","0","29.10.12"
"070908","20","Волинська область","фельдшерсько-акушерський пункт, каб.1
вул.Миру, 80, с.Годовичі, Турійський р-н, Волинська обл., 44820","184","50","178","15","121","13","134","","0","121","13","134","4","130","11","41","4","14","8","41","8","3","29.10.12"
"070909","20","Волинська область","школа, фойє
вул.Шкільна, 48, с.Тупали, Турійський р-н, Волинська обл., 44821","256","92","222","25","142","22","164","","0","142","22","164","8","156","8","30","3","35","6","61","11","2","29.10.12"
"070910","20","Волинська область","сільський клуб, фойє
вул.Перемоги, 48, с.Туровичі, Турійський р-н, Волинська обл., 44820","136","52","131","15","70","14","84","","0","70","14","84","3","81","6","3","2","23","3","39","5","0","29.10.12"
"070911","20","Волинська область","школа, актова зала
вул.О.С.Васильчука, 55, с.Мокрець, Турійський р-н, Волинська обл., 44840","584","209","573","45","334","41","375","","0","334","41","375","10","365","9","44","8","62","156","82","2","2","29.10.12"
"070912","20","Волинська область","школа, зала відпочинку
вул.Ковпака, 6, с.Блаженик, Турійський р-н, Волинська обл., 44840","104","22","105","10","72","10","82","","0","72","10","82","0","82","0","17","3","18","12","30","1","1","29.10.12"
"070913","20","Волинська область","школа, зала відпочинку
вул.Центральна, 31, с.Турія, Турійський р-н, Волинська обл., 44841","104","24","97","13","69","11","80","","0","69","11","80","3","77","2","18","1","23","6","25","1","1","29.10.12"
"070914","20","Волинська область","школа, фойє
вул.Центральна, 37, с.Туропин, Турійський р-н, Волинська обл., 44841","360","98","352","28","240","22","262","","0","240","22","262","5","257","7","69","15","49","34","70","11","2","29.10.12"
"070915","20","Волинська область","школа, фойє
вул.Центральна, 65, с.Новий Двір, Турійський р-н, Волинська обл., 44861","400","150","389","30","225","25","250","","0","225","25","250","5","245","3","49","4","15","30","141","3","0","29.10.12"
"070916","20","Волинська область","фельдшерсько-акушерський пункт, каб.1
вул.Ю.Панасюка, 16А, с.Дожва, Турійський р-н, Волинська обл., 44861","80","17","83","8","55","8","63","","0","55","8","63","2","61","1","6","0","1","17","35","1","0","29.10.12"
"070917","20","Волинська область","фельдшерсько-акушерський пункт, каб.2
вул.Старе село, 4, с.Ловища, Турійський р-н, Волинська обл., 44861","128","32","126","12","85","11","96","","0","85","11","96","0","96","1","11","2","21","8","52","1","0","29.10.12"
"070918","20","Волинська область","школа, фойє
вул.Центральна, 63, с.Осьмиговичі, Турійський р-н, Волинська обл., 44862","456","134","449","35","292","30","322","","0","292","30","322","7","315","4","28","5","50","166","62","0","0","29.10.12"
"070919","20","Волинська область","школа, фойє
вул.17-го Вересня, 25, с.Новосілки, Турійський р-н, Волинська обл., 44811","240","82","235","13","146","12","158","","0","146","12","158","4","154","7","28","4","22","21","59","13","0","29.10.12"
"070920","20","Волинська область","сільський клуб, фойє
вул.Бєлиха, 49А, с.Комарів, Турійський р-н, Волинська обл., 44841","232","67","222","19","147","18","165","","0","147","18","165","7","158","11","31","6","33","18","48","9","2","29.10.12"
"070921","20","Волинська область","сільський клуб, фойє
вул.Озерна, 40, с.Окунин, Турійський р-н, Волинська обл., 44811","112","26","104","7","79","7","86","","0","79","7","86","1","85","4","3","10","20","12","11","25","0","29.10.12"
"070922","20","Волинська область","школа, кабінет початкових класів
вул.Незалежності, 37А, с.Овлочин, Турійський р-н, Волинська обл., 44830","376","111","369","50","215","50","265","","0","215","50","265","3","262","10","62","12","46","76","45","10","1","29.10.12"
"070923","20","Волинська область","школа, каб.1
вул.Перемоги, 14А, с.Крать, Турійський р-н, Волинська обл., 44831","168","40","165","9","119","9","128","","0","119","9","128","1","127","6","32","8","30","17","22","10","2","29.10.12"
"070924","20","Волинська область","школа, гімнастична зала
вул.Зацерковна, 14Б, с.Ставки, Турійський р-н, Волинська обл., 44831","296","106","289","28","164","26","190","","0","164","26","190","4","186","6","46","14","31","26","47","14","2","29.10.12"
"070925","20","Волинська область","будинок культури, фойє
вул.Центральна, 60, с.Озеряни, Турійський р-н, Волинська обл., 44860","448","156","437","32","260","32","292","","0","260","32","292","7","285","3","47","6","55","48","120","2","4","29.10.12"
"070926","20","Волинська область","школа, столова
вул.Центральна, 10, с.Перевали, Турійський р-н, Волинська обл., 44812","280","95","269","11","176","9","185","","0","176","9","185","2","183","1","46","4","16","45","62","8","1","29.10.12"
"070927","20","Волинська область","сільський клуб, фойє
вул.Центральна, 37, с.Осереби, Турійський р-н, Волинська обл., 44812","176","55","165","11","110","11","121","","0","110","11","121","5","116","3","17","4","15","11","61","1","4","29.10.12"
"070928","20","Волинська область","сільський клуб, фойє
вул.Шевченка, 16, с.Торговище, Турійський р-н, Волинська обл., 44812","128","41","123","9","78","9","87","","0","78","9","87","0","87","2","26","2","17","10","22","6","2","29.10.12"
"070929","20","Волинська область","будинок культури, актова зала
вул.Центральна, 85, с.Ружин, Турійський р-н, Волинська обл., 44822","312","78","304","34","202","32","234","","0","202","32","234","3","231","4","13","17","51","57","79","5","5","29.10.12"
"070930","20","Волинська область","сільський клуб, фойє
вул.Ковельська, 37Г, с.Городилець, Турійський р-н, Волинська обл., 44804","280","96","275","7","177","7","184","","0","177","7","184","5","179","12","39","15","55","32","19","3","4","29.10.12"
"070931","20","Волинська область","школа, кабінет початкових класів
вул.Шкільна, 3, с.Селець, Турійський р-н, Волинська обл., 44804","384","103","382","24","258","23","281","","0","258","23","281","11","270","2","79","16","34","49","71","14","5","29.10.12"
"070932","20","Волинська область","школа, к.1
вул.Запрутська, 3, с.Задиби, Турійський р-н, Волинська обл., 44804","152","55","146","10","87","10","97","","0","87","10","97","1","96","2","18","4","17","16","33","5","1","29.10.12"
"070933","20","Волинська область","будинок культури, фойє
вул.Шкільна, 3, с.Соловичі, Турійський р-н, Волинська обл., 44833","456","94","452","14","351","11","362","","0","351","11","362","4","358","5","75","5","70","101","96","4","2","29.10.12"
"070934","20","Волинська область","школа, фойє
вул.Перемоги, 30, с.Кустичі, Турійський р-н, Волинська обл., 44833","176","49","174","7","120","7","127","","0","120","7","127","3","124","1","8","0","13","22","77","1","2","29.10.12"
"070935","20","Волинська область","школа, фойє
вул.Тишика, 58, с.Обенижі, Турійський р-н, Волинська обл., 44835","440","128","438","22","295","17","312","","0","295","17","312","8","304","5","92","2","59","104","39","0","3","29.10.12"
"070936","20","Волинська область","сільський клуб, фойє
вул.Миру, 21, с.Сомин, Турійський р-н, Волинська обл., 44810","184","30","183","4","150","4","154","","0","150","4","154","3","151","3","18","3","25","57","28","17","0","29.10.12"
"070937","20","Волинська область","фельдшерсько-акушерський пункт, каб.1
вул.Дружби, 4, с.Відути, Турійський р-н, Волинська обл., 44810","104","33","102","5","67","4","71","","0","67","4","71","2","69","2","7","3","16","16","23","2","0","29.10.12"
"070938","20","Волинська область","сільський клуб, фойє
вул.Центральна, 11, с.Туличів, Турійський р-н, Волинська обл., 44850","272","75","267","30","168","29","197","","0","168","29","197","10","187","7","48","3","33","23","70","1","2","29.10.12"
"070939","20","Волинська область","школа, фойє
вул.Шкільна, 1, с.Вербичне, Турійський р-н, Волинська обл., 44850","152","46","146","15","93","13","106","","0","93","13","106","6","100","2","37","1","14","12","27","7","0","29.10.12"
"070940","20","Волинська область","сільський клуб, фойє
вул.Шкільна, 26, с.Літин, Турійський р-н, Волинська обл., 44852","184","58","178","21","107","19","126","","0","107","19","126","4","122","7","14","2","20","46","30","1","2","29.10.12"
"070941","20","Волинська область","сільський клуб, фойє
вул.Луцька, 3, с.Радовичі, Турійський р-н, Волинська обл., 44850","264","58","255","14","193","13","206","","0","193","13","206","6","200","4","39","4","28","41","78","2","4","29.10.12"
