"№ ВД","OBO","Назва регіону України","Місцезнаходження та адреса приміщення для голосування","1) К-сть одержаних бюлетенів","2) К-сть невикористаних бюлетенів","3) К-сть виборців, внесених до списку виборців","4) К-сть виборців, внесених до витягу зі списку виборців","5) К-сть виборців, які отримали бюлетені у приміщенні","6) К-сть виборців, які отримали за місцем перебування","7) Сумарна к-сть виборців, які отримали бюлетені","8) К-сть бюлетенів, що виявилися у кожній скринці","9) К-сть бюлетенів, що не підлягають врахуванню","10) К-сть виборців, які взяли участь у голос. у приміщенні для гол.","11) К-сть виборців, які взяли участь у голос. за місцем перебування","12) К-сть виборців, які взяли участь у голосуванні на виборчій дільниці","13) К-сть бюлетенів, визнаних недійсними","14) Сумарна к-сть голосів виборців ЗА","Бущик
Петро
Григорович","Грицюк
Анатолій
Петрович","Грицюк
Андрій
Іванович","Єремеєв
Ігор
Миронович","Козік
Ігор
Петрович","Кононенко
Дмитро
Євгенович","Лондар
Олексій
Сергійович","Олешко
Петро
Степанович","Прохоренко
Володимир
Анатолійович","Розтока
Андрій
Вячеславович","Дата підписання протоколу"
"000001","23","Волинська область","актовий зал
вул.Романівська, 91, смт Колки, Маневицький р-н, Волинська обл., 44661","54","23","33","0","31","0","31","","0","31","0","31","2","29","4","10","4","8","0","1","1","0","0","1","29.10.12"
"070206","23","Волинська область","будинок культури, актова зала
пл.Культури, 1, м.Камінь-Каширський, Камінь-Каширський р-н, Волинська обл., 44500","2280","1032","2263","27","1224","24","1248","","0","1224","24","1248","36","1212","39","422","42","346","98","18","197","5","2","43","29.10.12"
"070207","23","Волинська область","Камінь-Каширське вище професійне училище, актова зала
вул.Воля, 44, м.Камінь-Каширський, Камінь-Каширський р-н, Волинська обл., 44500","2466","1174","2437","30","1265","27","1292","","0","1265","27","1292","43","1249","28","475","65","322","88","28","186","8","3","46","29.10.12"
"070208","23","Волинська область","школа №2, актова зала
вул.Шевченка, 68, м.Камінь-Каширський, Камінь-Каширський р-н, Волинська обл., 44500","1878","856","1866","16","1006","16","1022","","0","1006","16","1022","38","984","60","349","33","219","64","10","216","3","1","29","29.10.12"
"070209","23","Волинська область","будинок дитячої юнацької творчості, актова зала
вул.Гагаріна, 3, м.Камінь-Каширський, Камінь-Каширський р-н, Волинська обл., 44500","1602","737","1576","18","849","16","865","","0","849","16","865","21","844","26","258","27","240","43","21","194","4","1","30","29.10.12"
"070210","23","Волинська область","школа, фойє
вул.Савчука, 7, с.Підцир’я, Камінь-Каширський р-н, Волинська обл., 44506","1182","459","1162","8","717","6","723","","0","717","6","723","15","708","31","266","21","166","121","6","78","3","1","15","29.10.12"
"070211","23","Волинська область","сільський клуб, актова зала
вул.Центральна, 93А, с.Боровне, Камінь-Каширський р-н, Волинська обл., 44562","576","123","562","19","434","19","453","","0","434","19","453","14","439","51","159","25","155","8","10","9","8","3","11","29.10.12"
"070212","23","Волинська область","сільський клуб, актова зала
вул.Шкільна, 2А, с.Житнівка, Камінь-Каширський р-н, Волинська обл., 44562","324","85","315","7","232","7","239","","0","232","7","239","8","231","26","67","15","107","1","3","7","1","0","4","29.10.12"
"070213","23","Волинська область","сільський клуб, фойє
вул.Шевченка, 1, с.Кримне, Камінь-Каширський р-н, Волинська обл., 44535","1350","566","1339","37","752","32","784","","0","752","32","784","28","756","16","330","36","230","16","3","91","3","1","30","29.10.12"
"070214","23","Волинська область","сільський клуб, актова зала
вул.Лесі Українки, 4, с.Бузаки, Камінь-Каширський р-н, Волинська обл., 44523","786","268","780","6","512","6","518","","0","512","6","518","9","509","36","140","11","240","10","3","64","0","0","5","29.10.12"
"070215","23","Волинська область","сільський клуб, актова зала
вул.Івана Франка, 43, с.Краснилівка, Камінь-Каширський р-н, Волинська обл., 44523","366","88","365","11","267","11","278","","0","267","11","278","3","275","1","79","16","123","3","0","44","1","0","8","28.10.12"
"070216","23","Волинська область","сільський клуб, актова зала
вул.Партизанська, 17, с.Великий Обзир, Камінь-Каширський р-н, Волинська обл., 44523","468","157","463","45","273","38","311","","0","273","38","311","7","304","1","14","68","185","10","5","11","3","2","5","29.10.12"
"070217","23","Волинська область","фельдшерсько-акушерський пункт, кабінет медпрацівника
вул.Центральна, 1, с.Стобихва, Камінь-Каширський р-н, Волинська обл., 44571","42","14","37","1","27","1","28","","0","27","1","28","2","26","0","9","0","15","0","2","0","0","0","0","29.10.12"
"070218","23","Волинська область","сільський клуб, актова зала
вул.Центральна, 3А, с.Верхи, Камінь-Каширський р-н, Волинська обл., 44570","408","132","401","16","261","15","276","","0","261","15","276","14","262","22","54","8","151","7","3","9","1","1","6","29.10.12"
"070219","23","Волинська область","сільська рада, актова зала
вул.Ковельська, 143, с.Видерта, Камінь-Каширський р-н, Волинська обл., 44520","1596","634","1567","52","915","47","962","","0","915","47","962","33","929","75","137","40","325","40","11","268","4","4","25","29.10.12"
"070220","23","Волинська область","сільський клуб, фойє
вул.Центральна, 59, с.Видричі, Камінь-Каширський р-н, Волинська обл., 44516","498","168","490","0","330","0","330","","0","330","0","330","6","324","7","48","6","222","9","2","24","0","0","6","29.10.12"
"070221","23","Волинська область","сільський клуб, актова зала
вул.Центральна, 11, с.Дубровиця, Камінь-Каширський р-н, Волинська обл., 44516","264","72","255","4","188","4","192","","0","188","4","192","14","178","3","36","7","117","1","4","6","0","0","4","29.10.12"
"070222","23","Волинська область","школа, спортзал
вул.Шевченка, 49, с.Теклине, Камінь-Каширський р-н, Волинська обл., 44517","378","152","370","8","218","8","226","","0","218","8","226","11","215","3","33","4","136","5","3","22","1","1","7","29.10.12"
"070223","23","Волинська область","сільський клуб, актова зала
вул.Центральна, 3, с.Воєгоща, Камінь-Каширський р-н, Волинська обл., 44534","1116","393","1108","17","706","17","723","","0","706","17","723","14","709","26","303","38","189","23","5","103","5","1","16","29.10.12"
"070224","23","Волинська область","сільський клуб, фойє
вул.Центральна, 60, с.Ворокомле, Камінь-Каширський р-н, Волинська обл., 44530","1314","490","1293","31","795","29","824","","0","795","29","824","34","790","63","211","38","287","35","7","137","1","1","10","29.10.12"
"070225","23","Волинська область","сільська рада, зал засідань
пл.Соціальна, 6, с.Грудки, Камінь-Каширський р-н, Волинська обл., 44521","1392","629","1383","17","746","17","763","","0","746","17","763","16","747","25","169","26","344","38","8","122","2","0","13","29.10.12"
"070226","23","Волинська область","сільський клуб, фойє
вул.Довга Нива, 13, с.Гута-Боровенська, Камінь-Каширський р-н, Волинська обл., 44553","690","257","676","22","412","21","433","","0","412","21","433","14","419","62","103","11","167","13","12","31","4","2","14","29.10.12"
"070227","23","Волинська область","фельдшерсько-акушерський пункт, каб.2
вул.Хутір, 1, с.Малі Голоби, Камінь-Каширський р-н, Волинська обл., 44553","192","50","190","4","139","3","142","","0","139","3","142","2","140","9","22","10","69","4","5","14","0","5","2","29.10.12"
"070228","23","Волинська область","сільський клуб, актова зала
вул.Набережна, 28, с.Добре, Камінь-Каширський р-н, Волинська обл., 44513","894","234","883","4","656","4","660","","0","656","4","660","15","645","3","89","24","448","7","8","53","4","2","7","29.10.12"
"070229","23","Волинська область","сільський клуб, фойє
вул.Радянська, 81, с.Залісся, Камінь-Каширський р-н, Волинська обл., 44541","930","476","919","14","442","12","454","","0","442","12","454","9","445","16","108","23","235","47","3","7","0","0","6","29.10.12"
"070230","23","Волинська область","сільський клуб, фойє
вул.Молодіжна, 26, с.Карасин, Камінь-Каширський р-н, Волинська обл., 44572","504","147","497","11","346","11","357","","0","346","11","357","12","345","9","89","15","204","7","6","9","0","0","6","29.10.12"
"070231","23","Волинська область","лісництво, зал засідань
вул.Незалежності, 4, с.Карпилівка, Камінь-Каширський р-н, Волинська обл., 44573","480","111","468","17","352","17","369","","0","352","17","369","12","357","13","147","21","140","6","1","12","2","2","13","29.10.12"
"070232","23","Волинська область","школа, спортзал
вул.Центральна, 40, с.Качин, Камінь-Каширський р-н, Волинська обл., 44542","594","211","574","62","327","56","383","","0","327","56","383","18","365","7","126","13","155","7","8","33","2","1","13","29.10.12"
"070233","23","Волинська область","фельдшерсько-акушерський пункт, каб.3
вул.Центральна, 13, с.Ставище, Камінь-Каширський р-н, Волинська обл., 44542","84","22","82","6","56","6","62","","0","56","6","62","0","62","1","30","2","28","0","0","0","0","0","1","29.10.12"
"070234","23","Волинська область","школа, кл.3
вул.Шевченка, 57, с.Олександрія, Камінь-Каширський р-н, Волинська обл., 44542","150","37","146","7","108","5","113","","0","108","5","113","8","105","2","55","7","27","3","2","5","1","1","2","29.10.12"
"070235","23","Волинська область","сільський клуб, актова зала
вул.8 Березня, 2, с.Клітицьк, Камінь-Каширський р-н, Волинська обл., 44550","432","133","423","4","295","4","299","","0","295","4","299","6","293","17","57","9","150","18","2","33","0","0","7","29.10.12"
"070236","23","Волинська область","сільський клуб, актова зала
вул.Перемоги, 7, с.Гута-Камінська, Камінь-Каширський р-н, Волинська обл., 44551","354","123","353","6","225","6","231","","0","225","6","231","5","226","2","58","15","109","10","4","21","1","0","6","29.10.12"
"070237","23","Волинська область","сільський клуб, фойє
вул.Незалежності, 1б, с.Личини, Камінь-Каширський р-н, Волинська обл., 44544","468","143","457","33","297","28","325","","0","297","28","325","5","320","15","142","15","98","15","7","24","1","0","3","29.10.12"
"070238","23","Волинська область","сільський клуб, фойє
вул.Ладана, 3, с.Мельники-Мостище, Камінь-Каширський р-н, Волинська обл., 44514","534","192","515","8","334","8","342","","0","334","8","342","1","341","7","49","13","223","6","1","29","3","2","8","29.10.12"
"070239","23","Волинська область","сільський клуб, фойє
вул.Нова, 4, с.Мостище, Камінь-Каширський р-н, Волинська обл., 44515","474","190","469","0","284","0","284","","0","284","0","284","9","275","14","31","8","191","6","12","4","2","1","6","29.10.12"
"070240","23","Волинська область","сільський клуб, актова зала
вул.Центральна, 20, с.Нові Червища, Камінь-Каширський р-н, Волинська обл., 44560","846","198","841","45","606","42","648","","0","606","42","648","22","626","80","229","45","160","36","18","41","4","3","10","29.10.12"
"070241","23","Волинська область","сільський клуб, актова зала
вул.Центральна, 52, с.Рудка-Червинська, Камінь-Каширський р-н, Волинська обл., 44561","426","101","422","21","305","20","325","","0","305","20","325","5","320","31","118","28","105","7","7","15","1","1","7","29.10.12"
"070242","23","Волинська область","школа, спортзал
вул.Лесі Українки, 84, с.Нуйно, Камінь-Каширський р-н, Волинська обл., 44540","1170","526","1149","8","638","6","644","","0","638","6","644","21","623","18","171","25","319","24","6","26","2","4","28","29.10.12"
"070243","23","Волинська область","сільський клуб, актова зала
вул.Торгова, 98А, с.Оленине, Камінь-Каширський р-н, Волинська обл., 44563","750","339","740","28","383","28","411","","0","383","28","411","20","391","26","108","11","179","7","7","36","4","1","12","29.10.12"
"070244","23","Волинська область","сільський клуб, фойє
вул.Центральна, 35, с.Осівці, Камінь-Каширський р-н, Волинська обл., 44522","1032","440","1025","22","571","21","592","","0","571","21","592","14","578","10","107","25","363","16","15","27","3","1","11","29.10.12"
"070245","23","Волинська область","сільський клуб, актова зала
вул.Центральна, 90, с.Піщане, Камінь-Каширський р-н, Волинська обл., 44565","924","354","912","21","549","21","570","","0","549","21","570","16","554","10","117","14","330","43","4","15","1","9","11","29.10.12"
"070246","23","Волинська область","сільський клуб, актова зала
вул.Центральна, 1, с.Пнівне, Камінь-Каширський р-н, Волинська обл., 44531","474","145","465","9","320","9","329","","0","320","9","329","4","325","17","76","10","189","5","3","16","1","0","8","29.10.12"
"070247","23","Волинська область","школа, вестибюль
вул.Травнева, 11, с.Волиця, Камінь-Каширський р-н, Волинська обл., 44533","642","232","629","39","371","39","410","","0","371","39","410","9","401","83","83","18","201","5","3","4","0","0","4","29.10.12"
"070248","23","Волинська область","школа, спортзал
вул.1-ше Травня, 29, с.Соснівка, Камінь-Каширський р-н, Волинська обл., 44531","384","136","381","15","233","15","248","","0","233","15","248","6","242","8","73","11","135","1","2","6","1","1","4","29.10.12"
"070249","23","Волинська область","школа, вестибюль
вул.Миру, 20, с.Фаринки, Камінь-Каширський р-н, Волинська обл., 44532","510","186","503","5","319","5","324","","0","319","5","324","9","315","15","64","11","191","4","6","17","2","0","5","29.10.12"
"070250","23","Волинська область","сільський клуб, актова зала
вул.Шкільна, 4А, с.Полиці, Камінь-Каширський р-н, Волинська обл., 44552","540","145","535","11","384","11","395","","0","384","11","395","18","377","14","75","11","184","8","9","68","0","2","6","29.10.12"
"070251","23","Волинська область","сільський клуб, актова зала
вул.Селищна, 1, с.Іваномисль, Камінь-Каширський р-н, Волинська обл., 44552","294","69","292","10","215","10","225","","0","215","10","225","6","219","8","53","18","107","3","1","20","0","2","7","29.10.12"
"070252","23","Волинська область","сільський клуб, актова зала
вул.Ветеранів, 109, с.Раків Ліс, Камінь-Каширський р-н, Волинська обл., 44524","2400","1009","2375","38","1354","37","1391","","0","1354","37","1391","36","1355","40","489","77","492","41","19","159","9","4","25","29.10.12"
"070253","23","Волинська область","школа, вестибюль
вул.Миру, 1, с.Підріччя, Камінь-Каширськийр-н, Волинська обл., 44525","450","144","440","6","301","5","306","","0","301","5","306","16","290","7","66","19","73","36","4","76","3","2","4","29.10.12"
"070254","23","Волинська область","сільський клуб, фойє
вул.Ковельська, 98, с.Сошичне, Камінь-Каширський р-н, Волинська обл., 44543","1428","481","1420","57","895","52","947","","0","895","52","947","24","923","20","336","46","429","18","12","23","5","3","31","29.10.12"
"070255","23","Волинська область","школа, кл.2
вул.Лесі Українки, 44, с.Запруддя, Камінь-Каширський р-н, Волинська обл., 44543","174","35","171","16","124","15","139","","0","124","15","139","4","135","9","50","4","58","1","2","9","1","0","1","29.10.12"
"070256","23","Волинська область","сільський клуб, фойє
вул.Незалежності, 89А, с.Стобихівка, Камінь-Каширський р-н, Волинська обл., 44575","576","127","568","12","437","12","449","","0","437","12","449","19","430","7","212","30","141","6","6","15","1","1","11","29.10.12"
"070257","23","Волинська область","сільський клуб, фойє
вул.Миру, 21А, с.Радошинка, Камінь-Каширський р-н, Волинська обл., 44573","150","48","147","4","100","2","102","","0","100","2","102","7","95","1","39","3","36","3","1","3","1","1","7","29.10.12"
"070258","23","Волинська область","школа, вестибюль
вул.Миру, 5, с.Тоболи, Камінь-Каширський р-н, Волинська обл., 44554","774","234","767","38","502","38","540","","0","502","38","540","9","531","125","148","27","169","6","7","38","2","1","8","29.10.12"
"070259","23","Волинська область","сільський клуб, фойє
вул.Жовтнева, 39, с.Старі Червища, Камінь-Каширський р-н, Волинська обл., 44554","276","58","275","8","210","8","218","","0","210","8","218","4","214","26","74","9","91","5","2","2","1","0","4","29.10.12"
"070260","23","Волинська область","сільський клуб, актова зала
вул.Глинянка, 2, с.Хотешів, Камінь-Каширський р-н, Волинська обл., 44512","1230","339","1204","46","852","39","891","","0","852","39","891","19","872","22","216","34","482","11","15","73","4","1","14","29.10.12"
"070261","23","Волинська область","сільський клуб, актова зала
вул.Шкільна, 2, с.Котуш, Камінь-Каширський р-н, Волинська обл., 44512","174","60","171","2","112","2","114","","0","112","2","114","1","113","10","31","9","56","0","0","4","0","0","3","29.10.12"
"070262","23","Волинська область","сільський клуб, фойє
вул.Шкільна, 4, с.Черче, Камінь-Каширський р-н, Волинська обл., 44510","1176","381","1166","39","759","36","795","","0","759","36","795","23","772","61","332","41","208","14","22","71","5","5","13","29.10.12"
"070263","23","Волинська область","школа, кл.2А
вул.Вишнева, 23, с.Острівок, Камінь-Каширський р-н, Волинська обл., 44510","246","103","244","3","142","1","143","","0","142","1","143","0","143","5","46","7","65","6","9","3","1","0","1","29.10.12"
"070264","23","Волинська область","школа, кл.2
вул.Шкільна, 14, с.Підбороччя, Камінь-Каширський р-н, Волинська обл., 44511","384","112","376","18","254","18","272","","0","254","18","272","8","264","9","114","14","108","3","2","7","0","1","6","29.10.12"
"070265","23","Волинська область","центральна районна лікарня, фойє поліклініки
вул.Шевченка, 43, м.Камінь-Каширський, Камінь-Каширський р-н, Волинська обл., 44500","204","92","123","39","79","33","112","","0","79","33","112","4","108","6","29","1","50","7","2","8","2","0","3","29.10.12"
"070266","23","Волинська область","школа №1, коридор, 1-й поверх
вул.Київська, 43, м.Ківерці, Ківерцівський р-н, Волинська обл., 45200","1872","703","1849","22","1149","20","1169","","0","1149","20","1169","33","1136","33","399","41","545","4","11","24","25","2","52","29.10.12"
"070267","23","Волинська область","районний будинок культури ім.Ковальова, фойє, 2-й поверх
вул.Шевченка, 29, м.Ківерці, Ківерцівський р-н, Волинська обл., 45200","1782","682","1761","14","1088","12","1100","","0","1088","12","1100","28","1072","22","369","34","514","5","11","30","20","2","65","29.10.12"
"070268","23","Волинська область","школа №3, спортивна зала, 2-й поверх
вул.Шевченка, 13, м.Ківерці, Ківерцівський р-н, Волинська обл., 45200","1704","748","1684","20","937","19","956","","0","937","19","956","25","931","15","396","32","406","3","2","25","12","0","40","29.10.12"
"070269","23","Волинська область","міське виробниче управління житлово-комунального господарства, актова зала, 2-й поверх
вул.Комунальна, 8, м.Ківерці, Ківерцівський р-н, Волинська обл., 45200","1794","705","1768","56","1035","54","1089","","0","1035","54","1089","27","1062","15","485","46","407","4","7","21","15","1","61","29.10.12"
"070270","23","Волинська область","гімназія, спортивна зала, 1-й поверх
вул.С.Бойка, 6, м.Ківерці, Ківерцівський р-н, Волинська обл., 45200","2472","941","2426","35","1503","28","1531","","0","1503","28","1531","38","1493","44","593","46","648","1","4","46","25","2","84","29.10.12"
"070271","23","Волинська область","школа №4, спортивна зала, 1-й поверх
вул.Галана, 3, м.Ківерці, Ківерцівський р-н, Волинська обл., 45200","1680","608","1661","26","1047","25","1072","","0","1047","25","1072","22","1050","26","399","40","499","2","6","20","14","0","44","29.10.12"
"070272","23","Волинська область","ремонтно-транспортне підприємство, актова зала, 2-й поверх
вул.17-Вересня, 49, м.Ківерці, Ківерцівський р-н, Волинська обл., 45200","1848","639","1833","33","1176","33","1209","","0","1176","33","1209","19","1190","12","478","49","526","3","6","48","12","2","54","29.10.12"
"070273","23","Волинська область","будинок культури, фойє
вул.Замкова, 17, смт Олика, Ківерцівський р-н, Волинська обл., 45263","1980","805","1961","65","1119","56","1175","","0","1119","56","1175","37","1138","26","486","50","436","9","17","30","15","1","68","29.10.12"
"070274","23","Волинська область","школа, кл.2
вул.О.Денисюка, 60, с.Метельне, Ківерцівський р-н, Волинська обл., 45272","510","175","507","41","295","40","335","","0","295","40","335","9","326","5","99","27","169","5","2","6","8","0","5","29.10.12"
"070275","23","Волинська область","школа, кл.2
вул.Визволителів, 29, с.Личани, Ківерцівський р-н, Волинська обл., 45263","288","49","284","33","206","33","239","","0","206","33","239","3","236","6","71","7","121","0","2","2","20","1","6","29.10.12"
"070276","23","Волинська область","Цуманська районна лікарня, зала засідань
вул.Філатова, 6А, смт Цумань, Ківерцівський р-н, Волинська обл., 45233","714","297","698","15","402","15","417","","0","402","15","417","6","411","13","113","23","229","0","2","3","6","1","21","29.10.12"
"070277","23","Волинська область","споживче товариство, фойє
вул.Шевченка, 14К, смт Цумань, Ківерцівський р-н, Волинська обл., 45233","942","257","936","15","673","12","685","","0","673","12","685","16","669","26","291","32","261","0","3","19","7","0","30","29.10.12"
"070278","23","Волинська область","школа, фойє
вул.Жовтнева, 14, смт Цумань, Ківерцівський р-н, Волинська обл., 45233","1386","479","1380","13","894","13","907","","0","894","13","907","21","886","24","266","30","484","3","10","23","8","0","38","29.10.12"
"070279","23","Волинська область","будинок культури, глядацька зала
вул.1-го Травня, 1, смт Цумань, Ківерцівський р-н, Волинська обл., 45233","1284","430","1276","34","823","31","854","","0","823","31","854","19","835","30","273","30","431","1","8","16","11","1","34","29.10.12"
"070280","23","Волинська область","клуб, зала
вул.Зелена, 6А, с.Кадище, Ківерцівський р-н, Волинська обл., 45234","342","93","336","10","239","10","249","","0","239","10","249","2","247","10","69","13","146","0","2","0","0","0","7","29.10.12"
"070281","23","Волинська область","школа, фойє
вул.Набережна, 28, с.Берестяне, Ківерцівський р-н, Волинська обл., 45215","666","145","660","45","478","43","521","","0","478","43","521","8","513","9","185","35","255","3","4","3","6","2","11","29.10.12"
"070282","23","Волинська область","школа, коридор
вул.Визволителів, 20А, с.Борохів, Ківерцівський р-н, Волинська обл., 45245","870","258","867","56","559","53","612","","0","559","53","612","12","600","4","190","26","318","0","2","13","27","1","19","29.10.12"
"070283","23","Волинська область","клуб, актова зала
вул.Лесі Українки, 14А, с.Вишнів, Ківерцівський р-н, Волинська обл., 45271","618","175","611","48","400","43","443","","0","400","43","443","5","438","5","70","11","236","3","1","3","96","0","13","29.10.12"
"070284","23","Волинська область","будинок культури, глядацька зала
вул.Грушевського, 85, с.Грем’яче, Ківерцівський р-н, Волинська обл., 45235","684","181","682","37","467","36","503","","0","467","36","503","12","491","5","181","27","250","3","2","4","4","3","12","29.10.12"
"070285","23","Волинська область","клуб, глядацька зала
вул.Жовтнева, 54, с.Скреготівка, Ківерцівський р-н, Волинська обл., 45235","288","65","283","22","201","22","223","","0","201","22","223","0","223","7","67","17","121","2","2","2","1","0","4","29.10.12"
"070286","23","Волинська область","сільська рада, зала
вул.Жовтнева, 73В, с.Дерно, Ківерцівський р-н, Волинська обл., 45260","1212","410","1201","64","738","64","802","","0","738","64","802","17","785","15","278","35","398","2","4","13","12","0","28","29.10.12"
"070287","23","Волинська область","школа, кабінет історії
вул.Суворова, 26А, с.Котів, Ківерцівський р-н, Волинська обл., 45260","282","96","281","30","157","29","186","","0","157","29","186","6","180","3","30","1","139","0","0","0","5","1","1","29.10.12"
"070288","23","Волинська область","клуб, танцювальна зала
вул.Садова, 2В, с.Ставок, Ківерцівський р-н, Волинська обл., 45260","258","78","251","13","167","13","180","","0","167","13","180","9","171","5","56","13","81","0","5","1","4","0","6","29.10.12"
"070289","23","Волинська область","школа, коридор
вул.Шкільна, 1Д, с.Мощаниця, Ківерцівський р-н, Волинська обл., 45260","270","79","274","24","169","22","191","","0","169","22","191","8","183","4","64","14","83","1","4","1","4","1","7","29.10.12"
"070290","23","Волинська область","школа, коридор
вул.Миру, 17, с.Дідичі, Ківерцівський р-н, Волинська обл., 45261","714","203","712","46","465","46","511","","0","465","46","511","8","503","13","171","18","261","1","5","10","2","1","21","29.10.12"
"070291","23","Волинська область","школа, коридор
вул.Шкільна, 1, с.Залісоче, Ківерцівський р-н, Волинська обл., 45262","756","236","752","47","473","47","520","","0","473","47","520","15","505","5","176","32","232","4","6","5","9","3","33","29.10.12"
"070292","23","Волинська область","школа, кл.1
вул.Ломоносова, 9А, с.Кадище, Ківерцівський р-н, Волинська обл., 45234","114","26","109","6","82","6","88","","0","82","6","88","2","86","6","32","3","39","1","0","2","1","0","2","29.10.12"
"070293","23","Волинська область","школа, актова зала
вул.Ватутіна, 38, с.Дубище, Ківерцівський р-н, Волинська обл., 45236","216","46","211","23","150","20","170","","0","150","20","170","3","167","6","33","9","94","0","2","0","17","3","3","29.10.12"
"070294","23","Волинська область","школа, актова зала
вул.Шкільна, 15А, с.Башлики, Ківерцівський р-н, Волинська обл., 45237","660","186","662","33","441","33","474","","0","441","33","474","12","462","3","193","15","237","1","5","3","0","0","5","29.10.12"
"070295","23","Волинська область","фельдшерсько-акушерський пункт, к.1
вул.Незалежності, 9, с.Ромашківка, Ківерцівський р-н, Волинська обл., 45236","210","43","204","7","161","6","167","","0","161","6","167","2","165","2","42","10","96","0","0","2","4","1","8","29.10.12"
"070296","23","Волинська область","школа, фойє
вул.Б.Хмельницького, 3, с.Жидичин, Ківерцівський р-н, Волинська обл., 45240","1158","337","1155","34","788","33","821","","0","788","33","821","10","811","5","454","41","241","4","7","9","9","1","40","29.10.12"
"070297","23","Волинська область","школа, класна кімната
вул.Заводська, 38А, с.Кульчин, Ківерцівський р-н, Волинська обл., 45241","732","250","728","9","475","7","482","","0","475","7","482","13","469","5","185","33","204","3","4","5","6","0","24","29.10.12"
"070298","23","Волинська область","школа-інтернат, класна кімната
вул.Санаторна, 8, с.Липляни, Ківерцівський р-н, Волинська обл., 45240","360","119","351","9","232","9","241","","0","232","9","241","1","240","6","103","9","100","1","1","1","2","0","17","29.10.12"
"070299","23","Волинська область","школа, спортивна зала
вул.Центральна, 14, с.Жорнище, Ківерцівський р-н, Волинська обл., 45264","708","143","698","55","517","48","565","","0","517","48","565","14","551","6","252","35","234","5","0","4","5","0","10","29.10.12"
"070300","23","Волинська область","школа, класна кімната
вул.Гагаріна, 22, с.Чемерин, Ківерцівський р-н, Волинська обл., 45264","324","68","259","26","233","23","256","","0","233","23","256","4","252","7","79","18","130","2","5","3","2","0","6","29.10.12"
"070301","23","Волинська область","школа, кл.1
вул.Шевченка, 72, с.Носовичі, Ківерцівський р-н, Волинська обл., 45264","216","52","214","33","133","31","164","","0","133","31","164","2","162","11","73","12","58","2","1","2","1","0","2","29.10.12"
"070302","23","Волинська область","школа, фойє
вул.Шевченка, 57, с.Журавичі, Ківерцівський р-н, Волинська обл., 45213","906","221","892","51","636","49","685","","0","636","49","685","12","673","12","363","41","231","0","0","9","3","2","12","29.10.12"
"070303","23","Волинська область","клуб, глядацька зала
вул.Лесі Українки, 29А, с.Домашів, Ківерцівський р-н, Волинська обл., 45213","186","24","182","19","145","17","162","","0","145","17","162","3","159","0","132","6","19","0","0","0","0","0","2","29.10.12"
"070304","23","Волинська область","клуб, глядацька зала
вул.Незалежності, 9А, с.Микове, Ківерцівський р-н, Волинська обл., 45213","108","20","106","13","75","13","88","","0","75","13","88","3","85","1","52","6","24","1","0","0","0","0","1","29.10.12"
"070305","23","Волинська область","школа, спортивна зала
вул.Шевченка, 36, с.Завітне, Ківерцівський р-н, Волинська обл., 45221","264","77","259","27","163","24","187","","0","163","24","187","2","185","1","58","14","102","0","1","7","1","0","1","29.10.12"
"070306","23","Волинська область","школа, спортивна зала
вул.Кравчука, 16, с.Човниця, Ківерцівський р-н, Волинська обл., 45222","234","52","228","14","169","13","182","","0","169","13","182","3","179","1","33","5","120","0","10","7","0","0","3","29.10.12"
"070307","23","Волинська область","школа, їдальня
вул.Київська, 49А, с.Звірів, Ківерцівський р-н, Волинська обл., 45250","486","113","481","34","339","34","373","","0","339","34","373","3","370","3","93","16","227","0","1","4","18","0","8","29.10.12"
"070308","23","Волинська область","клуб, глядацька зала
вул.1-го Травня, 10, с.Веснянка, Ківерцівський р-н, Волинська обл., 45250","294","73","292","27","196","25","221","","0","196","25","221","2","219","2","92","14","92","1","1","0","12","0","5","29.10.12"
"070309","23","Волинська область","будинок культури, глядацька зала
вул.Івана Франка, 9, с.Карпилівка, Ківерцівський р-н, Волинська обл., 45232","1122","527","1112","8","587","8","595","","0","587","8","595","18","577","8","223","20","290","0","6","3","8","1","18","29.10.12"
"070310","23","Волинська область","школа, коридор
вул.Шкільна, 26, с.Липне, Ківерцівський р-н, Волинська обл., 45212","1236","387","1221","72","777","72","849","","0","777","72","849","23","826","21","332","51","376","1","10","10","13","2","10","29.10.12"
"070311","23","Волинська область","школа, вестибюль
вул.Олексюка, 10, с.Озеро, Ківерцівський р-н, Волинська обл., 45222","540","174","537","22","345","21","366","","0","345","21","366","5","361","3","83","13","237","1","1","4","5","0","14","29.10.12"
"070312","23","Волинська область","клуб, глядацька зала
вул.Незалежності, 56А, с.Гайове, Ківерцівський р-н, Волинська обл., 45222","360","88","351","16","259","13","272","","0","259","13","272","9","263","1","132","22","96","1","4","0","2","0","5","29.10.12"
"070313","23","Волинська область","клуб, глядацька зала
вул.Жовтнева, 18А, с.Озерце, Ківерцівський р-н, Волинська обл., 45242","306","78","300","16","212","16","228","","0","212","16","228","2","226","3","71","3","131","3","1","2","4","1","7","29.10.12"
"070314","23","Волинська область","школа, кл.2
вул.Котляревського, 48, с.Небіжка, Ківерцівський р-н, Волинська обл., 45242","264","117","259","4","144","3","147","","0","144","3","147","8","139","2","54","12","56","0","7","0","2","0","6","29.10.12"
"070315","23","Волинська область","школа, коридор
вул.Незалежності, 89, с.Клепачів, Ківерцівський р-н, Волинська обл., 45242","348","115","336","17","218","15","233","","0","218","15","233","5","228","4","104","15","96","0","0","0","4","0","5","29.10.12"
"070316","23","Волинська область","школа, фойє
вул.Центральна, 31А, с.Омельне, Ківерцівський р-н, Волинська обл., 45210","552","185","540","49","325","42","367","","0","325","42","367","11","356","6","117","18","185","1","1","3","3","0","22","29.10.12"
"070317","23","Волинська область","школа, коридор
вул.Жовтнева, 101, с.Покащів, Ківерцівський р-н, Волинська обл., 45253","480","145","467","58","278","57","335","","0","278","57","335","1","334","5","93","22","206","2","2","0","0","0","4","29.10.12"
"070318","23","Волинська область","школа, актова зала
вул.Шкільна, 27А, с.Одеради, Ківерцівський р-н, Волинська обл., 45253","252","57","249","16","179","16","195","","0","179","16","195","2","193","3","76","16","88","0","3","0","1","0","6","29.10.12"
"070319","23","Волинська область","школа, спортивна зала
вул.Ківерцівська, 37Б, с.Прилуцьке, Ківерцівський р-н, Волинська обл., 45243","1548","551","1523","45","953","44","997","","0","953","44","997","23","974","15","361","43","384","6","15","29","33","1","87","29.10.12"
"070320","23","Волинська область","клуб, зала
вул.Шевченка, 6, с.Дачне, Ківерцівський р-н, Волинська обл., 45244","624","141","620","25","458","25","483","","0","458","25","483","8","475","11","171","13","220","1","7","4","9","0","39","29.10.12"
"070321","23","Волинська область","приватний будинок О.Голубіка, зала
вул.Вишнева, 2, с.Жабка, Ківерцівський р-н, Волинська обл., 45244","204","37","202","8","161","6","167","","0","161","6","167","3","164","3","69","14","66","0","0","1","1","1","9","29.10.12"
"070322","23","Волинська область","фельдшерсько-акушерський пункт, кімната фельдшера
вул.Лесі Українки, 8, с.Сапогове, Ківерцівський р-н, Волинська обл., 45243","138","43","138","15","80","15","95","","0","80","15","95","2","93","0","22","2","59","2","3","1","3","0","1","29.10.12"
"070323","23","Волинська область","школа, актова зала
вул.Шкільна, 1, с.Сильне, Ківерцівський р-н, Волинська обл., 45230","378","118","373","31","232","28","260","","0","232","28","260","1","259","1","106","22","121","1","2","3","0","0","3","29.10.12"
"070324","23","Волинська область","школа, спортивна зала
вул.Шкільна, 39, с.Городище, Ківерцівський р-н, Волинська обл., 45231","528","139","520","20","371","18","389","","0","371","18","389","14","375","4","153","32","170","0","8","4","1","0","3","29.10.12"
"070325","23","Волинська область","клуб, глядацька зала
вул.Комсомольська, 30, с.Клубочин, Ківерцівський р-н, Волинська обл., 45230","96","16","95","5","76","4","80","","0","76","4","80","4","76","4","37","4","27","1","0","0","0","0","3","29.10.12"
"070326","23","Волинська область","школа, спортивна зала
вул.Шкільна, 1, с.Сокиричі, Ківерцівський р-н, Волинська обл., 45223","720","296","711","23","401","23","424","","0","401","23","424","11","413","5","146","19","203","5","4","5","6","0","20","29.10.12"
"070327","23","Волинська область","школа, актова зала
вул.Шкільна, 1, с.Бодячів, Ківерцівський р-н, Волинська обл., 45224","504","213","498","21","271","20","291","","0","271","20","291","4","287","4","93","11","159","2","0","4","3","0","11","29.10.12"
"070328","23","Волинська область","школа, актова зала
вул.Шкільна, 1, с.Муравище, Ківерцівський р-н, Волинська обл., 45273","474","132","465","24","318","24","342","","0","318","24","342","8","334","6","107","22","173","5","2","7","1","2","9","29.10.12"
"070329","23","Волинська область","школа, фойє
вул.Молодіжна, 8, с.Суськ, Ківерцівський р-н, Волинська обл., 45220","360","104","360","21","236","20","256","","0","236","20","256","1","255","8","138","10","92","0","1","2","0","0","4","29.10.12"
"070330","23","Волинська область","школа, фойє
вул.Киричука, 42, с.Словатичі, Ківерцівський р-н, Волинська обл., 45220","240","41","241","14","186","13","199","","0","186","13","199","3","196","3","80","10","97","0","3","0","0","0","3","29.10.12"
"070331","23","Волинська область","школа, актова зала
вул.Жовтнева, 5, с.Звози, Ківерцівський р-н, Волинська обл., 45220","270","75","263","28","169","26","195","","0","169","26","195","3","192","2","104","4","71","0","1","0","3","1","6","29.10.12"
"070332","23","Волинська область","фельдшерсько-акушерський пункт, кабінет гігієни
вул.Колгоспна, 37, с.Славне, Ківерцівський р-н, Волинська обл., 45220","84","16","75","2","66","2","68","","0","66","2","68","0","68","1","38","4","24","0","0","0","0","0","1","29.10.12"
"070333","23","Волинська область","школа, спортивна зала
вул.Волі, 76А, с.Тростянець, Ківерцівський р-н, Волинська обл., 45214","666","208","664","61","399","59","458","","0","399","59","458","4","454","18","167","27","227","3","4","3","1","0","4","29.10.12"
"070334","23","Волинська область","клуб, глядацька зала
вул.Першотравнева, 54А, с.Хопнів, Ківерцівський р-н, Волинська обл., 45214","222","47","220","24","151","24","175","","0","151","24","175","4","171","2","62","9","87","2","1","3","1","0","4","28.10.12"
"070335","23","Волинська область","школа, кл.1
вул.Незалежності, 18А, с.Острів, Ківерцівський р-н, Волинська обл., 45214","162","40","161","13","109","13","122","","0","109","13","122","3","119","0","66","8","40","0","0","0","1","2","2","29.10.12"
"070336","23","Волинська область","фельдшерсько-акушерський пункт, кабінет гігієни
вул.Кузнєцова, 38, с.Яромель, Ківерцівський р-н, Волинська обл., 45214","42","10","38","4","28","4","32","","0","28","4","32","1","31","2","10","1","18","0","0","0","0","0","0","29.10.12"
"070337","23","Волинська область","будинок культури, глядацька зала
вул.Центральна, 11, с.Холоневичі, Ківерцівський р-н, Волинська обл., 45211","798","205","788","70","524","69","593","","0","524","69","593","18","575","3","202","33","317","3","6","2","4","0","5","29.10.12"
"070338","23","Волинська область","клуб, глядацька зала
вул.Жовтнева, 20, с.Знамирівка, Ківерцівський р-н, Волинська обл., 45211","198","40","198","13","145","13","158","","0","145","13","158","1","157","4","44","9","95","0","0","1","1","1","2","29.10.12"
"070339","23","Волинська область","сільська рада, зала
вул.Зелена, 1, с.Хорлупи, Ківерцівський р-н, Волинська обл., 45251","498","129","491","52","318","51","369","","0","318","51","369","0","369","4","99","7","248","0","2","3","1","0","5","29.10.12"
"070340","23","Волинська область","школа, актова зала
вул.Перемоги, 9, с.Пальче, Ківерцівський р-н, Волинська обл., 45252","270","74","264","46","155","41","196","","0","155","41","196","3","193","4","53","16","101","1","3","2","6","0","7","29.10.12"
"070341","23","Волинська область","центральна районна лікарня, фізіотерапевтичне відділення, 1-й поверх
вул.Філатова, 6, м.Ківерці, Ківерцівський р-н, Волинська обл., 45200","234","160","74","26","48","26","74","","0","48","26","74","1","73","3","19","4","38","0","1","1","4","0","3","29.10.12"
"070342","23","Волинська область","виправна колонія №84, актова зала
вул.Шевченка, 54, смт Цумань, Ківерцівський р-н, Волинська обл., 45233","276","15","265","0","261","0","261","","0","261","0","261","19","242","0","20","2","200","1","8","1","5","2","3","29.10.12"
"070545","23","Волинська область","районний будинок культури, глядацька зала
вул.Незалежності, 62, смт Любешів, Любешівський р-н, Волинська обл., 44200","2208","917","2177","13","1280","11","1291","","0","1280","11","1291","25","1266","182","398","21","504","5","48","33","11","2","62","29.10.12"
"070546","23","Волинська область","Любешівський навчально-виховний комплекс, вестибюль
вул.Незалежності, 39, смт Любешів, Любешівський р-н, Волинська обл., 44200","2226","910","2224","19","1305","11","1316","","0","1305","11","1316","20","1296","191","327","19","624","8","55","28","10","0","34","29.10.12"
"070547","23","Волинська область","сільський клуб, глядацька зала
вул.Волі, 3, с.Рудка, Любешівський р-н, Волинська обл., 44200","306","62","306","3","241","3","244","","0","241","3","244","7","237","18","80","10","122","0","1","1","2","1","2","29.10.12"
"070548","23","Волинська область","фельдшерсько-акушерський пункт, коридор
вул.Зарічна, 3, с.Заріка, Любешівський р-н, Волинська обл., 44200","162","47","162","6","110","5","115","","0","110","5","115","2","113","18","30","7","43","0","15","0","0","0","0","29.10.12"
"070549","23","Волинська область","сільський клуб, глядацька зала
вул.Радянська, 21, с.Березичі, Любешівський р-н, Волинська обл., 44252","576","161","559","46","369","46","415","","0","369","46","415","15","400","51","89","10","195","4","17","26","0","1","7","29.10.12"
"070550","23","Волинська область","школа, коридор
вул.Садова, 31, с.Нові Березичі, Любешівський р-н, Волинська обл., 44252","156","26","161","8","122","8","130","","0","122","8","130","6","124","20","27","4","58","1","3","3","3","0","5","29.10.12"
"070551","23","Волинська область","фельдшерсько-акушерський пункт, коридор
вул.Незалежності, 6, с.Віл, Любешівський р-н, Волинська обл., 44252","126","19","124","17","90","17","107","","0","90","17","107","0","107","15","29","4","55","0","4","0","0","0","0","29.10.12"
"070552","23","Волинська область","сільський клуб, глядацька зала
вул.Незалежності, 44, с.Бихів, Любешівський р-н, Волинська обл., 44242","822","247","808","41","539","36","575","","0","539","36","575","6","569","61","146","26","250","4","15","41","4","0","22","29.10.12"
"070553","23","Волинська область","школа, коридор
вул.Травнева, 9, с.Хутомир, Любешівський р-н, Волинська обл., 44242","120","32","121","6","82","6","88","","0","82","6","88","4","84","2","23","1","52","0","3","2","0","0","1","29.10.12"
"070554","23","Волинська область","школа, коридор
вул.Будьонного, 2, с.Бірки, Любешівський р-н, Волинська обл., 44240","1146","436","1132","48","662","48","710","","0","662","48","710","18","692","128","71","14","416","2","9","36","1","1","14","29.10.12"
"070555","23","Волинська область","школа, коридор
вул.Червоноармійська, 1, с.Витуле, Любешівський р-н, Волинська обл., 44240","216","70","198","1","145","1","146","","0","145","1","146","4","142","23","26","3","81","0","3","2","1","0","3","29.10.12"
"070556","23","Волинська область","сільський будинок культури, глядацька зала
вул.Шевченка, 26, с.Велика Глуша, Любешівський р-н, Волинська обл., 44221","1254","414","1247","38","802","38","840","","0","802","38","840","30","810","153","163","24","382","8","7","53","3","1","16","29.10.12"
"070557","23","Волинська область","школа, коридор
вул.Поліська, 4, с.Погулянка, Любешівський р-н, Волинська обл., 44222","432","87","410","20","325","20","345","","0","325","20","345","11","334","57","48","7","181","2","1","19","2","0","17","29.10.12"
"070558","23","Волинська область","школа, коридор
вул.Івана Бубала, 16, с.Невір, Любешівський р-н, Волинська обл., 44223","360","49","363","18","293","18","311","","0","293","18","311","12","299","43","31","7","187","7","13","7","1","0","3","29.10.12"
"070559","23","Волинська область","сільський клуб, глядацька зала
вул.Червоноармійська, 56, с.Великий Курінь, Любешівський р-н, Волинська обл., 44210","540","133","542","10","397","10","407","","0","397","10","407","8","399","54","101","15","203","1","8","6","3","1","7","29.10.12"
"070560","23","Волинська область","сільський клуб, глядацька зала
вул.Лесі Українки, 29, с.Проходи, Любешівський р-н, Волинська обл., 44210","354","93","353","3","258","3","261","","0","258","3","261","4","257","51","56","7","112","2","4","7","3","0","15","29.10.12"
"070561","23","Волинська область","школа, спортивна зала
вул.Радянська, 62А, с.Ветли, Любешівський р-н, Волинська обл., 44220","1152","206","1145","49","898","48","946","","0","898","48","946","31","915","668","81","33","84","8","31","1","0","2","7","29.10.12"
"070562","23","Волинська область","сільська рада, зала
вул.Леніна, 115, с.Гірки, Любешівський р-н, Волинська обл., 44230","612","134","608","39","439","39","478","","0","439","39","478","11","467","169","75","29","168","3","7","4","5","0","7","29.10.12"
"070563","23","Волинська область","народний дім, глядацька зала
вул.Поліська, 61, с.Мукошин, Любешівський р-н, Волинська обл., 44231","294","54","291","9","231","9","240","","0","231","9","240","3","237","76","37","5","102","5","7","1","1","1","2","29.10.12"
"070564","23","Волинська область","сільський будинок культури, глядацька зала
вул.Поліщука, 39, с.Деревок, Любешівський р-н, Волинська обл., 44243","648","153","638","25","470","25","495","","0","470","25","495","5","490","74","93","6","289","3","9","5","3","0","8","29.10.12"
"070565","23","Волинська область","сільська рада, актова зала
вул.Незалежності, 70, с.Дольськ, Любешівський р-н, Волинська обл., 44232","570","159","564","24","388","23","411","","0","388","23","411","4","407","63","61","10","231","2","5","24","1","0","10","29.10.12"
"070566","23","Волинська область","школа, коридор
вул.Садова, 4, с.Шлапань, Любешівський р-н, Волинська обл., 44233","198","28","196","9","164","6","170","","0","164","6","170","1","169","19","39","5","97","0","1","3","0","0","5","29.10.12"
"070567","23","Волинська область","сільський будинок культури, глядацька зала
вул.Малієвського, 91, с.Залаззя, Любешівський р-н, Волинська обл., 44244","1380","554","1367","16","812","14","826","","0","812","14","826","35","791","64","193","42","413","4","10","30","5","6","24","29.10.12"
"070568","23","Волинська область","фельдшерсько-акушерський пункт, коридор
вул.Дібровська, 12, с.Діброва, Любешівський р-н, Волинська обл., 44244","144","42","145","3","99","3","102","","0","99","3","102","0","102","7","22","1","65","2","2","2","1","0","0","28.10.12"
"070569","23","Волинська область","сільський будинок культури, глядацька зала
вул.Радянська, 6, с.Залізниця, Любешівський р-н, Волинська обл., 44253","1332","585","1321","5","742","5","747","","0","742","5","747","18","729","33","144","34","470","6","5","17","7","3","10","29.10.12"
"070570","23","Волинська область","сільський клуб, глядацька зала
вул.Федорова, 49, с.Лобна, Любешівський р-н, Волинська обл., 44252","444","128","442","5","311","5","316","","0","311","5","316","6","310","20","53","15","205","2","4","3","2","2","4","29.10.12"
"070571","23","Волинська область","сільський клуб, глядацька зала
вул.Берегова, 47А, с.Зарудчі, Любешівський р-н, Волинська обл., 44213","960","324","949","5","633","3","636","","0","633","3","636","24","612","80","154","24","305","4","13","15","3","1","13","29.10.12"
"070572","23","Волинська область","сільський клуб, глядацька зала
вул.Молодіжна, 1, с.Підкормілля, Любешівський р-н, Волинська обл., 44214","606","227","600","7","372","7","379","","0","372","7","379","6","373","43","47","7","265","0","2","6","0","1","2","29.10.12"
"070573","23","Волинська область","сільський клуб, глядацька зала
вул.Незалежності, 7А, с.Селісок, Любешівський р-н, Волинська обл., 44215","234","60","223","12","162","12","174","","0","162","12","174","7","167","19","39","10","91","2","3","0","0","1","2","29.10.12"
"070574","23","Волинська область","фельдшерсько-акушерський пункт, коридор
вул.Першотравнева, 1А, с.Пожог, Любешівський р-н, Волинська обл., 44215","48","7","49","4","37","4","41","","0","37","4","41","0","41","6","9","3","23","0","0","0","0","0","0","29.10.12"
"070575","23","Волинська область","фельдшерсько-акушерський пункт, коридор
вул.Шкільна, 2А, с.Бучин, Любешівський р-н, Волинська обл., 44215","162","33","162","26","103","26","129","","0","103","26","129","4","125","14","23","5","73","0","4","1","0","0","5","29.10.12"
"070576","23","Волинська область","сільський клуб, глядацька зала
вул.Шевченка, 49, с.Любешівська Воля, Любешівський р-н, Волинська обл., 44212","402","106","390","13","283","13","296","","0","283","13","296","8","288","39","54","10","173","0","5","4","1","0","2","29.10.12"
"070577","23","Волинська область","сільський клуб, глядацька зала
вул.Шевченка, 42, с.В’язівне, Любешівський р-н, Волинська обл., 44211","324","83","318","2","239","2","241","","0","239","2","241","4","237","23","27","5","173","2","2","3","1","0","1","29.10.12"
"070578","23","Волинська область","сільський клуб, глядацька зала
вул.Перемоги, 12, с.Люб’язь, Любешівський р-н, Волинська обл., 44235","804","190","790","26","588","26","614","","0","588","26","614","9","605","148","104","20","257","5","8","38","6","3","16","29.10.12"
"070579","23","Волинська область","сільський клуб, глядацька зала
вул.Лесі Українки, 29, с.Мала Глуша, Любешівський р-н, Волинська обл., 44224","972","263","947","88","627","82","709","","0","627","82","709","14","695","111","110","17","370","7","12","50","2","3","13","29.10.12"
"070580","23","Волинська область","сільський будинок культури, глядацька зала
вул.Радянська, 56, с.Седлище, Любешівський р-н, Волинська обл., 44255","888","234","878","46","611","43","654","","0","611","43","654","14","640","41","258","20","269","1","6","25","1","1","18","29.10.12"
"070581","23","Волинська область","сільський клуб, глядацька зала
вул.Старе Грабово, 15, с.Угриничі, Любешівський р-н, Волинська обл., 44256","408","101","407","41","269","38","307","","0","269","38","307","3","304","34","51","2","196","6","3","2","3","0","7","29.10.12"
"070582","23","Волинська область","сільський будинок культури
вул.Григорія Ланевича, 15А, с.Судче, Любешівський р-н, Волинська обл., 44250","756","272","738","16","468","16","484","","0","468","16","484","18","466","89","77","22","245","1","7","9","3","3","10","29.10.12"
"070583","23","Волинська область","сільський клуб, глядацька зала
вул.Лесі Українки, 40, с.Березна Воля, Любешівський р-н, Волинська обл., 44251","228","50","223","2","176","2","178","","0","176","2","178","4","174","72","22","2","64","0","8","3","0","0","3","29.10.12"
"070584","23","Волинська область","сільський клуб, глядацька зала
вул.Радянська, 11, с.Хоцунь, Любешівський р-н, Волинська обл., 44234","288","58","277","13","217","13","230","","0","217","13","230","7","223","25","69","13","98","1","5","3","3","0","6","29.10.12"
"070585","23","Волинська область","фельдшерсько-акушерський пункт, коридор
вул.Центральна, 3, с.Сваловичі, Любешівський р-н, Волинська обл., 44234","36","3","36","3","30","3","33","","0","30","3","33","1","32","2","4","2","24","0","0","0","0","0","0","29.10.12"
"070586","23","Волинська область","сільський будинок культури, глядацька зала
вул.Перемоги, 5, с.Цир, Любешівський р-н, Волинська обл., 44241","822","310","820","16","497","15","512","","0","497","15","512","10","502","56","95","19","316","3","3","3","1","1","5","29.10.12"
"070587","23","Волинська область","сільський клуб, глядацька зала
вул.Торгова, 3, с.Лахвичі, Любешівський р-н, Волинська обл., 44241","366","122","360","3","242","2","244","","0","242","2","244","7","237","25","43","5","158","1","2","1","0","0","2","29.10.12"
"070588","23","Волинська область","культурно-просвітницький заклад, глядацька зала
вул.Жовтнева, 24А, с.Щитинь, Любешівський р-н, Волинська обл., 44225","486","132","484","20","334","20","354","","0","334","20","354","3","351","103","83","6","140","3","1","8","1","1","5","29.10.12"
"070654","23","Волинська область","будинок культури, фойє, 1-й поверх
вул.Некрасова, 5, смт Маневичі, Маневицький р-н, Волинська обл., 44600","1560","569","1547","7","984","7","991","","0","984","7","991","14","977","42","297","28","529","2","6","20","6","3","44","29.10.12"
"070655","23","Волинська область","державне підприємство ""Маневицьке лісове господарство"", актовий зал
вул.Карла Маркса, 31, смт Маневичі, Маневицький р-н, Волинська обл., 44600","1518","648","1493","11","859","11","870","","0","859","11","870","8","862","16","262","27","484","5","5","26","6","1","30","29.10.12"
"070656","23","Волинська область","Маневицьке виробниче управління житлово-комунального господарства, актовий зал
вул.Ринкова, 22, смт Маневичі, Маневицький р-н, Волинська обл., 44600","1446","573","1423","7","866","7","873","","0","866","7","873","11","862","22","289","32","421","4","9","36","7","0","42","29.10.12"
"070657","23","Волинська область","школа №1, актовий зал, 2-й поверх
вул.Комарова, 6, смт Маневичі, Маневицький р-н, Волинська обл., 44600","1524","650","1505","12","864","10","874","","0","864","10","874","23","851","19","293","30","432","8","4","25","5","2","33","29.10.12"
"070658","23","Волинська область","гімназія №2, фойє, 1-й поверх
вул.100-річчя Маневич, 59, смт Маневичі, Маневицький р-н, Волинська обл., 44600","1692","656","1673","13","1026","10","1036","","0","1026","10","1036","17","1019","33","331","26","538","5","3","31","11","0","41","29.10.12"
"070659","23","Волинська область","будинок культури, фойє
вул.Грушевського, 9, смт Колки, Маневицький р-н, Волинська обл., 44661","1314","513","1302","13","788","13","801","","0","788","13","801","10","791","25","254","23","434","2","7","6","6","3","31","29.10.12"
"070660","23","Волинська область","Колківське вище професійне училище, фойє
вул.Грушевського, 43, смт Колки, Маневицький р-н, Волинська обл., 44661","1488","514","1473","37","940","34","974","","0","940","34","974","14","960","13","309","35","536","3","7","15","2","0","40","29.10.12"
"070661","23","Волинська область","будинок культури, фойє
вул.Незалежності, 21, с.Боровичі, Маневицький р-н, Волинська обл., 44666","732","197","722","46","489","46","535","","0","489","46","535","15","520","7","79","14","396","1","1","10","2","0","10","29.10.12"
"070662","23","Волинська область","клуб, фойє
вул.Михайла Мандзюка, 34, с.Грузятин, Маневицький р-н, Волинська обл., 44667","474","90","466","24","360","24","384","","0","360","24","384","7","377","6","106","22","235","2","1","1","1","0","3","29.10.12"
"070663","23","Волинська область","будинок культури, фойє
вул.Центральна, 5, с.Будки, Маневицький р-н, Волинська обл., 44641","468","173","462","3","292","3","295","","0","292","3","295","6","289","6","80","17","170","2","4","4","1","0","5","29.10.12"
"070664","23","Волинська область","клуб, фойє
вул.Центральна, 7, с.Кам’януха, Маневицький р-н, Волинська обл., 44641","228","63","225","9","156","9","165","","0","156","9","165","0","165","6","44","7","101","0","2","1","0","0","4","29.10.12"
"070665","23","Волинська область","будинок культури, актовий зал
вул.Лесі Українки, 14, с.Велика Ведмежка, Маневицький р-н, 44631","192","41","189","7","144","7","151","","0","144","7","151","3","148","6","46","7","75","1","3","6","3","0","1","29.10.12"
"070666","23","Волинська область","клуб, актовий зал
вул.Миру, 45А, с.Нові Підцаревичі, Маневицький р-н, Волинська обл., 44631","252","62","248","2","188","2","190","","0","188","2","190","3","187","5","78","10","85","1","1","3","2","1","1","29.10.12"
"070667","23","Волинська область","школа, актовий зал
вул.Центральна, 59, с.Велика Осниця, Маневицький р-н, Волинська обл., 44650","450","170","442","33","247","33","280","","0","247","33","280","8","272","6","56","27","162","2","6","5","2","0","6","29.10.12"
"070668","23","Волинська область","школа, класна кімната
вул.Шкільна, с.Заріччя, 14, Маневицький р-н, Волинська обл., 44641","258","61","251","28","169","28","197","","0","169","28","197","2","195","4","37","6","134","0","4","6","1","0","3","29.10.12"
"070669","23","Волинська область","будинок культури, актовий зал
вул.Центральна, 37, с.Мала Осниця, Маневицький р-н, Волинська обл., 44650","252","82","247","15","156","14","170","","0","156","14","170","7","163","2","45","2","99","0","5","3","2","2","3","29.10.12"
"070670","23","Волинська область","школа, актовий зал
вул.Шкільна, 2, с.Галузія, Маневицький р-н, Волинська обл., 44613","498","116","493","35","348","34","382","","0","348","34","382","2","380","3","60","11","285","3","5","5","0","0","8","29.10.12"
"070671","23","Волинська область","будинок культури, актовий зал
вул.Шкільна 8, с.Годомичі, Маневицький р-н, Волинська обл., 44671","600","182","597","17","401","17","418","","0","401","17","418","6","412","12","112","20","235","9","4","5","0","2","13","29.10.12"
"070672","23","Волинська область","будинок культури, актовий зал
вул.Київська, 10, с.Гораймівка, Маневицький р-н, Волинська обл., 44681","882","312","857","14","556","14","570","","0","556","14","570","15","555","1","173","15","328","3","4","16","1","2","12","29.10.12"
"070673","23","Волинська область","школа, ігрова кімната
вул.Шевченка, 10, с.Майдан-Липненський, Маневицький р-н, Волинська обл., 44681","252","71","249","2","180","1","181","","0","180","1","181","3","178","4","46","10","108","1","1","0","1","1","6","29.10.12"
"070674","23","Волинська область","клуб, актовий зал
вул.Шкільна, 10, с.Городок, Маневицький р-н, Волинська обл., 44615","810","236","799","32","542","32","574","","0","542","32","574","5","569","12","185","32","303","5","5","14","7","0","6","29.10.12"
"070675","23","Волинська область","клуб, актовий зал
вул.Луцька, 16, с.Довжиця, Маневицький р-н, Волинська обл., 44643","264","61","256","3","200","3","203","","0","200","3","203","3","200","8","47","5","128","1","1","3","0","0","7","29.10.12"
"070676","23","Волинська область","будинок культури, актовий зал
вул.Перемоги, 20, с.Велика Яблунька, Маневицький р-н, Волинська обл., 44643","570","108","572","13","449","13","462","","0","449","13","462","7","455","16","107","14","281","2","3","9","5","2","16","29.10.12"
"070677","23","Волинська область","школа, фойє
вул.Шкільна, 12, с.Граддя, Маневицький р-н, Волинська обл., 44644","420","147","412","1","272","1","273","","0","272","1","273","3","270","5","61","6","179","1","3","3","3","0","9","29.10.12"
"070678","23","Волинська область","фельдшерсько-акушерський пункт, каб.2
вул.Шевченка, 4А, с.Загорівка, Маневицький р-н, Волинська обл., 44644","78","13","79","0","65","0","65","","0","65","0","65","1","64","2","16","1","41","1","2","0","0","1","0","29.10.12"
"070679","23","Волинська область","клуб, актовий зал
вул.Лесі Українки, 30А, с.Мала Яблунька, Маневицький р-н, Волинська обл., 44643","102","26","101","2","74","2","76","","0","74","2","76","1","75","3","25","2","36","0","1","2","2","0","4","29.10.12"
"070680","23","Волинська область","клуб, актовий зал
вул.Смоливиця, 7А, с.Карасин, Маневицький р-н, Волинська обл., 44612","450","147","450","3","300","3","303","","0","300","3","303","11","292","9","105","13","113","4","10","24","3","1","10","29.10.12"
"070681","23","Волинська область","клуб, актовий зал
вул.Центральна, 21А, с.Замостя, Маневицький р-н, Волинська обл., 44662","204","33","204","3","168","3","171","","0","168","3","171","2","169","7","75","12","49","0","7","8","5","0","6","29.10.12"
"070682","23","Волинська область","школа, спортивний зал
вул.Лесі Українки, 7, с.Комарове, Маневицький р-н, Волинська обл., 44651","636","229","628","14","393","14","407","","0","393","14","407","9","398","4","146","21","204","1","4","3","6","0","9","29.10.12"
"070683","23","Волинська область","школа, фойє
вул.Центральна, 23А, с.Новосілки, Маневицький р-н, Волинська обл., 44651","312","122","310","9","182","8","190","","0","182","8","190","7","183","3","45","12","112","1","2","1","2","1","4","29.10.12"
"070684","23","Волинська область","будинок культури, фойє
вул.Радянська, 41, с.Копилля, Маневицький р-н, Волинська обл., 44660","624","127","618","40","457","40","497","","0","457","40","497","10","487","11","105","28","320","1","6","7","4","0","5","29.10.12"
"070685","23","Волинська область","школа, фойє
вул.Молодіжна, 10, с.Костюхнівка, Маневицький р-н, Волинська обл., 44630","384","85","383","6","293","6","299","","0","293","6","299","1","298","2","56","11","221","0","1","4","0","0","3","29.10.12"
"070686","23","Волинська область","клуб, актовий зал
вул.Центральна, 19, с.Вовчицьк, Маневицький р-н, Волинська обл., 44641","258","52","255","1","205","1","206","","0","205","1","206","3","203","3","50","16","116","1","7","5","0","2","3","29.10.12"
"070687","23","Волинська область","клуб, актовий зал
вул.Центральна, 29, с.Колодії, Маневицький р-н, Волинська обл., 44630","288","80","286","10","198","10","208","","0","198","10","208","16","192","3","26","17","131","1","5","5","0","0","4","29.10.12"
"070688","23","Волинська область","будинок культури, актовий зал
вул.Радянська, 42А, с.Красноволя, Маневицький р-н, Волинська обл., 44654","552","209","544","11","332","11","343","","0","332","11","343","8","335","5","120","13","157","1","4","9","6","2","18","29.10.12"
"070689","23","Волинська область","клуб, актовий зал
вул.Молодіжна, 8А, с.Матейки, Маневицький р-н, Волинська обл., 44656","390","105","383","0","285","0","285","","0","285","0","285","6","279","10","56","14","165","4","4","7","7","1","11","28.10.12"
"070690","23","Волинська область","клуб, актовий зал
вул.Космонавтів, 26, с.Нічогівка, Маневицький р-н, Волинська обл., 44657","330","105","329","8","217","8","225","","0","217","8","225","8","217","2","57","17","124","0","5","2","2","0","8","29.10.12"
"070691","23","Волинська область","фельдшерсько-акушерський пункт, каб.2
вул.Перемоги, 22, с.Погулянка, Маневицький р-н, Волинська обл., 44657","204","51","204","0","153","0","153","","0","153","0","153","1","152","2","52","9","69","1","4","4","3","2","6","29.10.12"
"070692","23","Волинська область","клуб, актовий зал
вул.Молодіжна, 7, с.Тельчі, Маневицький р-н, Волинська обл., 44656","390","123","383","0","267","0","267","","0","267","0","267","1","266","11","62","8","167","2","6","1","2","1","6","29.10.12"
"070693","23","Волинська область","школа, актовий зал
вул.Шкільна, 8, с.Кукли, Маневицький р-н, Волинська обл., 44640","576","155","565","7","414","7","421","","0","414","7","421","6","415","8","122","11","261","1","3","2","1","2","4","29.10.12"
"070694","23","Волинська область","клуб, актовий зал
вул.Центральна, 20, с.Северинівка, Маневицький р-н, Волинська обл., 44640","138","24","140","0","114","0","114","","0","114","0","114","2","112","4","31","4","52","1","16","2","1","0","1","29.10.12"
"070695","23","Волинська область","будинок культури, актовий зал
вул.Богдана Хмельницького, 2, с.Куликовичі, Маневицький р-н, Волинська обл., 44653","534","171","533","8","355","8","363","","0","355","8","363","7","356","6","131","30","165","2","1","5","2","0","14","29.10.12"
"070696","23","Волинська область","клуб, актовий зал
вул.Марії Вовк, 2А, с.Лишнівка, Маневицький р-н, Волинська обл., 44635","372","105","366","1","266","1","267","","0","266","1","267","13","254","3","95","11","126","1","2","9","3","1","3","29.10.12"
"070697","23","Волинська область","клуб, актовий зал
вул.Центральна, 61, с.Лісове, Маневицький р-н, Волинська обл., 44635","366","88","364","18","260","18","278","","0","260","18","278","8","270","3","101","21","96","4","6","24","2","1","12","29.10.12"
"070698","23","Волинська область","школа, методичний кабінет
вул.Ю.Суліковського, 32, с.Гута-Лісівська, Маневицький р-н, Волинська обл., 44635","246","62","239","5","179","5","184","","0","179","5","184","4","180","3","38","10","114","1","5","7","0","0","2","29.10.12"
"070699","23","Волинська область","клуб, актовий зал
вул.Центральна, 24, с.Нова Руда, Маневицький р-н, Волинська обл., 44620","348","70","343","7","272","6","278","","0","272","6","278","7","271","11","119","13","114","2","4","2","0","0","6","29.10.12"
"070700","23","Волинська область","клуб, актовий зал
вул.Центральна, 10, с.Градиськ, Маневицький р-н, Волинська обл., 44621","222","56","230","2","164","2","166","","0","164","2","166","6","160","6","48","6","80","2","2","13","0","0","3","29.10.12"
"070701","23","Волинська область","клуб, актовий зал
вул.Обзирська, 7А, с.Набруска, Маневицький р-н, Волинська обл., 44620","114","28","110","2","84","2","86","","0","84","2","86","0","86","7","12","4","51","0","2","6","1","0","3","29.10.12"
"070702","23","Волинська область","клуб, актовий зал
вул.Шевченка, 39, с.Оконськ, Маневицький р-н, Волинська обл., 44603","912","232","912","9","671","9","680","","0","671","9","680","9","671","17","100","16","505","7","3","10","3","1","9","29.10.12"
"070703","23","Волинська область","будинок культури, актовий зал
вул.Сойне, 2А, с.Прилісне, Маневицький р-н, Волинська обл., 44614","1938","691","1924","34","1214","33","1247","","0","1214","33","1247","31","1216","39","223","40","812","8","7","43","7","2","35","29.10.12"
"070704","23","Волинська область","будинок культури, актовий зал
вул.Центральна, 44, с.Рудники, Маневицький р-н, Волинська обл., 44682","966","268","956","37","662","36","698","","0","662","36","698","11","687","8","307","44","298","1","9","5","0","2","13","29.10.12"
"070705","23","Волинська область","школа, класна кімната
вул.Топольна, 8, с.Калинівка, Маневицький р-н, Волинська обл., 44682","114","28","114","3","83","3","86","","0","83","3","86","1","85","0","18","7","54","1","2","0","0","0","3","29.10.12"
"070706","23","Волинська область","фельдшерсько-акушерський пункт, каб.2
вул.Лесі Українки, 18, с.Мар’янівка, Маневицький р-н, Волинська обл., 44682","48","13","48","0","35","0","35","","0","35","0","35","1","34","1","4","0","29","0","0","0","0","0","0","29.10.12"
"070707","23","Волинська область","клуб, актовий зал
вул.Козацька, 37, с.Новоукраїнка, Маневицький р-н, Волинська обл., 44682","138","32","137","0","106","0","106","","0","106","0","106","1","105","2","35","2","62","3","1","0","0","0","0","29.10.12"
"070708","23","Волинська область","клуб, актовий зал
вул.Волі, 16, с.Островки, Маневицький р-н, Волинська обл., 44682","168","51","162","14","103","14","117","","0","103","14","117","2","115","2","30","5","67","1","4","1","3","0","2","29.10.12"
"070709","23","Волинська область","школа, спортивний зал
вул.Шкільна, 1, с.Серхів, Маневицький р-н, Волинська обл., 44611","360","117","358","26","217","26","243","","0","217","26","243","7","236","4","68","15","137","2","0","1","2","0","7","29.10.12"
"070710","23","Волинська область","будинок культури, фойє
вул.Сокола, 101, с.Старий Чорторийськ, Маневицький р-н, Волинська обл., 44636","1236","409","1224","88","742","85","827","","0","742","85","827","10","817","31","131","33","557","6","9","25","4","1","20","29.10.12"
"070711","23","Волинська область","будинок культури, фойє
вул.Свердлова, 4, с.Старосілля, Маневицький р-н, Волинська обл., 44663","1098","484","1095","9","605","9","614","","0","605","9","614","24","590","13","202","20","293","7","4","20","3","2","26","29.10.12"
"070712","23","Волинська область","школа, шкільна їдальня
вул.Шкільна, 17, с.Розничі, Маневицький р-н, Волинська обл., 44664","564","260","554","3","301","3","304","","0","301","3","304","10","294","5","102","22","142","1","7","7","1","0","7","29.10.12"
"070713","23","Волинська область","клуб, актовий зал
вул.Центральна, 2, с.Семки, Маневицький р-н, Волинська обл., 44664","132","42","130","4","86","4","90","","0","86","4","90","4","86","2","20","4","58","1","0","1","0","0","0","29.10.12"
"070714","23","Волинська область","школа, актовий зал
вул.Шкільна, 33, с.Ситниця, Маневицький р-н, Волинська обл., 44665","432","139","428","5","288","5","293","","0","288","5","293","9","284","1","102","21","147","1","3","4","1","0","4","29.10.12"
"070715","23","Волинська область","будинок культури, актовий зал
вул.Лугова, 52А, с.Троянівка, Маневицький р-н, Волинська обл., 44622","588","158","579","0","430","0","430","","0","430","0","430","7","423","8","129","15","236","4","4","11","2","2","12","29.10.12"
"070716","23","Волинська область","клуб, актовий зал
вул.Село, 31, с.Бережниця, Маневицький р-н, Волинська обл., 44622","258","63","257","1","194","1","195","","0","194","1","195","4","191","2","85","11","86","0","0","4","0","0","3","29.10.12"
"070717","23","Волинська область","школа, класна кімната
вул.Чернявська, 16, с.Майдан, Маневицький р-н, Волинська обл., 44622","114","25","115","0","89","0","89","","0","89","0","89","1","88","6","19","0","50","0","1","2","1","3","6","29.10.12"
"070718","23","Волинська область","клуб, актовий зал
вул.Леніна, 24А, с.Черськ, Маневицький р-н, Волинська обл., 44623","342","106","339","1","235","1","236","","0","235","1","236","0","236","6","62","13","136","2","3","4","0","1","9","29.10.12"
"070719","23","Волинська область","сільська рада, зал засідань
вул.Радянська, 55, с.Цміни, Маневицький р-н, Волинська обл., 44623","636","191","628","30","415","30","445","","0","415","30","445","5","440","14","145","23","223","0","6","12","3","1","13","29.10.12"
"070720","23","Волинська область","клуб, актовий зал
вул.В.Швеця, 52А, с.Козлиничі, Маневицький р-н, Волинська обл., 44633","306","76","303","24","206","24","230","","0","206","24","230","6","224","23","75","19","92","2","6","3","1","0","3","29.10.12"
"070721","23","Волинська область","клуб, актовий зал
вул.Будьонного, 23, с.Мала Ведмежка, Маневицький р-н, Волинська обл., 44632","102","18","101","4","80","4","84","","0","80","4","84","1","83","4","23","3","51","0","0","0","2","0","0","29.10.12"
"070722","23","Волинська область","клуб, актовий зал
вул.Українська, 2, с.Підгаття, Маневицький р-н, Волинська обл., 44632","102","28","98","2","72","2","74","","0","72","2","74","1","73","2","18","1","46","0","1","2","1","0","2","29.10.12"
"070723","23","Волинська область","школа, кл.4
вул.Димитрова, 97, с.Хряськ, Маневицький р-н, Волинська обл., 44634","510","163","509","22","325","22","347","","0","325","22","347","0","347","6","101","11","215","0","3","4","1","1","5","29.10.12"
"070724","23","Волинська область","клуб, актовий зал
вул.Радянська, 37, с.Череваха, Маневицький р-н, Волинська обл., 44624","606","139","602","4","463","4","467","","0","463","4","467","12","455","8","99","18","318","2","3","1","2","0","4","29.10.12"
"070725","23","Волинська область","фельдшерсько-акушерський пункт, каб.3
вул.Т.Шевченка, 3, с.Софіянівка, Маневицький р-н, Волинська обл., 44624","54","7","56","2","45","2","47","","0","45","2","47","0","47","0","9","1","36","0","0","0","0","0","1","29.10.12"
"070726","23","Волинська область","будинок культури, фойє
вул.Радянська, 49, с.Четвертня, Маневицький р-н, Волинська обл., 44670","912","190","903","61","661","61","722","","0","661","61","722","13","709","17","258","46","330","2","2","25","6","0","23","29.10.12"
"070727","23","Волинська область","клуб, актовий зал
вул.Дружби Народів, 1, с.Криничне, Маневицький р-н, Волинська обл., 44672","330","87","328","11","232","11","243","","0","232","11","243","3","240","17","62","15","130","3","3","1","2","0","7","29.10.12"
"070728","23","Волинська область","клуб, актовий зал
вул.Леніна, 54, с.Чорниж, Маневицький р-н, Волинська обл., 44680","1110","329","1093","43","738","43","781","","0","738","43","781","35","746","13","249","36","397","4","3","17","15","2","10","29.10.12"
"070729","23","Волинська область","центральна районна лікарня, зал засідань, 2-й поверх
вул.Незалежності, 1, смт Маневичі, Маневицький р-н, Волинська обл., 44600","54","13","58","15","29","12","41","","0","29","12","41","0","41","3","13","3","20","0","0","0","0","0","2","29.10.12"
"070730","23","Волинська область","Колківська районна лікарня №2, зал засідань
вул.Грушевського, 36, смт Колки, Маневицький р-н, Волинська обл., 44661","30","23","10","6","1","6","7","","0","1","6","7","0","7","0","4","0","3","0","0","0","0","0","0","29.10.12"
"070731","23","Волинська область","виправна колонія №42, приміщення вечірньої школи
вул.Карла Маркса, 25, смт Маневичі, Маневицький р-н, Волинська обл., 44600","612","2","616","0","610","0","610","","0","610","0","610","57","553","38","155","56","143","25","36","13","26","19","42","29.10.12"
