"№ ВД","OBO","Назва регіону України","Місцезнаходження та адреса приміщення для голосування","1) К-сть одержаних бюлетенів","2) К-сть невикористаних бюлетенів","3) К-сть виборців, внесених до списку виборців","4) К-сть виборців, внесених до витягу зі списку виборців","5) К-сть виборців, які отримали бюлетені у приміщенні","6) К-сть виборців, які отримали за місцем перебування","7) Сумарна к-сть виборців, які отримали бюлетені","8) К-сть бюлетенів, що виявилися у кожній скринці","9) К-сть бюлетенів, що не підлягають врахуванню","10) К-сть виборців, які взяли участь у голос. у приміщенні для гол.","11) К-сть виборців, які взяли участь у голос. за місцем перебування","12) К-сть виборців, які взяли участь у голосуванні на виборчій дільниці","13) К-сть бюлетенів, визнаних недійсними","14) Сумарна к-сть голосів виборців ЗА","Байцим
Василь
Федорович","Бурко
Іван
Михайлович","Верчук
Ігор
Васильович","Гузь
Ігор
Володимирович","Івахів
Степан
Петрович","Кононович
Олександр
Адамович","Скрипін
Ігор
Олександрович","Смітюх
Іван
Євдокимович","Дата підписання протоколу"
"070343","21","Волинська область","селищна рада, зал засідань
вул.Ковельська, 1, смт Голоби, Ковельський р-н, Волинська обл., 45070","728","249","715","30","450","29","479","","0","450","29","479","7","472","3","0","11","149","199","6","17","87","29.10.12"
"070344","21","Волинська область","районний будинок культури, фойє
вул.Шевченка, 2, смт Голоби, Ковельський р-н, Волинська обл., 45070","784","244","776","29","513","27","540","","0","513","27","540","8","532","3","3","5","163","207","22","13","116","29.10.12"
"070345","21","Волинська область","школа, фойє
вул.Перемоги, 1, смт Голоби, Ковельський р-н, Волинська обл., 45070","896","334","871","42","523","39","562","","0","523","39","562","5","557","4","2","5","205","209","8","16","108","08.11.12"
"070346","21","Волинська область","дошкільний навчальний заклад, світлиця
вул.Ткача, 26, смт Голоби, Ковельський р-н, Волинська обл., 45070","728","248","710","20","461","19","480","","0","461","19","480","5","475","12","2","3","150","193","13","13","89","29.10.12"
"070347","21","Волинська область","будинок культури, зал
вул.Незалежності, 3, с.Бруховичі, Ковельський р-н, Волинська обл., 45073","280","79","282","16","188","13","201","","0","188","13","201","3","198","2","3","8","78","68","5","2","32","29.10.12"
"070348","21","Волинська область","фельдшерсько-акушерський пункт, кабінет медогляду
вул.Колгоспна, 5, с.Нужель, Ковельський р-н, Волинська обл., 45073","184","39","185","14","132","13","145","","0","132","13","145","1","144","0","2","1","21","59","2","0","59","29.10.12"
"070349","21","Волинська область","клуб, актовий зал
вул.Колгоспна, 5, с.Калиновник, Ковельський р-н, Волинська обл., 45070","48","19","40","1","28","1","29","","0","28","1","29","0","29","0","1","0","6","15","0","0","7","29.10.12"
"070350","21","Волинська область","фельдшерсько-акушерський пункт, кабінет медогляду
вул.Центральна, 4, с.Вівчицьк, Ковельський р-н, Волинська обл., 45070","120","27","112","11","83","10","93","","0","83","10","93","0","93","0","0","1","20","28","1","1","42","28.10.12"
"070351","21","Волинська область","школа, спортивний зал
вул.Молодіжна, 2, с.Погіньки, Ковельський р-н, Волинська обл., 45070","160","48","150","8","104","8","112","","0","104","8","112","0","112","0","1","2","35","45","3","1","25","29.10.12"
"070352","21","Волинська область","амбулаторія, фойє
вул.Жовтнева, 7, смт Люблинець, Ковельський р-н, Волинська обл., 45034","1120","387","1113","6","727","6","733","","0","727","6","733","12","721","14","5","7","275","250","6","40","124","29.10.12"
"070353","21","Волинська область","будинок культури, фойє
вул.Жовтнева, 23, смт Люблинець, Ковельський р-н, Волинська обл., 45034","1144","372","1126","10","763","9","772","","0","763","9","772","11","761","4","1","7","329","287","5","34","94","29.10.12"
"070354","21","Волинська область","школа, фойє
вул.Жовтнева, 36, смт Люблинець, Ковельський р-н, Волинська обл., 45034","1016","367","1007","5","644","5","649","","0","644","5","649","7","642","10","5","4","301","214","6","25","77","29.10.12"
"070355","21","Волинська область","клуб с.Довгоноси, актовий зал
вул.40 років Перемоги, 23, с.Довгоноси, Ковельський р-н, Волинська обл., 45034","200","50","198","3","147","3","150","","0","147","3","150","5","145","0","1","3","86","37","0","14","4","29.10.12"
"070356","21","Волинська область","будинок культури, фойє
вул.Шевченка, 56, с.Білашів, Ковельський р-н, Волинська обл., 45065","352","82","350","34","242","28","270","","0","242","28","270","2","268","2","0","5","49","124","1","1","86","29.10.12"
"070357","21","Волинська область","клуб с.Перковичі, актовий зал
вул.Шкільна, 5, с.Перковичі, Ковельський р-н, Волинська обл., 45065","144","40","144","17","88","16","104","","0","88","16","104","0","104","0","0","1","41","22","0","0","40","29.10.12"
"070358","21","Волинська область","фельдшерсько-акушерський пункт, каб.1
вул.Поліська, 5, с.Грушівка, Ковельський р-н, Волинська обл., 45065","96","21","94","16","61","14","75","","0","61","14","75","2","73","0","1","0","4","35","1","0","32","29.10.12"
"070359","21","Волинська область","шко ла, клас біології
вул.Лесі Українки, 8А, с.Білин, Ковельський р-н, Волинська обл., 45042","984","324","977","36","624","36","660","","0","624","36","660","4","656","8","2","3","348","158","4","20","113","29.10.12"
"070360","21","Волинська область","клуб, актовий зал
вул.Шевченка, 22, с.Колодниця, Ковельський р-н, Волинська обл., 45042","168","46","174","9","115","7","122","","0","115","7","122","0","122","2","1","3","51","24","0","1","40","29.10.12"
"070361","21","Волинська область","школа, спортивний зал
вул.Перемоги, 86, с.Велицьк, Ковельський р-н, Волинська обл., 45081","432","112","429","26","301","19","320","","0","301","19","320","1","319","1","3","3","50","135","2","9","116","29.10.12"
"070362","21","Волинська область","клуб, актовий зал
вул.Клубна, 8, с.Кухарі, Ковельський р-н, Волинська обл., 45081","248","57","247","23","168","23","191","","0","168","23","191","0","191","0","0","0","52","72","4","1","62","29.10.12"
"070363","21","Волинська область","клуб, актовий зал
вул.Молодіжна, 2, с.Городище, Ковельський р-н, Волинська обл., 45024","184","55","178","11","119","10","129","","0","119","10","129","1","128","1","1","3","24","60","0","0","39","29.10.12"
"070364","21","Волинська область","фельдшерсько-акушерський пункт, каб.2
вул.Радянська, 31, с.Гредьки, Ковельський р-н, Волинська обл., 45024","96","17","96","8","73","6","79","","0","73","6","79","2","77","1","0","0","25","18","1","2","30","29.10.12"
"070365","21","Волинська область","фельдшерсько-акушерський пункт, каб.2
вул.Жовтнева, 14, с.Красноволя, Ковельський р-н, Волинська обл., 45024","80","18","79","14","50","12","62","","0","50","12","62","1","61","0","0","0","19","15","0","3","24","29.10.12"
"070366","21","Волинська область","будинок культури, зал
вул.Лесі Українки, 30, с.Дортище, Ковельський р-н, Волинська обл., 45022","368","107","364","26","236","25","261","","0","236","25","261","2","259","1","1","6","81","112","2","3","53","29.10.12"
"070367","21","Волинська область","клуб, актовий зал
вул.Світла, 25А, с.Гішин, Ковельський р-н, Волинська обл., 45022","296","96","294","33","175","25","200","","0","175","25","200","3","197","2","1","10","59","56","2","5","62","29.10.12"
"070368","21","Волинська область","будинок культури, фойє
вул.Незалежності, 7, с.Дроздні, Ковельський р-н, Волинська обл., 45066","504","163","495","39","306","35","341","","0","306","35","341","6","335","2","1","8","87","155","4","6","72","29.10.12"
"070369","21","Волинська область","клуб, фойє
вул.Лугова, 9, с.Гончий Брід, Ковельський р-н, Волинська обл., 45066","80","20","81","3","59","1","60","","0","59","1","60","0","60","0","0","0","29","12","1","1","17","29.10.12"
"070370","21","Волинська область","будинок культури, фойє
вул.Першотравнева, 9, с.Дубове, Ковельський р-н, Волинська обл., 45031","1176","374","1178","30","773","29","802","","0","773","29","802","12","790","9","2","15","360","158","4","27","215","29.10.12"
"070371","21","Волинська область","клуб, актовий зал
вул.Незалежності, 3, с.Бахів, Ковельський р-н, Волинська обл., 45005","360","86","360","20","257","17","274","","0","257","17","274","4","270","8","2","0","81","49","1","9","120","29.10.12"
"070372","21","Волинська область","школа, актовий зал
вул.Ватутіна, 108, с.Вербка, Ковельський р-н, Волинська обл., 45032","904","329","904","31","544","31","575","","0","544","31","575","4","571","4","0","9","219","117","2","25","195","29.10.12"
"070373","21","Волинська область","будинок культури, фойє
вул.Ковельська, 43, с.Зелена, Ковельський р-н, Волинська обл., 45060","704","244","700","11","449","11","460","","0","449","11","460","7","453","3","6","3","220","101","3","24","93","29.10.12"
"070374","21","Волинська область","фельдшерсько-акушерський пункт, процедурна
вул.Центральна, 8, с.Воля-Ковельська, Ковельський р-н, Волинська обл., 45004","752","215","743","14","526","11","537","","0","526","11","537","8","529","3","2","7","274","133","2","21","87","29.10.12"
"070375","21","Волинська область","школа, коридор
вул.Шкільна, 18, с.Колодяжне, Ковельський р-н, Волинська обл., 45061","568","164","559","36","376","28","404","","0","376","28","404","7","397","1","0","5","130","92","1","3","165","29.10.12"
"070376","21","Волинська область","клуб, актовий зал
вул.Б.Хмельницького, 6, с.Волошки, Ковельський р-н, Волинська обл., 45062","416","108","411","45","266","42","308","","0","266","42","308","4","304","1","1","0","98","21","1","2","180","29.10.12"
"070377","21","Волинська область","фельдшерсько-акушерський пункт, каб.1
вул.Івана Франка, 20, с.Будище, Ковельський р-н, Волинська обл., 45061","72","25","68","8","39","8","47","","0","39","8","47","1","46","0","0","0","17","6","0","0","23","29.10.12"
"070378","21","Волинська область","школа, актовий зал
вул.Нова, 30, с.Козлиничі, Ковельський р-н, Волинська обл., 45045","368","79","364","34","260","29","289","","0","260","29","289","0","289","0","1","3","93","122","4","3","63","29.10.12"
"070379","21","Волинська область","клуб, актовий зал
вул.Незалежна, 53, с.Грив’ятки, Ковельський р-н, Волинська обл., 45046","168","48","164","8","112","8","120","","0","112","8","120","0","120","0","3","2","36","28","4","3","44","29.10.12"
"070380","21","Волинська область","школа, каб.1
вул.Перемоги, 38, с.Луківка, Ковельський р-н, Волинська обл., 45045","160","35","163","17","112","13","125","","0","112","13","125","1","124","0","0","0","61","35","0","0","28","28.10.12"
"070381","21","Волинська область","школа, каб.1
вул.Ранкова, 6, с.Шкурат, Ковельський р-н, Волинська обл., 45045","48","12","42","3","33","3","36","","0","33","3","36","0","36","0","0","0","6","11","2","0","17","29.10.12"
"070382","21","Волинська область","будинок культури, фойє
вул.Шевченка, 1, с.Кричевичі, Ковельський р-н, Волинська обл., 45040","504","105","496","22","378","21","399","","0","378","21","399","5","394","2","0","4","159","175","3","8","43","29.10.12"
"070383","21","Волинська область","школа, актовий зал
вул.Миру, 36, с.Ломачанка, Ковельський р-н, Волинська обл., 45040","168","46","161","17","106","16","122","","0","106","16","122","1","121","0","0","6","27","56","4","0","28","29.10.12"
"070384","21","Волинська область","школа, актовий зал
вул.Жовтнева, 96Д, с.Черемошне, Ковельський р-н, Волинська обл., 45040","360","101","355","26","237","22","259","","0","237","22","259","5","254","2","2","9","100","94","2","4","41","29.10.12"
"070385","21","Волинська область","школа, актовий зал
вул.Лесі Українки, 30, с.Любитів, Ковельський р-н, Волинська обл., 45063","520","193","505","26","305","22","327","","0","305","22","327","0","327","1","0","4","84","134","12","5","87","29.10.12"
"070386","21","Волинська область","будинок культури, фойє
вул.Незалежності, 68, с.Любитів, Ковельський р-н, Волинська обл., 45063","536","158","533","27","354","24","378","","0","354","24","378","2","376","2","2","5","118","108","7","10","124","29.10.12"
"070387","21","Волинська область","школа-садочок, актовий зал
вул.Молодіжна, 19, с.Воля-Любитівська, Ковельський р-н, Волинська обл., 45063","264","47","267","18","199","18","217","","0","199","18","217","2","215","2","0","0","39","120","0","7","47","29.10.12"
"070388","21","Волинська область","школа, класна кімната 2-4 класів
вул.Незалежності, 20А, с.Ворона, Ковельський р-н, Волинська обл., 45063","152","53","145","16","84","15","99","","0","84","15","99","5","94","0","0","0","27","40","0","5","22","29.10.12"
"070389","21","Волинська область","клуб, фойє
вул.Перемоги, 31, с.Рокитниця, Ковельський р-н, Волинська обл., 45064","240","69","240","2","169","2","171","","0","169","2","171","5","166","1","1","2","24","107","2","5","24","29.10.12"
"070390","21","Волинська область","будинок культури, фойє
вул.Дубова, 1, с.Майдан, Ковельський р-н, Волинська обл., 45093","144","23","145","8","115","6","121","","0","115","6","121","0","121","1","0","0","26","43","0","0","51","29.10.12"
"070391","21","Волинська область","фельдшерсько-акушерський пункт, приймальня
вул.Зелена, 42, с.Солотвин, Ковельський р-н, Волинська обл., 45093","128","43","122","12","76","9","85","","0","76","9","85","1","84","0","0","2","15","24","1","0","42","29.10.12"
"070392","21","Волинська область","фельдшерсько-акушерський пункт, кабінет фельдшера
вул.Зелена, 17, с.Діброва, Ковельський р-н, Волинська обл., 45093","32","13","23","0","19","0","19","","0","19","0","19","1","18","0","0","0","6","8","0","0","4","29.10.12"
"070393","21","Волинська область","будинок культури, зал
вул.Б.Хмельницького, 4, с.Мельниця, Ковельський р-н, Волинська обл., 45080","344","90","342","28","232","22","254","","0","232","22","254","3","251","0","1","6","102","95","7","6","34","29.10.12"
"070394","21","Волинська область","клуб, актовий зал
вул.Перемоги, 34, с.Кривлин, Ковельський р-н, Волинська обл., 45080","96","17","95","8","71","8","79","","0","71","8","79","0","79","3","1","0","13","32","0","2","28","29.10.12"
"070395","21","Волинська область","фельдшерсько-акушерський пункт, кабінет фельдшера
вул.Мічуріна, 18, с.Мирин, Ковельський р-н, Волинська обл., 45080","72","7","70","12","55","10","65","","0","55","10","65","0","65","0","0","1","26","20","1","1","16","29.10.12"
"070396","21","Волинська область","фельдшерсько-акушерський пункт, кабінет фельдшера
вул.Шевченка, 34, с.Рудка-Миринська, Ковельський р-н, Волинська обл., 45080","88","13","90","14","62","13","75","","0","62","13","75","2","73","0","1","3","35","8","2","1","23","29.10.12"
"070397","21","Волинська область","школа, фойє
вул.40-річчя Перемоги, 60, с.Мощена, Ковельський р-н, Волинська обл., 45030","464","105","461","19","342","17","359","","0","342","17","359","2","357","1","0","6","135","84","5","13","113","29.10.12"
"070398","21","Волинська область","клуб, актовий зал
вул.40-річчя Перемоги, 47, с.Черкаси, Ковельський р-н, Волинська обл., 45030","200","94","198","6","100","6","106","","0","100","6","106","0","106","0","2","0","23","39","1","0","41","28.10.12"
"070399","21","Волинська область","школа, класна кімната 7
вул.Сонячна, 16, с.Новий Мосир, Ковельський р-н, Волинська обл., 45092","144","21","142","20","104","19","123","","0","104","19","123","0","123","0","1","1","33","35","2","4","47","29.10.12"
"070400","21","Волинська область","фельдшерсько-акушерський пункт, приймальня
вул.Зоряна, 10, с.Старий Мосир, Ковельський р-н, Волинська обл., 45092","96","24","90","10","63","9","72","","0","63","9","72","2","70","1","0","0","23","21","1","0","24","29.10.12"
"070401","21","Волинська область","фельдшерсько-акушерський пункт, приймальня
вул.Комсомольська, 48А, с.Дарівка, Ковельський р-н, Волинська обл., 45070","328","86","313","17","226","16","242","","0","226","16","242","8","234","1","1","18","66","69","3","6","70","29.10.12"
"070402","21","Волинська область","фельдшерсько-акушерський пункт, кабінет фельдшера
вул.Янків, 44А, с.Партизанське, Ковельський р-н, Волинська обл., 45092","56","7","54","9","40","9","49","","0","40","9","49","1","48","0","2","0","10","18","0","0","18","28.10.12"
"070403","21","Волинська область","будинок культури, актовий зал
вул.Незалежності, 94А, с.Облапи, Ковельський р-н, Волинська обл., 45023","720","192","725","61","470","58","528","","0","470","58","528","7","521","2","1","15","174","231","8","13","77","29.10.12"
"070404","21","Волинська область","школа, фойє
вул.Шкільна, 2, с.Підріжжя, Ковельський р-н, Волинська обл., 45054","480","141","474","16","325","14","339","","0","325","14","339","1","338","4","0","5","137","106","5","1","80","29.10.12"
"070405","21","Волинська область","школа, світлиця
вул.Радянська, 32, с.Кашівка, Ковельський р-н, Волинська обл., 45054","296","88","290","13","198","10","208","","0","198","10","208","4","204","3","0","0","95","55","1","4","46","29.10.12"
"070406","21","Волинська область","школа, спортивний зал
вул.Калініна, 13, с.Пісочне, Ковельський р-н, Волинська обл., 45052","536","106","535","45","388","42","430","","0","388","42","430","3","427","0","1","3","90","107","9","5","212","29.10.12"
"070407","21","Волинська область","школа, фойє
вул.Шевченка, 12, с.Поворськ, Ковельський р-н, Волинська обл., 45050","1288","294","1275","85","915","79","994","","0","915","79","994","7","987","2","1","3","382","402","24","18","155","29.10.12"
"070408","21","Волинська область","клуб, актовий зал
вул.Незалежності, 21, с.Гулівка, Ковельський р-н, Волинська обл., 45051","168","32","163","7","130","6","136","","0","130","6","136","3","133","1","1","1","40","74","3","2","11","29.10.12"
"070409","21","Волинська область","клуб, актовий зал
вул.Центральна, 9, с.Заячівка, Ковельський р-н, Волинська обл., 45050","96","12","95","11","74","10","84","","0","74","10","84","0","84","1","0","3","28","27","2","0","23","29.10.12"
"070410","21","Волинська область","школа, фойє
вул.Центральна, 8, с.Озерне, Ковельський р-н, Волинська обл., 45051","232","40","226","20","173","19","192","","0","173","19","192","1","191","1","0","9","45","61","11","5","59","29.10.12"
"070411","21","Волинська область","будинок культури, актовий зал
вул.Мартинюка, 32, с.Поповичі, Ковельський р-н, Волинська обл., 45090","248","60","241","10","184","4","188","","0","184","4","188","3","185","3","1","4","36","95","3","4","39","29.10.12"
"070412","21","Волинська область","клуб, актовий зал
вул.Радянська, 22, с.Борщівка, Ковельський р-н, Волинська обл., 45091","120","27","113","8","87","6","93","","0","87","6","93","2","91","0","3","1","33","36","1","2","15","28.10.12"
"070413","21","Волинська область","клуб, актовий зал
вул.Мартинюка, 33, с.Великий Порськ, Ковельський р-н, Волинська обл., 45091","168","47","163","11","110","11","121","","0","110","11","121","3","118","0","0","0","37","48","0","0","33","29.10.12"
"070414","21","Волинська область","школа, актовий зал
вул.Перемоги, 44, с.Жмудче, Ковельський р-н, Волинська обл., 45090","216","44","212","35","141","31","172","","0","141","31","172","3","169","1","0","1","66","68","2","5","26","29.10.12"
"070415","21","Волинська область","школа, актовий зал
вул.Ковельська, 36, с.Малий Порськ, Ковельський р-н, Волинська обл., 45091","176","22","175","21","134","20","154","","0","134","20","154","5","149","0","0","1","55","66","0","5","22","29.10.12"
"070416","21","Волинська область","клуб, актовий зал
вул.Луцька, 38, с.Свидники, Ковельський р-н, Волинська обл., 45091","112","25","108","7","82","5","87","","0","82","5","87","0","87","0","2","1","28","33","3","3","17","29.10.12"
"070417","21","Волинська область","клуб, актовий зал
вул.Рокосовського, 77, с.Радошин, Ковельський р-н, Волинська обл., 45074","344","76","348","26","245","23","268","","0","245","23","268","1","267","2","0","8","95","93","1","3","65","29.10.12"
"070418","21","Волинська область","фельдшерсько-акушерський пункт, приймальня
вул.Воз’єднання, 46, с.Байківці, Ковельський р-н, Волинська обл., 45074","200","53","191","14","134","13","147","","0","134","13","147","1","146","0","3","1","46","39","3","0","54","29.10.12"
"070419","21","Волинська область","клуб, актовий зал
вул.Бенделіані, 19, с.Битень, Ковельський р-н, Волинська обл., 45074","168","44","161","15","109","15","124","","0","109","15","124","0","124","1","0","1","35","51","5","1","30","28.10.12"
"070420","21","Волинська область","фельдшерсько-акушерський пункт, приймальня
вул.Ветеранів, 15, с.Мар’янівка, Ковельський р-н, Волинська обл., 45074","40","11","36","3","26","3","29","","0","26","3","29","1","28","0","0","1","3","8","0","0","16","28.10.12"
"070421","21","Волинська область","клуб, фойє
вул.Лісова, 2А, с.Ситовичі, Ковельський р-н, Волинська обл., 45053","208","35","207","12","162","11","173","","0","162","11","173","0","173","0","1","0","36","90","1","1","44","29.10.12"
"070422","21","Волинська область","фельдшерсько-акушерський пункт, фойє
вул.Чапаєва, 3, с.Світле, Ковельський р-н, Волинська обл., 45053","48","8","48","3","38","2","40","","0","38","2","40","2","38","0","0","0","26","5","0","0","7","31.10.12"
"070423","21","Волинська область","будинок культури, актовий зал
вул.Шкільна, 1, с.Скулин, Ковельський р-н, Волинська обл., 45043","720","219","706","36","467","34","501","","0","467","34","501","3","498","2","3","11","186","168","4","18","106","29.10.12"
"070424","21","Волинська область","клуб, актовий зал
вул.Центральна, 15, с.Стеблі, Ковельський р-н, Волинська обл., 45043","200","60","190","15","127","13","140","","0","127","13","140","0","140","0","0","2","58","42","1","3","34","29.10.12"
"070425","21","Волинська область","сільська рада, сесійний зал
вул.Центральна, 2, с.Сільце, Ковельський р-н, Волинська обл., 45082","312","77","310","16","221","14","235","","0","221","14","235","5","230","0","0","3","69","101","1","3","53","29.10.12"
"070426","21","Волинська область","клуб, актовий зал
вул.Центральна, 2, с.Арсеновичі, Ковельський р-н, Волинська обл., 45083","208","47","202","21","140","21","161","","0","140","21","161","1","160","0","0","2","53","55","1","0","49","29.10.12"
"070427","21","Волинська область","фельдшерсько-акушерський пункт, кабінет медогляду
вул.Церковна, 3, с.Підліси, Ковельський р-н, Волинська обл., 45082","168","44","161","14","111","13","124","","0","111","13","124","0","124","0","1","0","59","46","1","2","15","29.10.12"
"070428","21","Волинська область","клуб, актовий зал
вул.Шкільна, 11, с.Угли, Ковельський р-н, Волинська обл., 45083","176","33","173","19","124","19","143","","0","124","19","143","2","141","1","1","1","40","63","6","0","29","29.10.12"
"070429","21","Волинська область","школа, актовий зал
вул.Молодіжна, 6, с.Старі Кошари, Ковельський р-н, Волинська обл., 45033","336","82","338","21","234","20","254","","0","234","20","254","6","248","1","2","3","103","72","4","11","52","29.10.12"
"070430","21","Волинська область","клуб с.Кругель, зал
вул.17-го Вересня, 28, с.Кругель, Ковельський р-н, Волинська обл., 45033","176","47","173","26","104","25","129","","0","104","25","129","2","127","0","2","3","36","53","2","1","30","29.10.12"
"070431","21","Волинська область","клуб, актовий зал
вул.Лесі Українки, 35, с.Нові Кошари, Ковельський р-н, Волинська обл., 45033","104","26","99","5","73","5","78","","0","73","5","78","0","78","2","1","2","18","24","1","2","28","28.10.12"
"070432","21","Волинська область","школа с.Тойкут, фойє
вул.Садова, 8, с.Тойкут, Ковельський р-н, Волинська обл., 45021","584","166","571","52","372","46","418","","0","372","46","418","7","411","1","2","13","141","114","9","7","124","29.10.12"
"070433","21","Волинська область","амбулаторія с.Заріччя, фойє
вул.Зарічна, 13А, с.Заріччя, Ковельський р-н, Волинська обл., 45021","424","130","417","31","266","28","294","","0","266","28","294","7","287","0","3","4","74","65","0","1","140","29.10.12"
"070434","21","Волинська область","школа, коридор
вул.Васюти, 1, с.Уховецьк, Ковельський р-н, Волинська обл., 45044","584","149","577","59","379","56","435","","0","379","56","435","2","433","1","1","2","108","240","9","8","64","30.10.12"
"070435","21","Волинська область","Голобська районна лікарня, конференц зал
вул.Незалежності, 11, смт Голоби, Ковельський р-н, Волинська обл., 45070","80","29","57","9","43","8","51","","0","43","8","51","0","51","0","0","2","18","16","1","0","14","29.10.12"
"070732","21","Волинська область","навчально-виробничий комбінат, зала, 1-й поверх
вул.Шкільна, 6, смт Ратне, Ратнівський р-н, Волинська обл., 44100","1824","757","1810","29","1042","25","1067","","0","1042","25","1067","23","1044","4","41","4","368","352","13","25","237","29.10.12"
"070733","21","Волинська область","будинок культури, фойє, 1-й поверх
вул.Центральна, 20, смт Ратне, Ратнівський р-н, Волинська обл., 44100","2504","905","2491","75","1543","56","1599","","0","1543","56","1599","33","1566","11","87","8","537","495","33","61","334","29.10.12"
"070734","21","Волинська область","школа-гімназія №1, актова зала, 1-й поверх
вул.Центральна, 50, смт Ратне, Ратнівський р-н, Волинська обл., 44100","2416","1016","2387","27","1380","20","1400","","0","1380","20","1400","32","1368","8","55","6","540","423","16","52","268","29.10.12"
"070735","21","Волинська область","школа, вестибюль
вул.Центральна, 86, с.Велимче, Ратнівський р-н, Волинська обл., 44164","984","290","976","35","663","31","694","","0","663","31","694","9","685","1","68","6","260","234","3","11","102","28.10.12"
"070736","21","Волинська область","сільський клуб, актова зала
вул.Центральна, 107, с.Велимче, Ратнівський р-н, Волинська обл., 44164","1016","323","1004","57","644","49","693","","0","644","49","693","24","669","8","94","2","347","153","2","6","57","29.10.12"
"070737","21","Волинська область","сільський клуб, актова зала
вул.Центральна, 24, с.Видраниця, Ратнівський р-н, Волинська обл., 44152","1240","394","1226","57","792","54","846","","2","790","54","844","20","824","6","9","9","229","227","11","14","319","29.10.12"
"070738","21","Волинська область","школа, спортзал
вул.Перемоги, 5, с.Гірники, Ратнівський р-н, Волинська обл., 44130","1504","620","1491","36","853","31","884","","0","853","31","884","31","853","3","12","2","315","339","10","10","162","29.10.12"
"070739","21","Волинська область","школа, фойє
вул.Озерна, 4, с.Броди, Ратнівський р-н, Волинська обл., 44132","920","339","910","50","535","46","581","","0","535","46","581","14","567","2","4","2","150","172","5","12","220","28.10.12"
"070740","21","Волинська область","школа, фойє
вул.Центральна, 37, с.Сільце, Ратнівський р-н, Волинська обл., 44131","416","155","407","8","253","8","261","","0","253","8","261","4","257","1","2","2","47","130","1","1","73","29.10.12"
"070741","21","Волинська область","будинок культури, актова зала
вул.Незалежності, 64, с.Гута, Ратнівський р-н, Волинська обл., 44145","1176","338","1162","53","795","43","838","","0","795","43","838","14","824","12","5","1","306","343","8","17","132","29.10.12"
"070742","21","Волинська область","сільський клуб, фойє
вул.1 Травня, 59, с.Датинь, Ратнівський р-н, Волинська обл., 44165","584","205","577","38","346","33","379","","0","346","33","379","6","373","1","12","2","125","180","7","11","35","29.10.12"
"070743","21","Волинська область","сільський клуб, актова зала
вул.Березна, 17А, с.Запілля, Ратнівський р-н, Волинська обл., 44165","104","28","98","3","73","3","76","","0","73","3","76","0","76","1","2","0","31","25","1","2","14","29.10.12"
"070744","21","Волинська область","будинок культури, актова зала
вул.Лесі Українки, 4, с.Заброди, Ратнівський р-н, Волинська обл., 44160","640","174","632","42","424","42","466","","0","424","42","466","6","460","2","12","2","152","195","8","11","78","29.10.12"
"070745","21","Волинська область","фельдшерсько-акушерський пункт, маніпуляційна кімната
вул.Лесі Українки, 38А, с.Лучичі, Ратнівський р-н, Волинська обл., 44160","488","135","476","39","318","35","353","","0","318","35","353","5","348","1","1","3","144","146","4","5","44","30.10.12"
"070746","21","Волинська область","сільський клуб, актова зала
вул.Набережна, 18А, с.Якушів, Ратнівський р-н, Волинська обл., 44160","384","129","380","28","227","28","255","","0","227","28","255","4","251","0","4","2","114","90","1","7","33","29.10.12"
"070747","21","Волинська область","сільський клуб, актова зала
вул.Центральна, 20, с.Заліси, Ратнівський р-н, Волинська обл., 44144","888","409","880","38","441","38","479","","0","441","38","479","9","470","5","7","3","108","225","10","3","109","30.10.12"
"070748","21","Волинська область","сільська рада, зал засідань
вул.8-го Березня, 5, с.Залухів, Ратнівський р-н, Волинська обл., 44120","304","82","289","10","214","8","222","","0","214","8","222","5","217","0","0","2","101","34","3","1","76","29.10.12"
"070749","21","Волинська область","сільський клуб, актова зала
вул.Партизанська, 35, с.Щитинська Воля, Ратнівський р-н, Волинська обл., 44121","232","68","219","17","149","15","164","","0","149","15","164","6","158","2","1","3","42","76","11","2","21","28.10.12"
"070750","21","Волинська область","фельдшерсько-акушерський пункт, маніпуляційний кабінет
вул.Центральна, 8, с.Почапи, Ратнівський р-н, Волинська обл., 44120","104","27","103","2","76","1","77","","0","76","1","77","1","76","0","2","0","29","20","1","2","22","29.10.12"
"070751","21","Волинська область","фельдшерсько-акушерський пункт, маніпуляційний кабінет
вул.Центральна, 27, с.Заприп’ять, Ратнівський р-н, Волинська обл., 44120","72","8","70","4","60","4","64","","0","60","4","64","0","64","1","1","0","13","35","0","0","14","29.10.12"
"070752","21","Волинська область","фельдшерсько-акушерський пункт, маніпуляційний кабінет
вул.Приозерна, 17, с.Хабарище, Ратнівський р-н, Волинська обл., 44120","56","14","56","0","42","0","42","","0","42","0","42","2","40","0","1","0","19","10","3","1","6","29.10.12"
"070753","21","Волинська область","будинок культури, актова зала
вул.Чапаєва, 22, с.Замшани, Ратнівський р-н, Волинська обл., 44153","1248","386","1240","27","842","20","862","","0","842","20","862","19","843","5","6","7","232","201","5","15","372","29.10.12"
"070754","21","Волинська область","сільський клуб, зала
вул.Шкільна, 1, с.Вужиськ, Ратнівський р-н, Волинська обл., 44153","192","55","184","7","130","7","137","","0","130","7","137","3","134","1","2","0","31","28","0","1","71","29.10.12"
"070755","21","Волинська область","будинок культури, актова зала
вул.Шевченка, 35, с.Здомишель, Ратнівський р-н, Волинська обл., 44150","672","223","672","23","427","22","449","","0","427","22","449","17","432","0","1","1","129","186","1","13","101","29.10.12"
"070756","21","Волинська область","сільський клуб, актова зала
вул.Центральна, 57, с.Краска, Ратнівський р-н, Волинська обл., 44150","256","71","256","21","170","15","185","","0","170","15","185","3","182","2","2","0","37","66","5","4","66","29.10.12"
"070757","21","Волинська область","фельдшерсько-акушерський пункт, фізкабінет
вул.Лесі Українки, 41, с.Шменьки, Ратнівський р-н, Волинська обл., 44150","424","167","423","16","243","14","257","","0","243","14","257","9","248","3","5","1","45","93","2","22","77","28.10.12"
"070758","21","Волинська область","сільський клуб, актова зала
вул.Центральна, 33, с.Височне, Ратнівський р-н, Волинська обл., 44112","472","167","465","44","275","30","305","","0","275","30","305","4","301","3","3","4","48","176","1","4","62","29.10.12"
"070759","21","Волинська область","школа, фойє
вул.Центральна, 100, с.Жиричі, Ратнівський р-н, Волинська обл., 44141","1648","851","1626","31","790","7","797","","0","790","7","797","21","776","10","17","7","284","242","19","14","183","30.10.12"
"070760","21","Волинська область","будинок культури, актова зала
площа Пам’яті, 2, с.Кортеліси, Ратнівський р-н, Волинська обл., 44111","1016","457","1005","42","520","39","559","","0","520","39","559","7","552","6","10","10","157","322","10","5","32","29.10.12"
"070761","21","Волинська область","сільський клуб, актова зала
вул.Центральна, 13, с.Межисить, Ратнівський р-н, Волинська обл., 44124","576","174","568","33","372","30","402","","0","372","30","402","10","392","3","3","3","75","223","8","2","75","29.10.12"
"070762","21","Волинська область","сільська рада, актова зала
вул.Брестська, 11А, с.Млинове, Ратнівський р-н, Волинська обл., 44110","488","166","485","22","303","19","322","","0","303","19","322","3","319","1","3","3","97","148","4","3","60","29.10.12"
"070763","21","Волинська область","школа, учительська 
вул.Шкільна, 7, с.Доманове, Ратнівський р-н, Волинська обл., 44110","264","86","262","26","154","24","178","","0","154","24","178","2","176","3","2","0","48","82","2","2","37","29.10.12"
"070764","21","Волинська область","сільський клуб, фойє
вул.Центральна, 2, с.Поступель, Ратнівський р-н, Волинська обл., 44163","488","127","485","38","325","36","361","","0","325","36","361","2","359","0","3","2","96","223","1","5","29","29.10.12"
"070765","21","Волинська область","сільський клуб, актова зала
вул.Центральна, 20, с.Зоряне, Ратнівський р-н, Волинська обл., 44163","168","32","160","20","118","18","136","","0","118","18","136","2","134","1","1","1","44","54","3","3","27","29.10.12"
"070766","21","Волинська область","сільський клуб, актова зала
вул.Центральна, 7, с.Адамівка, Ратнівський р-н, Волинська обл., 44163","184","50","181","14","123","11","134","","0","123","11","134","1","133","1","2","0","49","41","6","7","27","29.10.12"
"070767","21","Волинська область","будинок культури, актова зала
вул.1 Травня, 19, смт Заболоття, Ратнівський р-н, Волинська обл., 44142","1426","767","1375","29","633","26","659","","0","633","26","659","19","640","4","25","5","195","283","6","24","98","29.10.12"
"070768","21","Волинська область","селищна рада, актова зала, 2-й поверх
вул.Незалежності, 6, смт Заболоття, Ратнівський р-н, Волинська обл., 44142","1664","902","1593","72","699","63","762","","0","699","63","762","21","741","3","7","1","276","239","9","18","188","29.10.12"
"070769","21","Волинська область","сільська рада, зал засідань, 1-й поверх
вул.Центральна, 6, с.Прохід, Ратнівський р-н, Волинська обл., 44108","656","240","649","11","408","8","416","","0","408","8","416","5","411","2","2","2","121","143","6","5","130","29.10.12"
"070770","21","Волинська область","сільський клуб, фойє
вул.Шкільна, 15, с.Комарове, Ратнівський р-н, Волинська обл., 44107","294","69","329","17","208","17","225","","0","208","17","225","0","225","2","5","2","84","107","3","2","20","29.10.12"
"070771","21","Волинська область","школа, фойє
вул.Центральна, 36, с.Конище, Ратнівський р-н, Волинська обл., 44106","424","141","414","3","280","3","283","","0","280","3","283","2","281","1","2","0","29","67","2","5","175","29.10.12"
"070772","21","Волинська область","будинок культури, актова зала
вул.Центральна, 1, с.Річиця, Ратнівський р-н, Волинська обл., 44133","888","334","880","20","536","18","554","","0","536","18","554","9","545","2","17","5","178","196","4","5","138","29.10.12"
"070773","21","Волинська область","сільський клуб, актова зала
вул.Центральна, 32, с.Мельники-Річицькі, Ратнівський р-н, Волинська обл., 44133","536","124","531","21","391","21","412","","0","391","21","412","9","403","1","1","4","151","156","9","4","77","29.10.12"
"070774","21","Волинська область","сільський клуб, актова зала
вул.Шкільна, 8, с.Піски-Річицькі, Ратнівський р-н, Волинська обл., 44133","368","112","368","12","247","9","256","","0","247","9","256","7","249","0","5","1","60","144","1","1","37","29.10.12"
"070775","21","Волинська область","будинок культури, актова зала
вул.Радянська, 35, с.Самари, Ратнівський р-н, Волинська обл., 44113","1240","428","1231","48","765","47","812","","0","765","47","812","13","799","7","10","1","342","259","6","16","158","29.10.12"
"070776","21","Волинська область","сільський клуб, актова зала
вул.Центральна, 33, с.Язавні, Ратнівський р-н, Волинська обл., 44113","552","181","541","16","355","16","371","","0","355","16","371","15","356","2","3","1","88","179","6","1","76","29.10.12"
"070777","21","Волинська область","будинок культури, фойє
вул.Центральна, 20, с.Самари-Оріхові, Ратнівський р-н, Волинська обл., 44115","792","320","783","35","442","30","472","","0","442","30","472","4","468","2","1","6","188","226","3","4","38","29.10.12"
"070778","21","Волинська область","будинок культури, фойє
вул.Лесі Українки, 58, с.Тур, Ратнівський р-н, Волинська обл., 44140","1456","689","1445","50","720","47","767","","0","720","47","767","20","747","3","6","3","235","381","2","12","105","29.10.12"
"070779","21","Волинська область","будинок культури, актова зала
вул.Набережна, 13, с.Щедрогір, Ратнівський р-н, Волинська обл., 44122","680","179","671","48","458","43","501","","0","458","43","501","2","499","3","3","5","123","285","0","4","76","29.10.12"
"070780","21","Волинська область","сільський клуб, актова зала
вул.Центральна, 93, с.Підгір’я, Ратнівський р-н, Волинська обл., 44122","336","59","332","22","255","22","277","","0","255","22","277","0","277","1","2","0","62","175","3","2","32","29.10.12"
"070840","21","Волинська область","школа, фойє
вул.Лесі Українки, 1, смт Стара Вижівка, Старовижівський р-н, Волинська обл., 44400","2056","838","2044","19","1205","13","1218","","0","1205","13","1218","29","1189","12","3","8","456","483","19","25","183","29.10.12"
"070841","21","Волинська область","районний будинок культури, глядацька зала
вул.Незалежності, 33, смт Стара Вижівка, Старовижівський р-н, Волинська обл., 44400","2024","768","2003","13","1244","12","1256","","0","0","0","1256","35","1221","13","5","7","447","503","25","22","199","31.10.12"
"070842","21","Волинська область","контора управління осушувальних систем, зала засідань
вул.Мирна, 2, с.Брідки, Старовижівський р-н, Волинська обл., 44400","328","110","320","5","213","5","218","","0","213","5","218","6","212","3","1","0","63","108","0","5","32","29.10.12"
"070843","21","Волинська область","будинок культури, глядацька зала
вул.Комсомольська, 1, с.Буцин, Старовижівський р-н, Волинська обл., 44440","880","228","870","35","618","34","652","","0","618","34","652","13","639","1","0","1","173","252","10","11","191","29.10.12"
"070844","21","Волинська область","сільська рада, актова зала
вул.Колгоспна, 3, с.Галина Воля, Старовижівський р-н, Волинська обл., 44424","512","155","508","11","346","11","357","","0","346","11","357","4","353","1","0","1","190","147","2","2","10","29.10.12"
"070845","21","Волинська область","школа, ігрова кімната
вул.Радянська, 37, с.Смолярі, Старовижівський р-н, Волинська обл., 44425","696","309","696","7","380","7","387","","0","380","7","387","14","373","1","3","0","117","233","2","4","13","29.10.12"
"070846","21","Волинська область","школа, їдальня
вул.Денисова, 93, с.Глухи, Старовижівський р-н, Волинська обл., 44410","680","278","674","40","362","40","402","","0","362","40","402","6","396","3","0","3","89","233","9","3","56","29.10.12"
"070847","21","Волинська область","клуб, глядацька зала
вул.Радянська, 56, с.Текля, Старовижівський р-н, Волинська обл., 44411","472","139","470","12","323","10","333","","0","323","10","333","10","323","4","1","0","90","197","6","3","22","29.10.12"
"070848","21","Волинська область","будинок культури, фойє
вул.Незалежності, 20, с.Дубечне, Старовижівський р-н, Волинська обл., 44412","1752","797","1736","28","931","24","955","","0","931","24","955","28","927","12","7","8","351","444","2","29","74","29.10.12"
"070849","21","Волинська область","школа, їдальня
вул.Юхимука, 35, с.Залюття, Старовижівський р-н, Волинська обл., 44412","296","91","292","5","201","4","205","","0","201","4","205","3","202","0","5","0","43","129","0","0","25","29.10.12"
"070850","21","Волинська область","клуб, гдядацька зала
вул.Садова, 1А, с.Лютка, Старовижівський р-н, Волинська обл., 44412","128","22","129","9","97","9","106","","0","97","9","106","1","105","0","1","0","37","52","0","1","14","30.10.12"
"070851","21","Волинська область","клуб, глядацька зала
вул.Незалежності, 47, с.Мокре, Старовижівський р-н, Волинська обл., 44414","568","255","563","6","308","5","313","","0","308","5","313","18","295","7","3","2","110","121","4","9","39","29.10.12"
"070852","21","Волинська область","школа, фойє
вул.Центральна, 105, с.Рокита, Старовижівський р-н, Волинська обл., 44413","544","216","543","28","301","27","328","","0","301","27","328","11","317","2","5","4","75","175","4","4","48","29.10.12"
"070853","21","Волинська область","сільська рада, кабінет сільського голови
вул.Перемоги, 111, с.Журавлине, Старовижівський р-н, Волинська обл., 44455","344","98","342","26","222","24","246","","0","222","24","246","3","243","1","0","1","97","72","1","2","69","29.10.12"
"070854","21","Волинська область","будинок культури, фойє
вул.Радянська, 22А, с.Кримне, Старовижівський р-н, Волинська обл., 44420","1432","558","1420","62","813","61","874","","0","813","61","874","28","846","6","8","4","304","402","6","15","101","29.10.12"
"070855","21","Волинська область","клуб, глядацька зала
вул.Центральна, 23Б, с.Яревище, Старовижівський р-н, Волинська обл., 44421","392","32","387","42","318","42","360","","0","318","42","360","0","360","4","2","1","103","204","1","10","35","29.10.12"
"070856","21","Волинська область","будинок культури, фойє
вул.Жовтнева, 38, с.Любохини, Старовижівський р-н, Волинська обл., 44422","1336","639","1326","30","670","27","697","","0","670","27","697","15","682","5","2","1","158","414","5","16","81","29.10.12"
"070857","21","Волинська область","сільська рада, актова зала
вул.Б.Хмельницького, 57, с.Мизове, Старовижівський р-н, Волинська обл., 44452","688","223","680","54","411","54","465","","0","411","54","465","10","455","2","3","0","195","190","6","10","49","28.10.12"
"070858","21","Волинська область","школа, кабінет історії
вул.Радянська, 57, с.Нова Вижва, Старовижівський р-н, Волинська обл., 44408","408","116","406","34","259","33","292","","0","259","33","292","4","288","0","1","0","100","114","5","3","65","29.10.12"
"070859","21","Волинська область","школа, спортивна кімната
вул.Набережна, 2А, с.Рудка, Старовижівський р-н, Волинська обл., 44408","192","59","183","20","113","20","133","","0","113","20","133","3","130","0","0","0","34","61","0","0","35","29.10.12"
"070860","21","Волинська область","сільська рада, зала засідань
вул.Солобаєва, 7, с.Поліське, Старовижівський р-н, Волинська обл., 44416","312","67","313","6","240","5","245","","0","240","5","245","8","237","0","3","1","67","127","2","6","31","29.10.12"
"070861","21","Волинська область","школа с.Поліське, майстерня
вул.Солобаєва, 42, с.Поліське, Старовижівський р-н, Волинська обл., 44416","216","67","204","5","144","5","149","","0","144","5","149","5","144","1","0","0","38","84","2","0","19","29.10.12"
"070862","21","Волинська область","школа, клас української мови
вул.Федорова, 6, с.Чевель, Старовижівський р-н, Волинська обл., 44415","424","142","415","30","255","27","282","","0","255","27","282","6","276","0","1","1","59","181","4","2","28","29.10.12"
"070863","21","Волинська область","сільська рада, зала засідань
вул.Миру, 14, с.Рудня, Старовижівський р-н, Волинська обл., 44450","200","40","197","4","156","4","160","","0","156","4","160","4","156","2","1","2","41","82","7","3","18","29.10.12"
"070864","21","Волинська область","фельдшерсько-акушерський пункт, профілактичний кабінет
вул.Незалежності, 40А, с.Кукуріки, Старовижівський р-н, Волинська обл., 44450","192","49","188","2","141","2","143","","0","141","2","143","5","138","3","1","2","28","78","0","1","25","29.10.12"
"070865","21","Волинська область","школа, класна кімната
вул.Зелена, 22, с.Сьомаки, Старовижівський р-н, Волинська обл., 44450","112","41","109","0","71","0","71","","0","71","0","71","0","71","0","0","0","16","44","0","3","8","29.10.12"
"070866","21","Волинська область","сільська рада, обрядова зала
вул.Незалежності, 23, с.Седлище, Старовижівський р-н, Волинська обл., 44441","520","156","512","17","349","15","364","","0","349","15","364","4","360","3","1","0","137","170","8","2","39","29.10.12"
"070867","21","Волинська область","школа, класна кімната
вул.Гагаріна, 26А, с.Борзова, Старовижівський р-н, Волинська обл., 44440","112","43","107","5","64","5","69","","0","64","5","69","0","69","1","0","2","16","29","0","0","21","29.10.12"
"070868","21","Волинська область","фельдшерсько-акушерський пункт, кабінет профілактичного огляду
вул.Підрічна, 1А, с.Черемшанка, Старовижівський р-н, Волинська обл., 44440","72","13","72","4","55","4","59","","0","55","4","59","2","57","0","0","1","11","32","1","0","12","30.10.12"
"070869","21","Волинська область","сільська рада, зал засідань
вул.Перемоги, 1А, с.Секунь, Старовижівський р-н, Волинська обл., 44444","392","90","391","33","269","33","302","","0","269","33","302","4","298","2","1","1","89","165","4","6","30","29.10.12"
"070870","21","Волинська область","будинок культури, танцювальна зала
вул.Радянська, 24, с.Сереховичі, Старовижівський р-н, Волинська обл., 44442","592","174","582","30","388","30","418","","0","388","30","418","7","411","0","3","2","132","114","3","4","153","29.10.12"
"070871","21","Волинська область","клуб, танцювальна зала
вул.Садова, 46, с.Грабове, Старовижівський р-н, Волинська обл., 44442","200","52","200","4","145","3","148","","0","145","3","148","4","144","0","0","1","24","103","0","2","14","29.10.12"
"070872","21","Волинська область","школа, спортивна кімната
вул.Радянська, 79, с.Синове, Старовижівський р-н, Волинська обл., 44430","392","110","392","12","275","7","282","","0","275","7","282","12","270","3","1","2","119","116","3","4","22","29.10.12"
"070873","21","Волинська область","дитячий садок, актова зала
вул.Незалежності, 29, с.Смідин, Старовижівський р-н, Волинська обл., 44453","1464","537","1445","31","896","31","927","","0","896","31","927","13","914","0","1","3","590","215","7","6","92","29.10.12"
"070874","21","Волинська область","школа, класна кімната
вул.Дубова, 33, с.Лісняки, Старовижівський р-н, Волинська обл., 44453","184","38","179","7","140","6","146","","0","140","6","146","1","145","1","2","0","50","82","2","1","7","29.10.12"
"070875","21","Волинська область","школа, фойє
вул.Лесі Українки, 8, с.Паридуби, Старовижівський р-н, Волинська обл., 44454","256","89","250","7","161","6","167","","0","161","6","167","6","161","0","0","0","55","65","1","3","37","29.10.12"
"070876","21","Волинська область","клуб, глядацька зала
вул.Перемоги, 2, с.Соколище, Старовижівський р-н, Волинська обл., 44432","152","37","144","13","102","13","115","","0","102","13","115","2","113","1","0","0","25","60","3","5","19","29.10.12"
"070877","21","Волинська область","школа, фойє
вул.Богатирьова, 24, с.Мильці, Старовижівський р-н, Волинська обл., 44434","88","15","91","6","67","6","73","","0","67","6","73","1","72","1","1","0","23","39","0","2","6","29.10.12"
"070878","21","Волинська область","школа, класна кімната
вул.Молодіжна, 26, с.Підсинівка, Старовижівський р-н, Волинська обл., 44431","112","29","103","8","75","8","83","","0","75","8","83","0","83","0","0","1","31","47","0","0","4","29.10.12"
"070879","21","Волинська область","школа, спортивна зала
вул.Незалежності, 32, с.Шкроби, Старовижівський р-н, Волинська обл., 44432","176","47","169","21","109","20","129","","0","109","20","129","0","129","0","1","1","20","69","2","0","36","29.10.12"
"070880","21","Волинська область","сільська рада, кімната урочистих подій
вул.Жовтнева, 5, с.Солов’ї, Старовижівський р-н, Волинська обл., 44433","272","85","265","15","174","13","187","","0","174","13","187","1","186","0","2","2","41","117","1","7","16","29.10.12"
"070881","21","Волинська область","фельдшерсько-акушерський пункт, кабінет профілактичного огляду
вул.Центральна, 10, с.Комарове, Старовижівський р-н, Волинська обл., 44433","160","36","157","2","122","2","124","","0","122","2","124","2","122","0","0","2","37","66","0","3","14","29.10.12"
"070882","21","Волинська область","школа, кабінет початкових класів
вул.Молодіжна, 4, с.Ниці, Старовижівський р-н, Волинська обл., 44434","232","46","236","10","178","8","186","","0","178","8","186","5","181","0","0","0","61","83","0","4","33","08.11.12"
"070883","21","Волинська область","сільська рада, кімната депутата
вул.Лесі Українки, 45, с.Стара Гута, Старовижівський р-н, Волинська обл., 44423","792","244","788","29","519","29","548","","0","519","29","548","14","534","3","3","1","144","270","8","6","99","29.10.12"
"070884","21","Волинська область","школа, кабінет початкових класів
вул.Шевченка, 1, с.Сукачі, Старовижівський р-н, Волинська обл., 44423","208","54","207","5","149","5","154","","0","149","5","154","2","152","0","2","0","36","98","6","0","10","29.10.12"
"070942","21","Волинська область","школа, спортивний зал, 1-й поверх
вул.50 років Перемоги, 40, смт Шацьк, Шацький р-н, Волинська обл., 44000","1360","478","1355","27","856","26","882","","0","856","26","882","13","869","11","8","57","300","330","19","35","109","29.10.12"
"070943","21","Волинська область","районний будинок культури, фойє
вул.Шковороди, 26, смт Шацьк, Шацький р-н, Волинська обл., 44000","1608","582","1597","25","1005","21","1026","","0","1005","21","1026","19","1007","9","16","50","310","434","23","31","134","29.10.12"
"070944","21","Волинська область","міський будинок культури, зала
вул.Незалежності, 190, смт Шацьк, Шацький р-н, Волинська обл., 44000","1000","371","992","35","596","33","629","","0","596","33","629","15","614","3","6","16","157","290","12","27","103","29.10.12"
"070945","21","Волинська область","відділення культури санаторію ""Лісова пісня"", зала, 1-й поверх
вул.Пісочна, 20, с.Гаївка, Шацький р-н, Волинська обл., 44009","152","23","153","3","126","3","129","","0","126","3","129","0","129","0","2","3","32","63","6","3","20","30.10.12"
"070946","21","Волинська область","сільський будинок культури, зала
вул.Шевченка, 63, с.Мельники, Шацький р-н, Волинська обл., 44008","896","246","891","39","613","37","650","","0","613","37","650","19","631","5","8","26","144","348","7","21","72","29.10.12"
"070947","21","Волинська область","школа, кл.1
вул.Шевченка, 4, с.Грабове, Шацький р-н, Волинська обл., 44023","256","51","255","29","181","24","205","","0","181","24","205","4","201","0","1","2","45","114","4","2","33","29.10.12"
"070948","21","Волинська область","школа, кл.1
вул.Шевченка, 10, с.Смоляри-Світязькі, Шацький р-н, Волинська обл., 44023","168","43","167","5","122","3","125","","0","122","3","125","3","122","0","1","0","43","66","3","1","8","29.10.12"
"070949","21","Волинська область","школа, кл.1
вул.Калинова, 6, с.Голядин, Шацький р-н, Волинська обл., 44023","240","54","234","8","180","6","186","","0","180","6","186","2","184","0","0","2","63","98","3","6","12","29.10.12"
"070950","21","Волинська область","школа, кл.9
вул.Леніна, 84А, с.Піща, Шацький р-н, Волинська обл., 44010","792","264","781","40","489","39","528","","0","489","39","528","8","520","7","3","41","84","324","17","17","27","29.10.12"
"070951","21","Волинська область","клуб, зала
вул.Центральна, 39, с.Затишшя, Шацький р-н, Волинська обл., 44010","184","54","182","5","125","5","130","","0","125","5","130","3","127","3","1","22","22","58","1","5","15","29.10.12"
"070952","21","Волинська область","школа, кл.1
вул.Центральна, 6А, с.Кам’янка, Шацький р-н, Волинська обл., 44012","80","16","80","1","63","1","64","","0","63","1","64","1","63","0","1","4","19","34","0","1","4","29.10.12"
"070953","21","Волинська область","школа, кл.1
вул.Шкільна, 2, с.Острів’я, Шацький р-н, Волинська обл., 44010","336","95","328","13","230","11","241","","0","230","11","241","7","234","2","2","8","60","132","0","0","30","29.10.12"
"070954","21","Волинська область","сільський будинок культури, зала
вул.Радянська, 18, с.Прип’ять, Шацький р-н, Волинська обл., 44030","400","133","395","10","257","10","267","","0","257","10","267","3","264","5","2","1","86","123","10","2","35","29.10.12"
"070955","21","Волинська область","клуб, зала
вул.Лісова, 23, с.Вілиця, Шацький р-н, Волинська обл., 44030","112","32","104","4","76","4","80","","0","76","4","80","5","75","1","0","7","31","19","1","1","15","29.10.12"
"070956","21","Волинська область","клуб, зала
вул.Федорова, 34, с.Кропивники, Шацький р-н, Волинська обл., 44030","184","58","176","5","121","5","126","","0","121","5","126","3","123","0","1","3","58","33","1","5","22","30.10.12"
"070957","21","Волинська область","клуб, зала
вул.Садова, 21, с.Плоске, Шацький р-н, Волинська обл., 44030","88","17","84","2","70","1","71","","0","70","1","71","2","69","0","1","3","25","27","1","4","8","30.10.12"
"070958","21","Волинська область","клуб, зала
вул.Жовтнева, 96А, с.Пулемець, Шацький р-н, Волинська обл., 44013","432","131","420","15","288","13","301","","0","288","13","301","8","293","4","4","6","39","165","8","2","65","28.10.12"
"070959","21","Волинська область","сільський будинок культури, фойє
вул.Калініна, 175А, с.Пульо, Шацький р-н, Волинська обл., 44020","1016","284","1000","56","682","50","732","","0","682","50","732","14","718","2","1","8","351","299","10","11","36","29.10.12"
"070960","21","Волинська область","клуб, зала
вул.Центральна, 26А, с.Залісся, Шацький р-н, Волинська обл., 44020","168","38","163","24","109","21","130","","0","109","21","130","1","129","1","1","2","72","44","1","1","7","29.10.12"
"070961","21","Волинська область","клуб-бібліотека, фойє
вул.Центральна, 1А, с.Вільшанка, Шацький р-н, Волинська обл., 44020","96","21","90","9","69","6","75","","0","69","6","75","2","73","1","3","1","20","41","4","1","2","30.10.12"
"070962","21","Волинська область","клуб, зала
вул.Шкільна, 5А, с.Ростань, Шацький р-н, Волинська обл., 44012","296","81","282","8","208","7","215","","0","208","7","215","6","209","0","3","3","37","125","2","2","37","29.10.12"
"070963","21","Волинська область","фельдшерсько-акушерський пункт, кабінет фельдшера
вул.Партизанська, 3, с.Перешпа, Шацький р-н, Волинська обл., 44012","48","17","50","3","29","2","31","","0","29","2","31","0","31","1","0","0","5","24","0","0","1","29.10.12"
"070964","21","Волинська область","школа, кл.1
вул.Стадіонна, 1А, с.Хрипськ, Шацький р-н, Волинська обл., 44012","136","32","134","12","93","11","104","","0","93","11","104","4","100","0","4","6","13","59","1","1","16","29.10.12"
"070965","21","Волинська область","сільський будинок культури, зала
вул.Молодіжна, 14, с.Самійличі, Шацький р-н, Волинська обл., 44031","328","79","321","12","237","12","249","","0","237","12","249","4","245","2","0","3","104","106","3","10","17","29.10.12"
"070966","21","Волинська область","сільський клуб, зала
вул.Колгоспна, 18, с.Пехи, Шацький р-н, Волинська обл., 44031","192","32","187","4","158","2","160","","0","158","2","160","1","159","0","2","1","71","64","1","5","15","30.10.12"
"070967","21","Волинська область","сільський клуб, зала
вул.Променева, 17, с.Положеве, Шацький р-н, Волинська обл., 44031","192","48","184","2","142","2","144","","0","142","2","144","4","140","0","0","2","39","52","2","6","39","29.10.12"
"070968","21","Волинська область","школа, актовий зал
вул.Жовтнева, 33, с.Світязь, Шацький р-н, Волинська обл., 44021","1416","567","1399","32","818","31","849","","0","818","31","849","12","837","12","5","17","243","434","11","31","84","29.10.12"
"070969","21","Волинська область","клуб, зала
вул.Лісова, 34, с.Омельне, Шацький р-н, Волинська обл., 44021","184","23","182","4","157","4","161","","0","157","4","161","1","160","1","0","3","50","99","2","2","3","30.10.12"
"070970","21","Волинська область","бібліотека-клуб, зала
вул.Вишнева, 1Б, с.Підманове, Шацький р-н, Волинська обл., 44021","392","120","386","13","259","13","272","","0","259","13","272","4","268","1","4","4","98","142","4","5","10","29.10.12"
"070990","21","Волинська область","районна санітарно-епідеміологічна станція, конференц-зал, 3-й поверх
вул.Незалежності, 17А, м.Ковель, Волинська обл., 45000","1448","595","1424","4","849","4","853","","0","849","4","853","13","840","15","1","9","297","352","14","53","99","29.10.12"
"070991","21","Волинська область","школа №1, актова зала, 1-й поверх
вул.Незалежності, 29, м.Ковель, Волинська обл., 45000","2024","754","2001","12","1259","11","1270","","0","1259","11","1270","17","1253","17","3","14","533","435","13","78","160","29.10.12"
"070992","21","Волинська область","Ковельська філія ВАТ ""Волиньобленерго"", конференц-зал, 1-й поверх
вул.М.Грушевського, 56, м.Ковель, Волинська обл., 45000","2000","898","1987","26","1077","25","1102","","0","1077","25","1102","23","1079","16","1","25","444","354","5","69","165","29.10.12"
"070993","21","Волинська область","гімназія, спортивна зала, 1-й поверх
вул.Незалежності, 49, м.Ковель, Волинська обл., 45000","1400","498","1397","13","889","13","902","","1","888","13","901","8","893","10","7","14","350","321","32","50","109","29.10.12"
"070994","21","Волинська область","гуртожиток професійно-технічного училища №5, кімната відпочинку, 1-й поверх
вул.Чубинського, 16, м.Ковель, Волинська обл., 45000","1896","767","1863","2","1127","2","1129","","0","1127","2","1129","16","1113","16","8","11","407","398","46","58","169","29.10.12"
"070995","21","Волинська область","клуб пасажирського вагонного депо, велика зала
вул.Ветеранів, 18, м.Ковель, Волинська обл., 45000","984","398","974","4","582","4","586","","0","582","4","586","10","576","6","6","5","262","182","15","24","76","29.10.12"
"070996","21","Волинська область","будинок вчителя, танцювальна зала, 3-й поверх
вул.Незалежності, 94, м.Ковель, Волинська обл., 45000","1168","455","1157","19","696","17","713","","0","696","17","713","15","698","13","6","12","273","221","15","31","127","29.10.12"
"070997","21","Волинська область","Палац учнівської молоді імені Івана Франка, фойє
вул.Незалежності, 100, м.Ковель, Волинська обл., 45000","1344","491","1314","17","837","16","853","","0","837","16","853","9","844","16","4","14","331","281","33","30","135","29.10.12"
"070998","21","Волинська область","Народний дім ""Просвіта"", танцювальна зала
вул.Міцкевича, 10, м.Ковель, Волинська обл., 45000","2432","976","2400","28","1433","23","1456","","0","1433","23","1456","17","1439","21","1","28","634","448","34","55","218","29.10.12"
"070999","21","Волинська область","школа №10, фойє, 1- поверх
вул.Міцкевича, 59А, м.Ковель, Волинська обл., 45000","2328","898","2303","6","1424","6","1430","","0","1424","6","1430","25","1405","20","7","34","638","372","14","80","240","29.10.12"
"071000","21","Волинська область","Ковельська геолого-розвідувальна експедиція, актова зала
вул.Т.Шевченка, 115, м.Ковель, Волинська обл., 45000","1048","409","1047","5","634","5","639","","0","634","5","639","12","627","11","2","35","298","157","12","26","86","29.10.12"
"071001","21","Волинська область","школа №3, актова зала, 2-й поверх
вул.Незалежності, 138. м.Ковель, Волинська обл., 45000","872","345","855","5","523","4","527","","0","523","4","527","6","521","3","0","11","231","154","7","23","92","29.10.12"
"071002","21","Волинська область","школа №8, спортивна зала, 2-й поверх
вул.Театральна, 21, м.Ковель, Волинська обл., 45000","1160","441","1174","24","695","24","719","","0","695","24","719","7","712","8","0","10","292","250","15","22","115","29.10.12"
"071003","21","Волинська область","школа №5, гімнастична зала, 1-й поверх
вул.Театральна, 17, м.Ковель, Волинська обл., 45000","1368","531","1369","3","834","3","837","","0","834","3","837","9","828","8","4","12","358","265","14","33","134","29.10.12"
"071004","21","Волинська область","школа №7, фойє, 1- поверх
вул.М.Левицького, 1, м.Ковель, Волинська обл., 45000","2296","881","2305","16","1400","15","1415","","0","1400","15","1415","25","1390","17","9","24","601","405","13","67","254","29.10.12"
"071005","21","Волинська область","підприємство теплових мереж ""Ковельтепло"", актова зала, 2-й поверх
вул.Володимирська, 97А, м.Ковель, Волинська обл., 45000","2192","878","2151","6","1308","6","1314","","0","1308","6","1314","31","1283","31","5","20","541","431","17","77","161","29.10.12"
"071006","21","Волинська область","Палац культури імені Т.Шевченка, фойє
вул.Володимирська, 124, м.Ковель, Волинська обл., 45000","1616","652","1593","12","952","12","964","","0","952","12","964","12","952","25","2","34","437","272","11","32","139","29.10.12"
"071007","21","Волинська область","навчально-виховний комплекс №11, фойє
вул.Заводська, 31, м.Ковель, Волинська обл., 45000","1840","696","1832","10","1135","9","1144","","0","1135","9","1144","22","1122","25","3","30","478","349","18","61","158","29.10.12"
"071008","21","Волинська область","Ковельський промислово-економічний коледж, бібліотека, 1-й поверх
вул.Заводська, 23, м.Ковель, Волинська обл., 45000","1688","688","1656","5","996","4","1000","","0","996","4","1000","16","984","17","3","16","427","316","13","52","140","29.10.12"
"071009","21","Волинська область","гуртожиток технічного ліцею, конференц-зал, 1-й поверх
вул.Відродження, 2, м.Ковель, Волинська обл., 45000","1688","612","1697","20","1059","17","1076","","0","1059","17","1076","21","1055","27","4","20","432","393","15","47","117","29.10.12"
"071010","21","Волинська область","школа мистецтв, актова зала
вул.Відродження, 12А, м.Ковель, Волинська обл., 45000","1976","811","1961","7","1160","5","1165","","0","1160","5","1165","20","1145","27","5","27","547","325","18","48","148","29.10.12"
"071011","21","Волинська область","державне підприємство ""Ковельське лісове господарство"", актова зала
вул.Холмська, 48, м.Ковель, Волинська обл., 45000","1480","642","1498","7","831","7","838","","0","831","7","838","9","829","19","0","27","360","197","10","39","177","29.10.12"
"071012","21","Волинська область","школа №6, спортивна зала, 1-й поверх
вул.Брестська, 23, м.Ковель, Волинська обл., 45000","2544","1015","2541","16","1514","15","1529","","0","1514","15","1529","37","1492","18","4","28","764","293","8","91","286","29.10.12"
"071013","21","Волинська область","ВАТ ""Ковельський хлібокомбінат"", актова зала
2-й пров.Ватутіна, 6, м.Ковель, Волинська обл., 45000","2120","993","2099","5","1122","5","1127","","0","1121","5","1126","23","1103","7","0","6","378","245","14","65","388","29.10.12"
"071014","21","Волинська область","шляхово-будівельне управління-63, актова зала
вул.Брестська, 198, м.Ковель, Волинська обл., 45000","1304","584","1295","2","718","2","720","","0","718","2","720","9","711","5","4","8","275","224","8","28","159","29.10.12"
"071015","21","Волинська область","школа №2, спортивна зала
вул.В.Сухомлинського, 2, м.Ковель, Волинська обл., 45000","2112","931","2059","12","1170","11","1181","","0","1170","11","1181","28","1153","14","6","16","517","346","9","60","185","29.10.12"
"071016","21","Волинська область","поліклініка вузлової лікарні станції Ковель Львівської залізничної дороги, фойє, 1-й пов.
вул.Б.Хмельницького, 17, м.Ковель, Волинська обл., 45000","2064","918","2052","8","1138","8","1146","","0","1138","8","1146","19","1127","26","4","18","494","314","15","35","221","29.10.12"
"071017","21","Волинська область","школа №12, фойє, 1-й поверх
вул.В.Симоненка, 76, м.Ковель, Волинська обл., 45000","2312","1006","2342","14","1292","14","1306","","0","1292","14","1306","26","1280","31","1","13","598","354","12","42","229","29.10.12"
"071018","21","Волинська область","школа №9, спортивна зала
вул.О.Олеся, 9, м.Ковель, Волинська обл., 45000","1728","704","1732","6","1021","3","1024","","0","1021","3","1024","17","1007","11","3","10","485","249","13","55","181","29.10.12"
"071019","21","Волинська область","навчально-виховний комплекс №13, їдальня, 1-й поверх
вул.40 років Перемоги, 18, м.Ковель, Волинська обл., 45000","1536","568","1512","1","967","1","968","","0","967","1","968","25","943","31","4","19","399","297","11","48","134","29.10.12"
"071020","21","Волинська область","Державний заклад вузлової лікарні станції Ковель Львівської залізничної дороги, конференц-зал
вул.Б.Хмельницького, 17, м.Ковель, Волинська обл., 45000","128","91","39","0","37","0","37","","0","37","0","37","0","37","1","0","0","18","4","0","1","13","29.10.12"
"071021","21","Волинська область","Ковельська центральна районна лікарня, конференц-зал, 1-й поверх
вул.Олени Пчілки, 4, м.Ковель, Волинська обл., 45000","608","338","287","103","172","98","270","","0","172","98","270","6","264","2","2","3","110","87","5","6","49","29.10.12"
"071022","21","Волинська область","Ковельська виховна колонія, фойє клубу
вул.Т.Шевченка, 20, м.Ковель, Волинська обл., 45000","64","20","45","0","44","0","44","","0","44","0","44","2","42","0","1","0","0","39","0","0","2","29.10.12"
