"№ ВД","OBO","Назва регіону України","Місцезнаходження та адреса приміщення для голосування","1) К-сть одержаних бюлетенів","2) К-сть невикористаних бюлетенів","3) К-сть виборців, внесених до списку виборців","4) К-сть виборців, внесених до витягу зі списку виборців","5) К-сть виборців, які отримали бюлетені у приміщенні","6) К-сть виборців, які отримали за місцем перебування","7) Сумарна к-сть виборців, які отримали бюлетені","8) К-сть бюлетенів, що виявилися у кожній скринці","9) К-сть бюлетенів, що не підлягають врахуванню","10) К-сть виборців, які взяли участь у голос. у приміщенні для гол.","11) К-сть виборців, які взяли участь у голос. за місцем перебування","12) К-сть виборців, які взяли участь у голосуванні на виборчій дільниці","13) К-сть бюлетенів, визнаних недійсними","14) Сумарна к-сть голосів виборців ЗА","Барвіненко
Віталій
Дмитрович","Воробйова
Наталя
Олександрівна","Дубовий
Олександр
Іванович","Кесарчук
Вадим
Вікторович","Мойсейченко
Геннадій
Петрович","Сердцевич
Володимир
Дмитрович","Сидоренко
Пилип
Степанович","Степаненко
Андрій
Миколайович","Юшкевич
Микола
Сергійович","Ярошенко
Віталій
Веніамінович","Дата підписання протоколу"
"510168","141","Одеська область","будинок культури, фойє
вул.Комсомольська, 5, с.Адамівка, Білгород-Дністровський р-н, Одеська обл., 67790","336","99","329","11","227","10","237","","0","227","10","237","9","228","143","1","67","3","1","1","11","0","1","0","28.10.12"
"510169","141","Одеська область","сільський клуб, зал
вул.Шкільна, 15, с.Авидівка, Білгород-Дністровський р-н, Одеська обл., 67790","156","67","153","3","87","2","89","","0","87","2","89","6","83","34","0","39","1","1","0","6","1","1","0","28.10.12"
"510170","141","Одеська область","сільський клуб, зал
вул.Першотравнева, 19, с.Благодатне, Білгород-Дністровський р-н, Одеська обл., 67790","150","66","150","6","78","6","84","","0","78","6","84","6","78","41","0","33","1","0","0","2","0","0","1","29.10.12"
"510171","141","Одеська область","будинок культури, зал
вул.Леніна, 56, с.Андріївка, Білгород-Дністровський р-н, Одеська обл., 67742","762","285","752","15","462","15","477","","0","462","15","477","24","453","123","21","244","8","4","0","25","17","3","8","29.10.12"
"510172","141","Одеська область","сільський клуб, зал
вул.Леніна, 29, с.Розкішне, Білгород-Дністровський р-н, Одеська обл., 67743","396","146","401","19","233","17","250","","0","233","17","250","13","237","110","14","65","2","0","2","22","11","0","11","28.10.12"
"510173","141","Одеська область","будинок культури, фойє
вул.Леніна, 51Б, с.Бритівка, Білгород-Дністровський р-н, Одеська обл., 67755","2304","1217","2274","58","1046","41","1087","","0","1046","41","1087","53","1034","592","31","206","33","9","14","100","35","1","13","29.10.12"
"510174","141","Одеська область","школа, фойє
вул.Шкільна, 35А, с.Вигон, Білгород-Дністровський р-н, Одеська обл., 67727","504","263","499","13","228","13","241","","0","228","13","241","6","235","101","7","70","13","1","2","28","7","1","5","28.10.12"
"510175","141","Одеська область","клуб, зал
вул.Полівська, 12, с.Польове, Білгород-Дністровський р-н, Одеська обл., 67701","114","43","107","4","67","4","71","","0","67","4","71","4","67","30","0","33","0","0","0","4","0","0","0","28.10.12"
"510176","141","Одеська область","клуб, зал
вул.Суворова, 36А, с.Черкеси, Білгород-Дністровський р-н, Одеська обл., 67701","186","59","179","5","122","5","127","","0","122","5","127","7","120","44","4","62","2","0","1","4","0","2","1","28.10.12"
"510177","141","Одеська область","будинок культури, фойє
вул.Леніна, 115, с.Великомар’янівка, Білгород-Дністровський р-н, Одеська обл., 67762","486","169","477","37","284","33","317","","0","284","33","317","9","308","175","9","81","1","1","1","36","1","0","3","28.10.12"
"510178","141","Одеська область","СК ""Долинівський"", кабінет засідань
вул.Шевченко, 1, с.Долинівка, Білгород-Дністровський р-н, Одеська обл., 67763","432","181","428","17","234","17","251","","0","234","17","251","15","236","117","5","73","7","0","3","22","4","2","3","29.10.12"
"510179","141","Одеська область","школа, кл.1
вул.Леніна, 59А, с.Володимирівка, Білгород-Дністровський р-н, Одеська обл., 67720","156","50","153","5","101","5","106","","0","101","5","106","5","101","34","3","47","0","2","0","12","1","1","1","29.10.12"
"510180","141","Одеська область","школа, коридор
вул.Суворова, 16В, с.Дальнічень, Білгород-Дністровський р-н, Одеська обл., 67720","198","78","195","14","108","12","120","","0","108","12","120","6","114","47","0","57","1","2","0","4","1","0","2","28.10.12"
"510181","141","Одеська область","школа, коридор
вул.Шкільна, 21А, с.Чистоводне, Білгород-Дністровський р-н, Одеська обл., 67726","444","216","441","21","209","19","228","","0","209","19","228","18","210","65","3","90","11","2","1","34","2","1","1","29.10.12"
"510182","141","Одеська область","ДНЗ ""Струмок"", актовий зал
вул.Совхозна, 1, с.Сухолужжя, Білгород-Дністровський р-н, Одеська обл., 67798","912","529","895","25","361","22","383","","0","361","22","383","35","348","209","14","55","4","3","5","34","11","3","10","29.10.12"
"510183","141","Одеська область","школа №1, їдальня
вул.Кишинівська, 83, с.Випасне, Білгород-Дністровський р-н, Одеська обл., 67752","2502","1590","2491","37","880","32","912","","0","880","32","912","74","838","345","46","195","35","8","10","85","31","1","82","29.10.12"
"510184","141","Одеська область","школа №2, спортзал
вул.Кишинівська, 208, с.Випасне, Білгород-Дністровський р-н, Одеська обл., 67752","2214","1338","2187","32","849","27","876","","0","849","27","876","74","802","394","34","212","22","7","10","83","9","6","25","29.10.12"
"510185","141","Одеська область","школа, вестибюль
вул.Леніна, 178, с.Випасне, Білгород-Дністровський р-н, Одеська обл., 67752","1290","787","1277","38","472","31","503","","0","472","31","503","29","474","187","19","173","7","7","4","59","7","1","10","29.10.12"
"510186","141","Одеська область","будинок культури, зал
вул.Гастелло, 15А, с.Карналіївка, Білгород-Дністровський р-н, Одеська обл., 67740","606","261","598","45","304","41","345","","0","304","41","345","20","325","116","6","155","13","4","2","24","0","1","4","29.10.12"
"510187","141","Одеська область","школа, фойє
вул.Міщенко, 11, с.Козацьке, Білгород-Дністровський р-н, Одеська обл., 67733","1116","428","1105","87","610","78","688","","0","610","78","688","21","667","414","7","196","7","1","1","25","8","3","5","29.10.12"
"510188","141","Одеська область","будинок культури, малий зал
вул.Шкільна, 16, с.Красна Коса, Білгород-Дністровський р-н, Одеська обл., 67734","786","380","773","33","387","19","406","","0","387","19","406","25","381","226","13","79","5","8","5","24","14","3","4","28.10.12"
"510189","141","Одеська область","будинок культури, фойє
вул.40 років Перемоги, 4, с.Крутоярівка, Білгород-Дністровський р-н, Одеська обл., 67722","1416","624","1402","75","734","58","792","","0","734","58","792","69","723","502","17","134","26","6","9","12","4","4","9","29.10.12"
"510190","141","Одеська область","школа, фойє
вул.Красноармійська, 6Б, с.Олексіївка, Білгород-Дністровський р-н, Одеська обл., 67761","1176","634","1186","28","514","28","542","","0","514","28","542","21","521","342","13","97","9","4","3","46","3","1","3","29.10.12"
"510191","141","Одеська область","будинок культури, фойє
вул.Радянська, 152, с.Маразліївка, Білгород-Дністровський р-н, Одеська обл., 67760","1056","435","1035","56","573","48","621","","0","573","48","621","23","598","418","13","93","9","2","3","51","3","1","5","29.10.12"
"510192","141","Одеська область","будинок культури, фойє
вул.Перемоги, 2, с.Миколаївка, Білгород-Дністровський р-н, Одеська обл., 67794","1056","507","1045","96","458","91","549","","0","458","91","549","17","532","222","14","215","6","3","3","57","6","0","6","29.10.12"
"510193","141","Одеська область","сільський клуб, зал
вул.Польова, 24А, с.Бикоза, Білгород-Дністровський р-н, Одеська обл., 67701","294","102","288","16","178","14","192","","0","178","14","192","12","180","113","2","44","6","0","0","12","0","0","3","28.10.12"
"510194","141","Одеська область","будинок культури, фойє
вул.Кишинівська, 221Б, с.Молога, Білгород-Дністровський р-н, Одеська обл., 67751","2358","1149","2339","74","1141","68","1209","","0","1141","68","1209","62","1147","592","42","205","43","5","26","177","22","1","34","29.10.12"
"510195","141","Одеська область","будинок культури, зал
вул.Калініна, 118А, с.Монаші, Білгород-Дністровський р-н, Одеська обл., 67744","582","142","573","43","397","43","440","","0","397","43","440","13","427","359","3","42","4","1","2","12","2","1","1","28.10.12"
"510196","141","Одеська область","будинок культури, зал
вул.Шевченко, 43, с.Нова Царичанка, Білгород-Дністровський р-н, Одеська обл., 67724","588","283","582","42","269","36","305","","0","269","36","305","17","288","102","6","130","8","1","1","31","4","0","5","28.10.12"
"510197","141","Одеська область","будинок культури, зал
вул.Звягінцева Б.Г., 7, с.Петрівка, Білгород-Дністровський р-н, Одеська обл., 67732","768","317","758","43","416","35","451","","0","416","35","451","22","429","212","5","169","1","1","0","34","2","2","3","29.10.12"
"510198","141","Одеська область","будинок культури, фойє
вул.Пушкіна, 68, с.Підгірне, Білгород-Дністровський р-н, Одеська обл., 67741","516","217","507","35","267","32","299","","0","267","32","299","16","283","138","8","89","14","2","2","18","5","1","6","29.10.12"
"510199","141","Одеська область","сільський клуб, глядацький зал
вул.Центральна, 40А, с.Вільне, Білгород-Дністровський р-н, Одеська обл., 67792","276","102","272","8","166","8","174","","0","166","8","174","5","169","49","2","87","1","2","2","21","3","0","2","29.10.12"
"510200","141","Одеська область","будинок культури, обрядовий зал
вул.Дзержинського, 62А, с.Приморське, Білгород-Дністровський р-н, Одеська обл., 67792","768","355","764","25","391","22","413","","0","391","22","413","17","396","152","5","163","4","2","6","51","5","4","4","29.10.12"
"510201","141","Одеська область","сільський клуб, глядацький зал
вул.Жовтнева, 1, с.Косівка, Білгород-Дністровський р-н, Одеська обл., 67792","276","123","270","14","140","13","153","","0","140","13","153","4","149","45","0","90","1","0","2","5","3","0","3","29.10.12"
"510202","141","Одеська область","будинок культури санаторія ""Приморський"", фойє
вул.Чорноморська, 11А, с.Курортне, Білгород-Дністровський р-н, Одеська обл., 67793","570","270","568","24","280","20","300","","0","280","20","300","6","294","129","5","108","6","2","2","35","5","2","0","29.10.12"
"510203","141","Одеська область","сільський клуб, глядацький зал
вул.Шкільна, 7, с.Попаздра, Білгород-Дністровський р-н, Одеська обл., 67792","108","45","107","3","60","3","63","","0","60","3","63","2","61","17","1","40","1","0","1","1","0","0","0","28.10.12"
"510204","141","Одеська область","школа, спортзал
вул.Шкільна, 19, с.Руськоіванівка, Білгород-Дністровський р-н, Одеська обл., 67721","1062","465","1058","82","519","78","597","","0","519","78","597","15","582","196","0","270","6","0","3","102","2","1","2","29.10.12"
"510205","141","Одеська область","школа, спортзал
вул.Кутузова, 49Ф, с.Салгани, Білгород-Дністровський р-н, Одеська обл., 67725","1014","461","1003","13","541","12","553","","0","541","12","553","16","537","259","16","133","10","4","11","67","30","1","6","31.10.12"
"510206","141","Одеська область","клуб, актовий зал
вул.Степова, 11, с.Абрикосове, Білгород-Дністровський р-н, Одеська обл., 67704","204","39","200","1","164","1","165","","0","164","1","165","8","157","63","4","71","4","3","0","5","4","1","2","28.10.12"
"510207","141","Одеська область","пров.Ювілейний, 8, с.Привітне, Білгород-Дністровський р-н, Одеська обл., клуб, актовий зал
пров.Ювілейний, 8, с.Привітне, Білгород-Дністровський р-н, Одеська обл., 67791","162","66","152","4","94","2","96","","0","94","2","96","1","95","38","1","49","2","0","0","3","0","0","2","28.10.12"
"510208","141","Одеська область","клуб, зал
вул.Октябрьська, 1, с.Веселе, Білгород-Дністровський р-н, Одеська обл., 67750","120","40","116","3","77","3","80","","0","77","3","80","5","75","31","1","32","0","1","2","7","0","1","0","28.10.12"
"510209","141","Одеська область","клуб, зал
вул.Гоголя, 22, с.Гончарівка, Білгород-Дністровський р-н, Одеська обл., 67742","138","58","134","8","74","6","80","","0","74","6","80","1","79","35","1","30","1","1","0","8","0","0","3","28.10.12"
"510210","141","Одеська область","школа, фойє
вул.Молодіжна, 4, с.Семенівка, Білгород-Дністровський р-н, Одеська обл., 67750","720","318","710","39","367","35","402","","0","367","35","402","14","388","220","12","100","3","2","4","33","9","1","4","28.10.12"
"510211","141","Одеська область","сільський клуб, зал
вул.28 червня, 57, с.Софіївка, Білгород-Дністровський р-н, Одеська обл., 67791","408","127","404","11","270","11","281","","0","270","11","281","21","260","168","8","45","2","2","1","23","3","0","8","28.10.12"
"510212","141","Одеська область","школа, кл.1
вул.Гагаріна, 30, с.Зеленівка, Білгород-Дністровський р-н, Одеська обл., 67741","90","43","89","5","42","5","47","","0","42","5","47","1","46","31","5","4","0","0","0","5","1","0","0","28.10.12"
"510213","141","Одеська область","сільська рада, актовий зал
вул.Горького, 34, с.Старокозаче, Білгород-Дністровський р-н, Одеська обл., 67730","1956","1067","1949","59","846","43","889","","0","846","43","889","34","855","442","31","248","21","6","15","67","12","1","12","29.10.12"
"510214","141","Одеська область","школа, фойє
вул.Комсомольська, 8, с.Старокозаче, Білгород-Дністровський р-н, Одеська обл., 67730","1842","926","1826","66","856","60","916","","0","856","60","916","40","876","444","12","285","18","0","7","90","15","1","4","29.10.12"
"510215","141","Одеська область","школа, фойє
вул.Леніна, 137А, с.Стара Царичанка, Білгород-Дністровський р-н, Одеська обл., 67723","1200","592","1193","47","577","31","608","","0","577","31","608","37","571","239","14","253","7","4","2","37","6","2","7","29.10.12"
"510216","141","Одеська область","будинок культури, танцювальний зал
вул.Кочубинського, 75, с.Удобне, Білгород-Дністровський р-н, Одеська обл., 67731","1326","593","1307","88","657","76","733","","0","657","76","733","37","696","225","10","340","18","1","3","80","11","3","5","29.10.12"
"510217","141","Одеська область","будинок культури, зал
вул.Радянська, 8Б, с.Біленьке, Білгород-Дністровський р-н, Одеська обл., 67771","900","489","873","21","390","21","411","","0","390","21","411","18","393","197","13","124","2","5","7","31","7","0","7","29.10.12"
"510218","141","Одеська область","Клуб ТОВ ""Агрофірма Шабо"", зал
вул.Островського, 9, с.Шабо, Білгород-Дністровський р-н, Одеська обл., 67770","1422","714","1409","36","681","27","708","","0","681","27","708","38","670","295","34","170","11","7","14","102","20","6","11","29.10.12"
"510219","141","Одеська область","школа №1, спортзал
вул.Шанцера, 1, с.Шабо, Білгород-Дністровський р-н, Одеська обл., 67770","2136","1271","2124","56","818","47","865","","0","818","47","865","66","799","378","32","191","26","6","23","87","36","4","16","29.10.12"
"510220","141","Одеська область","будинок культури, хол
вул.Леніна, 35А, с.Шабо, Білгород-Дністровський р-н, Одеська обл., 67770","2448","1270","2428","29","1157","21","1178","","0","1157","21","1178","66","1112","538","38","267","28","13","31","154","27","4","12","29.10.12"
"510221","141","Одеська область","сільська рада, обрядовий зал
вул.Леніна, 10, с.Широке, Білгород-Дністровський р-н, Одеська обл., 67764","870","406","862","71","406","58","464","","0","406","58","464","31","433","218","12","151","10","2","5","27","3","0","5","29.10.12"
"510407","141","Одеська область","районна санітарно-епідеміологічна станція, актова зала
вул.Лермонтова, 29, м.Кілія, Кілійський р-н, Одеська обл., 68300","1596","909","1578","7","683","4","687","","0","683","4","687","27","660","134","20","397","11","26","1","56","3","2","10","29.10.12"
"510408","141","Одеська область","ВАТ ""Рута і К"", актова зала
вул.Кубишкіна, 20, м.Кілія, Кілійський р-н, Одеська обл., 68300","1206","643","1185","25","542","21","563","","0","542","21","563","24","539","140","11","296","10","12","0","58","4","1","7","29.10.12"
"510409","141","Одеська область","школа №2, актова зала
вул.Леніна, 2, м.Кілія, Кілійський р-н, Одеська обл., 68300","1416","826","1417","22","573","17","590","","0","573","17","590","27","563","112","11","391","1","9","0","33","2","0","4","28.10.12"
"510410","141","Одеська область","районний будинок культури, мала зала
вул.Гагаріна, 23, м.Кілія, Кілійський р-н, Одеська обл., 68300","1566","885","1534","18","666","15","681","","0","666","15","681","36","645","123","14","443","1","14","44","1","1","2","2","29.10.12"
"510411","141","Одеська область","школа №1, спортивна зала
вул.Гагаріна, 46, м.Кілія, Кілійський р-н, Одеська обл., 68300","1548","932","1508","36","592","24","616","","0","592","24","616","19","597","117","15","380","0","14","7","54","4","3","3","29.10.12"
"510412","141","Одеська область","школа №3, їдальня
вул.Кіченка, 71, м.Кілія, Кілійський р-н, Одеська обл., 68300","2460","1476","2396","21","963","21","984","","0","963","21","984","42","942","156","18","640","4","22","4","79","7","2","10","31.10.12"
"510413","141","Одеська область","ТОВ ""Блакитна нива 2005"", фойє
вул.Леніна, 137, м.Кілія, Кілійський р-н, Одеська обл., 68300","1530","892","1520","15","623","15","638","","0","623","15","638","26","612","99","19","415","8","25","0","37","2","2","5","29.10.12"
"510414","141","Одеська область","ТОВ ""Південне"", червоний куток
вул.Белінського, 21, м.Кілія, Кілійський р-н, Одеська обл., 68300","1260","835","1258","16","415","10","425","","0","415","10","425","24","401","89","14","242","3","5","0","41","4","1","2","28.10.12"
"510415","141","Одеська область","школа №5, спортивна зала
вул.Кірова, 108, м.Кілія, Кілійський р-н, Одеська обл., 68300","1218","678","1202","17","526","14","540","","0","526","14","540","25","515","78","6","390","3","11","2","21","1","1","2","31.10.12"
"510416","141","Одеська область","СВК ""Маяк"", мала зала
вул.Будьоного, 71, м.Кілія, Кілійський р-н, Одеська обл., 68300","1692","934","1683","17","744","14","758","","0","744","14","758","37","721","107","10","532","1","11","3","50","4","2","1","29.10.12"
"510417","141","Одеська область","міський будинок культури №2, фойє
вул.Маяк, 96, м.Кілія, Кілійський р-н, Одеська обл., 68300","1152","696","1144","10","450","6","456","","0","450","6","456","31","425","79","12","284","2","26","3","7","9","1","2","29.10.12"
"510418","141","Одеська область","клуб, актова зала
вул.Щорса, 155, м.Кілія, Кілійський р-н, Одеська обл., 68300","594","254","589","18","326","14","340","","0","326","14","340","11","329","29","6","268","1","2","0","20","1","1","1","28.10.12"
"510419","141","Одеська область","ТДВ ""ПМК-98"", їдальня
вул.Т.Повстання, 164, м.Вилкове, Кілійський р-н, Одеська обл., 68355","2184","1363","2142","29","801","20","821","","0","801","20","821","34","787","283","26","281","4","96","1","85","1","0","10","29.10.12"
"510420","141","Одеська область","школа-ліцей, вестибюль
вул.Т.Повстання, 40, м.Вилкове, Кілійський р-н, Одеська обл., 68355","1026","609","1020","32","389","28","417","","0","389","28","417","20","397","162","8","123","1","37","3","55","2","2","4","29.10.12"
"510421","141","Одеська область","школа №1, актова зала
вул.Леніна, 62, м.Вилкове, Кілійський р-н, Одеська обл., 68355","1392","920","1366","48","435","37","472","","0","435","37","472","27","445","208","18","126","0","41","1","45","0","3","3","29.10.12"
"510422","141","Одеська область","міська рада, зала засідань
вул.Кірова, 18, м.Вилкове, Кілійський р-н, Одеська обл., 68355","1158","742","1147","42","379","37","416","","0","379","37","416","10","406","212","7","119","3","31","1","28","1","2","2","29.10.12"
"510423","141","Одеська область","будинок культури, велика зала
вул.Леніна, 11, м.Вилкове, Кілійський р-н, Одеська обл., 68355","1404","822","1390","47","545","37","582","","0","545","37","582","38","544","215","18","184","0","51","3","63","1","5","4","28.10.12"
"510425","141","Одеська область","школа, фойє
вул.Дружби, 33, с.Мирне, Кілійський р-н, Одеська обл., 68340","1074","452","1066","50","586","36","622","","0","586","36","622","34","588","380","18","136","6","16","3","23","1","1","4","29.10.12"
"510426","141","Одеська область","школа, актова зала
вул.Шкільна, 37, с.Десантне, Кілійський р-н, Одеська обл., 68341","1194","608","1188","25","570","16","586","","0","570","16","586","21","565","103","12","410","2","10","1","16","3","4","4","28.10.12"
"510427","141","Одеська область","школа-дитячий садок, фойє
вул.Леніна, 34, с.Новомиколаївка, Кілійський р-н, Одеська обл., 68342","414","202","413","14","200","12","212","","0","200","12","212","16","196","36","8","131","0","1","1","14","1","2","2","28.10.12"
"510428","141","Одеська область","будинок культури, велика зала
вул.Леніна, 32, с.Приморське, Кілійський р-н, Одеська обл., 68350","1302","617","1290","38","649","36","685","","0","649","36","685","26","659","288","37","258","6","23","2","36","2","2","5","29.10.12"
"510431","141","Одеська область","школа-дитячий садок, вестибюль
вул.Шкільна, 16, с.Василівка, Кілійський р-н, Одеська обл., 68323","792","366","789","35","394","32","426","","0","394","32","426","15","411","139","6","187","3","1","1","72","1","0","1","29.10.12"
"510435","141","Одеська область","будинок культури, актова зала
вул.Леніна, 37, с.Ліски, Кілійський р-н, Одеська обл., 68354","1356","646","1346","30","684","26","710","","0","684","26","710","37","673","178","10","433","4","14","3","21","4","0","6","29.10.12"
"510439","141","Одеська область","центральна районна лікарня, вестибюль
вул.Кубишкіна, 19, м.Кілія, Кілійський р-н, Одеська обл., 68300","234","194","42","30","12","28","40","","0","12","28","40","2","38","9","0","24","0","0","0","3","2","0","0","28.10.12"
"510440","141","Одеська область","міська лікарня, вестибюль
вул.Леніна, 55, м.Вилкове, Кілійський р-н, Одеська обл., 68355","48","28","22","2","18","2","20","","0","18","2","20","0","20","8","0","11","0","0","0","1","0","0","0","28.10.12"
"510861","141","Одеська область","Палац культури, танцювальна зала
вул.Карла Маркса, 31А, м.Татарбунари, Татарбунарський р-н, Одеська обл., 68100","1776","850","1755","27","904","22","926","","0","904","22","926","51","875","256","40","417","7","21","6","109","5","3","11","29.10.12"
"510862","141","Одеська область","фабрика-кухня СВАТ ""Україна"", урочиста зала
вул.Московська, 1, м.Татарбунари, Татарбунарський р-н, Одеська обл., 68100","2064","1090","2029","42","942","32","974","","0","942","32","974","49","925","212","50","485","16","17","6","112","12","2","13","29.10.12"
"510863","141","Одеська область","професійно-технічне аграрне училище, фойє
вул.Карла Маркса, 1, м.Татарбунари, Татарбунарський р-н, Одеська обл., 68100","1332","762","1310","24","552","18","570","","0","552","18","570","34","536","120","25","284","12","3","4","69","6","3","10","29.10.12"
"510864","141","Одеська область","Палац спорту, спортивна зала
вул.Жовтнева, 1, м.Татарбунари, Татарбунарський р-н, Одеська обл., 68100","2094","1176","2032","27","899","19","918","","0","899","19","918","62","856","243","38","416","9","10","6","99","10","6","19","29.10.12"
"510865","141","Одеська область","школа №1, фойє
вул.Барінова, 10, м.Татарбунари, Татарбунарський р-н, Одеська обл., 68100","1566","883","1543","17","668","15","683","","0","668","15","683","46","637","204","16","288","10","10","1","89","5","4","10","29.10.12"
"510866","141","Одеська область","школа, актова зала
вул.Шевченка, 17, с.Базар’янка, Татарбунарський р-н, Одеська обл., 68162","804","438","794","32","336","30","366","","0","336","30","366","15","351","124","8","169","3","3","1","33","1","1","8","29.10.12"
"510867","141","Одеська область","сільський клуб, фойє
вул.Леніна, 59А, с.Баштанівка, Татарбунарський р-н, Одеська обл., 68111","684","291","671","45","358","35","393","","0","358","35","393","13","380","144","20","168","5","6","1","23","4","4","5","29.10.12"
"510868","141","Одеська область","Будинок культури, дискотечна зала
вул.Миру, 78А, с.Безім’янка, Татарбунарський р-н, Одеська обл., 68161","360","124","350","44","200","36","236","","0","200","36","236","8","228","127","5","66","2","0","0","27","0","0","1","31.10.12"
"510869","141","Одеська область","Будинок культури, фойє
вул.Леніна, 81А, с.Білолісся, Татарбунарський р-н, Одеська обл., 68130","1524","891","1512","72","575","58","633","","0","575","58","633","28","605","310","12","170","8","7","3","71","10","3","11","29.10.12"
"510870","141","Одеська область","Будинок культури, фойє
вул.Гагаріна, 50, с.Борисівка, Татарбунарський р-н, Одеська обл., 68112","1326","655","1313","61","619","52","671","","0","619","52","671","40","631","367","22","155","14","9","7","35","6","3","13","28.10.12"
"510871","141","Одеська область","Будинок культури, фойє
вул.Леніна, 50, с.Вишневе, Татарбунарський р-н, Одеська обл., 68131","1014","507","1003","58","461","46","507","","0","461","46","507","28","479","226","10","165","10","8","1","39","4","6","10","29.10.12"
"510872","141","Одеська область","Будинок культури, танцювальна зала
вул.Леніна, 35, с.Глибоке, Татарбунарський р-н, Одеська обл., 68113","858","402","847","50","412","44","456","","0","412","44","456","27","429","222","14","152","6","2","3","22","3","4","1","29.10.12"
"510873","141","Одеська область","Будинок культури, концертна зала
вул.Дружби, 18, с.Дивізія, Татарбунарський р-н, Одеська обл., 68150","702","301","693","28","375","26","401","","0","375","26","401","17","384","169","8","153","5","5","2","32","4","2","4","28.10.12"
"510874","141","Одеська область","магазин райспоживспілки, торговельна зала
вул.Дружби, 1, с.Дивізія, Татарбунарський р-н, Одеська обл., 68151","708","331","699","43","339","38","377","","0","339","38","377","16","361","139","11","156","4","7","1","38","0","3","2","31.10.12"
"510875","141","Одеська область","Будинок культури, фойє
вул.Гагаріна, 11В, с.Дмитрівка, Татарбунарський р-н, Одеська обл., 68110","1716","829","1695","72","822","65","887","","0","822","65","887","42","845","497","26","183","4","8","8","98","9","3","9","29.10.12"
"510876","141","Одеська область","школа, фойє
вул.Леніна, 115, с.Дмитрівка, Татарбунарський р-н, Одеська обл., 68110","1506","788","1488","86","637","81","718","","0","637","81","718","51","667","374","13","169","7","5","6","72","8","2","11","29.10.12"
"510877","141","Одеська область","сільський клуб, фойє
вул.Миру, 6, с.Жовтий Яр, Татарбунарський р-н, Одеська обл., 68152","546","232","538","35","285","29","314","","0","285","29","314","16","298","196","11","68","2","4","1","14","1","0","1","28.10.12"
"510878","141","Одеська область","сільський клуб, актова зала
вул.Леніна, 33, с.Маразліївка, Татарбунарський р-н, Одеська обл., 68152","222","81","218","12","129","12","141","","0","129","12","141","5","136","83","2","32","2","2","1","6","5","1","2","29.10.12"
"510879","141","Одеська область","сільський клуб, актова зала
вул.50 років Радянської влади, 18А, с.Нове, Татарбунарський р-н, Одеська обл., 68152","132","50","130","6","76","6","82","","0","76","6","82","4","78","54","3","16","0","1","0","4","0","0","0","28.10.12"
"510880","141","Одеська область","сільський клуб, актова зала
вул.Свердлова, 61А, с.Ройлянка, Татарбунарський р-н, Одеська обл., 68152","132","49","129","10","74","9","83","","0","74","9","83","3","80","35","0","32","0","0","0","10","0","1","2","28.10.12"
"510881","141","Одеська область","сільський клуб, актова зала
вул.Жовтнева, 123А, с.Кочкувате, Татарбунарський р-н, Одеська обл., 68133","342","116","339","22","205","21","226","","0","205","21","226","18","208","108","8","49","2","6","3","16","5","0","11","28.10.12"
"510882","141","Одеська область","Будинок культури, фойє
вул.Леніна, 47А, с.Лиман, Татарбунарський р-н, Одеська обл., 68141","1104","460","1134","108","572","72","644","","0","572","72","644","33","611","252","18","257","13","10","3","40","9","1","8","29.10.12"
"510883","141","Одеська область","школа, фойє
вул.Леніна, 38, с.Нерушай, Татарбунарський р-н, Одеська обл., 68122","696","357","686","47","300","39","339","","0","300","39","339","24","315","96","23","163","2","5","0","17","4","2","3","29.10.12"
"510884","141","Одеська область","Будинок культури, фойє
вул.Леніна, 81, с.Нерушай, Татарбунарський р-н, Одеська обл., 68122","654","282","647","34","340","32","372","","0","340","32","372","13","359","108","22","183","2","4","0","35","2","0","3","29.10.12"
"510885","141","Одеська область","школа, фойє
вул.Кірова, 56А, с.Приморське, Татарбунарський р-н, Одеська обл., 68142","1326","710","1311","66","558","58","616","","0","558","58","616","31","585","162","25","278","7","8","3","83","5","4","10","29.10.12"
"510886","141","Одеська область","сільський клуб, актова зала
вул.Суворова, 21А, с.Трихатки, Татарбунарський р-н, Одеська обл., 68142","72","41","67","5","28","3","31","","0","28","3","31","3","28","10","2","14","0","1","0","1","0","0","0","29.10.12"
"510887","141","Одеська область","Будинок культури, фойє
вул.Леніна, 20, с.Рибальське, Татарбунарський р-н, Одеська обл., 68132","492","188","485","37","277","27","304","","0","277","27","304","14","290","93","11","150","3","3","5","15","1","4","5","28.10.12"
"510888","141","Одеська область","школа, фойє
вул.Перемоги, 97, с.Струмок, Татарбунарський р-н, Одеська обл., 68120","1314","608","1300","92","621","85","706","","0","621","85","706","45","661","265","64","210","5","9","1","99","4","1","3","29.10.12"
"510889","141","Одеська область","школа, к.7
вул.Леніна, 128, с.Спаське, Татарбунарський р-н, Одеська обл., 68121","546","214","542","31","311","21","332","","0","311","21","332","20","312","129","29","91","2","7","4","29","8","5","8","28.10.12"
"510890","141","Одеська область","Будинок культури, актова зала
вул.Леніна, 71, с.Трапівка, Татарбунарський р-н, Одеська обл., 68140","738","354","733","43","342","42","384","","0","342","42","384","22","362","172","13","116","6","10","4","25","2","2","12","28.10.12"
"510891","141","Одеська область","сільський клуб, актова зала
вул.Миру, 67, с.Новоселиця, Татарбунарський р-н, Одеська обл., 68140","420","170","418","29","225","25","250","","0","225","25","250","10","240","111","15","79","1","3","0","29","0","1","1","28.10.12"
"510892","141","Одеська область","Будинок культури, фойє
вул.Завгороднього, 25, с.Тузли, Татарбунарський р-н, Одеська обл., 68160","1194","591","1182","56","558","45","603","","0","558","45","603","24","579","239","22","215","17","8","7","52","9","4","6","31.10.12"
"510893","141","Одеська область","сільський клуб, актова зала
вул.Кутузова, 57, с.Весела Балка, Татарбунарський р-н, Одеська обл., 68160","186","61","183","18","108","17","125","","0","108","17","125","5","120","64","5","29","4","2","2","9","3","0","2","29.10.12"
"510945","141","Одеська область","школа №1, вестибюль, коридор, 1-й поверх
вул.Калініна, 2, м.Білгород-Дністровський, Одеська обл., 67700","894","463","893","34","404","27","431","","0","404","27","431","19","412","165","9","110","16","5","5","76","21","1","4","29.10.12"
"510946","141","Одеська область","Білгород-Дністровське педагогічне училище, актова зала
вул.Пушкіна, 17, м.Білгород-Дністровський, Одеська обл., 67700","1788","896","1778","46","858","34","892","","0","858","34","892","39","853","407","22","171","26","5","14","162","27","4","15","29.10.12"
"510947","141","Одеська область","школа №3, вестибюль, 1-й поверх
вул.Франка, 9, м.Білгород-Дністровський, Одеська обл., 67700","2022","1026","1976","41","964","32","996","","0","964","32","996","41","955","390","28","170","48","5","23","234","48","2","7","29.10.12"
"510948","141","Одеська область","Державний аграрний технікум, спортивна зала
вул.Калініна, 47, м.Білгород-Дністровський, Одеська обл., 67700","2142","1147","2126","41","961","34","995","","0","961","34","995","61","934","404","38","184","33","5","18","192","46","1","13","29.10.12"
"510949","141","Одеська область","Морський рибопромисловий технікум, їдальня
вул.Калініна, 12, м.Білгород-Дністровський, Одеська обл., 67700","1560","842","1548","36","688","30","718","","0","688","30","718","32","686","273","29","153","34","2","28","128","25","2","12","29.10.12"
"510950","141","Одеська область","школа №5, актова зала, 1-й поверх
вул.Кірова, 13, м.Білгород-Дністровський, Одеська обл., 67700","1614","815","1660","31","776","23","799","","0","776","23","799","38","761","379","16","181","17","5","20","108","24","2","9","28.10.12"
"510951","141","Одеська область","Центр культури та дозвілля імені Т.Г.Шевченка, центральний вхід, фойє, 1-й поверх
вул.Жовтнева, 16, м.Білгород-Дністровський, Одеська обл., 67700","1128","687","1113","19","429","12","441","","0","429","12","441","24","417","183","12","102","22","3","10","64","14","1","6","28.10.12"
"510952","141","Одеська область","школа №2, актова зала
вул.Московська, 37, м.Білгород-Дністровський, Одеська обл., 67700","1350","731","1282","14","606","13","619","","0","606","13","619","28","591","230","25","133","37","4","15","95","35","2","15","29.10.12"
"510953","141","Одеська область","школа №6, спортивна зала, 1-й поверх
вул.Кишинівська, 74, м.Білгород-Дністровський, Одеська обл., 67700","2436","1341","2383","33","1074","21","1095","","0","1074","21","1095","67","1028","404","42","263","43","7","50","142","57","6","14","29.10.12"
"510954","141","Одеська область","швейна фабрика, гуртожиток, спортивна зала, 1-й поверх
вул.Вокзальна, 19А, м.Білгород-Дністровський, Одеська обл., 67700","1728","938","1712","42","767","23","790","","0","767","23","790","51","739","306","27","172","21","8","33","115","46","2","9","29.10.12"
"510955","141","Одеська область","школа №4, вестибюль, 1-й поверх
вул.Ізмаїльська, 130, м.Білгород-Дністровський, Одеська обл., 67700","2118","1185","2083","65","877","56","933","","0","877","56","933","52","881","330","36","190","28","4","42","194","46","2","9","29.10.12"
"510956","141","Одеська область","Професійне училище торгівлі та технологій харчування, фойє, 1-й поверх
вул.Толбухіна, 83, м.Білгород-Дністровський, Одеська обл., 67700","1890","1076","1872","34","785","29","814","","0","785","29","814","28","786","317","26","211","29","2","31","100","50","2","18","29.10.12"
"510957","141","Одеська область","школа №7, актова зала
вул.Кишинівська, 227, м.Білгород-Дністровський, Одеська обл., 67700","1194","757","1189","11","429","8","437","","0","429","8","437","51","386","148","13","87","32","5","7","66","21","2","5","29.10.12"
"510958","141","Одеська область","міський центр ""Благоустрій"", актова зала, 1-й поверх
вул.Ізмаїльська, 178А, м.Білгород-Дністровський, Одеська обл., 67700","2028","1192","2020","41","798","38","836","","0","798","38","836","42","794","347","26","202","15","1","16","137","42","0","8","29.10.12"
"510959","141","Одеська область","школа №7, коридор
вул.Кишинівська, 245, м.Білгород-Дністровський, Одеська обл., 67700","2256","1439","2244","19","802","15","817","","0","802","15","817","57","760","330","17","225","39","7","14","79","35","1","13","28.10.12"
"510960","141","Одеська область","школа №4, вестибюль, 1-й поверх
вул.Ізмаїльська, 130, м.Білгород-Дністровський, Одеська обл., 67700","2430","1370","2398","26","1036","24","1060","","0","1036","24","1060","64","996","425","31","240","35","8","30","176","38","1","12","29.10.12"
"510961","141","Одеська область","Білгород-Дністровський начально-виховний комплекс, спортивна зала
вул.Театральна, 14, корпус 1, м.Білгород-Дністровський, Одеська обл., 67700","1392","820","1377","17","558","14","572","","0","558","14","572","33","539","270","19","112","9","3","7","71","40","2","6","29.10.12"
"510962","141","Одеська область","Білгород-Дністровський навчально-виховний комплекс, хореографічний клас
вул.Театральна, 14, корпус 2, м.Білгород-Дністровський, Одеська обл., 67700","1440","760","1414","18","669","11","680","","0","669","11","680","21","659","292","18","161","14","5","17","99","44","4","5","29.10.12"
"510963","141","Одеська область","Бібліотека ім. О.С. Пушкіна, читальна зала дорослого відділу
вул.Перемоги, 3А, м.Білгород-Дністровський, Одеська обл., 67700","1812","872","1817","28","921","19","940","","0","921","19","940","43","897","364","30","186","38","2","33","182","49","4","9","29.10.12"
"510964","141","Одеська область","вул.Перемоги, житловий будинок 11, червоний куточок, 1-й поверх
вул.Перемоги, 11, м.Білгород-Дністровський, Одеська обл., 67700","2292","1316","2274","9","968","8","976","","0","968","8","976","46","930","373","53","238","39","6","16","126","60","4","15","29.10.12"
"510965","141","Одеська область","Морський торгівельний порт, спортивна зала
вул.Шабська, 81, м.Білгород-Дністровський, Одеська обл., 67700","1992","1060","1973","12","923","9","932","","0","923","9","932","38","894","383","41","233","26","5","22","129","34","4","17","29.10.12"
"510966","141","Одеська область","Економіко-правовий коледж, вестибюль навчального корпусу
вул.Сонячна, 4, м.Білгород-Дністровський, Одеська обл., 67700","2436","1355","2407","28","1064","17","1081","","0","1064","17","1081","57","1024","504","42","225","32","4","27","128","40","4","18","29.10.12"
"510967","141","Одеська область","школа №11, вестиблюль корпусу початкових класів, 1-й поверх
вул.Південна, 25, м.Білгород-Дністровський, Одеська обл., 67700","1752","961","1720","16","779","12","791","","0","779","12","791","39","752","335","20","155","24","5","20","134","48","2","9","29.10.12"
"510968","141","Одеська область","школа №11, вестибюль гардеробу, 1-й поверх
вул.Південна, 25, м.Білгород-Дністровський, Одеська обл., 67700","2160","1268","2122","14","880","12","892","","0","880","12","892","41","851","381","31","222","19","6","18","132","25","1","16","29.10.12"
"510969","141","Одеська область","Затоківський навчально-виховний комплекс, фойє
вул.Зарипова, 2, смт Затока, м.Білгород-Дністровський, Одеська обл., 67772","1338","653","1333","46","656","29","685","","0","656","29","685","31","654","208","28","151","10","6","174","48","18","5","6","29.10.12"
"510970","141","Одеська область","селищна рада, сесійна зала, 1-й поверх
вул.Гагаріна, 3, смт Сергіївка, м.Білгород-Дністровський, Одеська обл., 67780","2460","1524","2435","49","895","41","936","","0","895","41","936","46","890","332","32","288","30","4","19","133","33","7","12","29.10.12"
"510971","141","Одеська область","школа №8, актова зала, 1-й поверх
вул.Шкільна, 2, смт Сергіївка, м.Білгород-Дністровський, Одеська обл., 67780","2394","1632","2370","11","753","9","762","","0","753","9","762","35","727","265","41","240","27","3","15","90","24","3","19","29.10.12"
"510972","141","Одеська область","стоматологічна поліклініка міської лікарні, актова зала, 1-й поверх
вул.Московська, 2, м.Білгород-Дністровський, Одеська обл., 67700","288","261","27","27","0","27","27","","0","0","27","27","0","27","16","0","7","0","0","2","1","1","0","0","28.10.12"
"510973","141","Одеська область","акушерсько-гінекологічне відділенння міської лікарні, буфет
вул.Калініна, 35, м.Білгород-Дністровський, Одеська обл., 67700","60","43","18","0","17","0","17","","0","17","0","17","0","17","7","0","8","0","0","0","2","0","0","0","28.10.12"
"510974","141","Одеська область","районна лікарня, зал інформаційно-аналітичного відділу
вул.Радянська, 4, м.Білгород-Дністровський, Одеська обл., 67700","240","210","34","18","16","14","30","","0","16","14","30","0","30","14","0","8","1","0","0","5","0","0","2","29.10.12"
"510975","141","Одеська область","шкірно-венерологічний диспансер, амбулаторно-консультаційне відділення, каб.2
вул.Енгельса, 6, м.Білгород-Дністровський, Одеська обл., 67700","30","29","1","0","1","0","1","","0","1","0","1","0","1","1","0","0","0","0","0","0","0","0","0","28.10.12"
"510976","141","Одеська область","психіатрична лікарня, конференційна зала адміністративного корпусу
вул.Шабська, 67, м.Білгород-Дністровський, Одеська обл., 67700","312","281","38","0","31","0","31","","0","31","0","31","5","26","14","2","7","1","0","0","0","1","1","0","28.10.12"
"510977","141","Одеська область","протитуберкульозний диспансер, червоний куточок
вул.Енгельса, 17, м.Білгород-Дністровський, Одеська обл., 67700","156","146","11","2","8","2","10","","0","8","2","10","0","10","5","0","4","0","1","0","0","0","0","0","28.10.12"
