"№ ВД","OBO","Назва регіону України","Місцезнаходження та адреса приміщення для голосування","1) К-сть одержаних бюлетенів","2) К-сть невикористаних бюлетенів","3) К-сть виборців, внесених до списку виборців","4) К-сть виборців, внесених до витягу зі списку виборців","5) К-сть виборців, які отримали бюлетені у приміщенні","6) К-сть виборців, які отримали за місцем перебування","7) Сумарна к-сть виборців, які отримали бюлетені","8) К-сть бюлетенів, що виявилися у кожній скринці","9) К-сть бюлетенів, що не підлягають врахуванню","10) К-сть виборців, які взяли участь у голос. у приміщенні для гол.","11) К-сть виборців, які взяли участь у голос. за місцем перебування","12) К-сть виборців, які взяли участь у голосуванні на виборчій дільниці","13) К-сть бюлетенів, визнаних недійсними","14) Сумарна к-сть голосів виборців ЗА","Ківалов
Сергій
Васильович","Ліознов
Сергій
Григорович","Торшин
Валерій
Іванович","Усов
Володимир
Володимирович","Цехович
Віталій
Анатолійович","Дата підписання протоколу"
"000001","135","Одеська область","хол, 2-й поверх
вул.Преображенська, 44, м.Одеса, 65045","56","13","45","0","43","0","43","","0","43","0","43","2","41","30","0","3","6","2","29.10.12"
"511245","135","Одеська область","Одеський технічний коледж Одеської національної академії харчових технологій, хол, 1-й поверх
вул.Балківська, 54, м.Одеса, 65110","2432","1651","2442","10","772","9","781","","0","772","9","781","44","737","408","12","21","187","109","29.10.12"
"511246","135","Одеська область","спеціалізована школа №21, шкільний коридор, 2-й поверх
пров.Старокінний, 9, м.Одеса, 65091","2432","1543","2423","11","880","9","889","","0","880","9","889","65","824","437","16","25","246","100","29.10.12"
"511247","135","Одеська область","дошкільний навчальний заклад №160, музична зала, 2-й поверх
вул.Сєрова, 29, м.Одеса, 65020","1960","1208","1948","13","742","10","752","","0","742","10","752","52","700","380","3","24","192","101","29.10.12"
"511248","135","Одеська область","спеціалізована школа №10, актова зала, 2-й поверх
вул.Десятого Квітня, 22, м.Одеса, 65020","2264","1298","2279","19","951","15","966","","0","951","15","966","63","903","518","15","25","238","107","29.10.12"
"511249","135","Одеська область","школа №26, коридор, 1-й поверх
вул.Старопортофранківська, 32, м.Одеса, 65020","2272","1290","2253","14","971","11","982","","0","971","11","982","52","930","498","17","24","254","137","29.10.12"
"511250","135","Одеська область","Одеська національна морська академія, корпус 7, хол, 1-й поверх
вул.Дідріхсона, 8, м.Одеса, 65029","2416","1599","2399","15","807","10","817","","0","807","10","817","47","770","431","12","11","215","101","29.10.12"
"511251","135","Одеська область","Одеська державна академія будівництва та архітектури, хол, 1-й поверх
вул.Дідріхсона, 4, м.Одеса, 65029","2360","1399","2395","10","953","8","961","","0","952","8","960","51","909","430","15","36","218","210","29.10.12"
"511252","135","Одеська область","Інститут інженерно-екологічних систем академії будівництва та архітектури, вестибюль, 1-й поверх
вул.Дідріхсона, 4, м.Одеса, 65029","2152","1411","2177","8","735","6","741","","0","735","6","741","34","707","338","14","27","179","149","29.10.12"
"511253","135","Одеська область","спеціалізована школа №50, коридор, 1-й поверх
вул.Кінна, 46, м.Одеса, 65023","2432","1404","2428","24","1012","16","1028","","0","1012","16","1028","60","968","545","11","40","233","139","01.11.12"
"511254","135","Одеська область","Одеське училище мистецтв і культури імені К.Ф. Данькевича, спортивна зала, 1-й поверх
вул.Дворянська, 32, м.Одеса, 65023","1608","900","1587","11","700","8","708","","0","700","8","708","41","667","393","11","11","172","80","29.10.12"
"511255","135","Одеська область","школа №107, спортивна зала, 1-й поверх
вул.Льва Толстого, 30, м.Одеса, 65020","1728","1024","1730","11","694","10","704","","0","694","10","704","44","660","319","15","22","166","138","29.10.12"
"511256","135","Одеська область","Південноукраїнський національний педагогічний університет імені К.Д. Ушинського, коридор, 1-й поверх
вул.Старопортофранківська, 26, м.Одеса, 65020","2048","1333","2089","6","710","5","715","","0","710","5","715","31","684","331","27","27","152","147","29.10.12"
"511257","135","Одеська область","Одеський національний морський університет, аудиторно-адміністративний корпус, блок ""А"", 1-й поверх
вул.Мечникова, 34, м.Одеса, 65029","2432","1357","2447","23","1054","21","1075","","0","1054","21","1075","62","1013","506","15","28","306","158","29.10.12"
"511258","135","Одеська область","школа №122, коридор, 1-й поверх
вул.Старопортофранківська, 45, м.Одеса, 65023","2080","1296","2096","10","776","8","784","","0","776","8","784","33","751","452","12","25","160","102","29.10.12"
"511259","135","Одеська область","Одеський автомобільно-дорожній коледж політехнічного університету, актова зала, 1-й поверх
вул.Старопортофранківська, 14, м.Одеса, 65029","2384","1454","2394","19","917","13","930","","0","917","13","930","48","882","517","7","32","212","114","29.10.12"
"511260","135","Одеська область","Одеський професійний ліцей морського транспорту, їдальня, 1-й поверх
вул.Князівська, 5, м.Одеса, 65029","1720","890","1721","18","818","12","830","","0","818","12","830","49","781","475","12","19","178","97","29.10.12"
"511261","135","Одеська область","Одеський національний медичний університет, хол, 1-й поверх
вул.Ольгіївська, 4, м.Одеса, 65082","2440","1432","2437","19","991","17","1008","","0","991","17","1008","51","957","509","27","28","254","139","29.10.12"
"511262","135","Одеська область","школа №105, актова зала, 2-й поверх
вул.Пастера, 17, м.Одеса, 65023","2272","1300","2267","14","964","8","972","","0","964","8","972","58","914","448","27","34","277","128","29.10.12"
"511263","135","Одеська область","Комунальний заклад ""Рішельєвський ліцей"", хол, 1-й поверх
вул.Єлісаветинська, 5, м.Одеса, 65082","2296","1311","2282","26","966","19","985","","0","966","19","985","36","949","477","25","24","302","121","29.10.12"
"511264","135","Одеська область","школа №37, актова зала, 1-й поверх
вул.Софіївська, 26, м.Одеса, 65082","1792","1121","1786","15","657","14","671","","0","657","14","671","34","637","330","13","21","170","103","29.10.12"
"511265","135","Одеська область","Одеська державна академія холоду, хол, 1-й поверх
вул.Дворянська, 1/3, м.Одеса, 65082","1896","1056","1890","15","828","12","840","","0","828","12","840","51","789","408","10","32","227","112","29.10.12"
"511266","135","Одеська область","Одеський національний університет імені І.І. Мечникова, вестибюль, 1-й поверх
вул.Дворянська, 2, м.Одеса, 65082","2032","1170","2036","17","853","9","862","","0","852","9","861","38","823","447","11","34","218","113","29.10.12"
"511267","135","Одеська область","школа №47, хол, 2-й поверх
вул.Льва Толстого, 8, м.Одеса, 65023","1464","858","1461","10","600","6","606","","0","600","6","606","26","580","298","6","13","166","97","29.10.12"
"511268","135","Одеська область","школа №121, коридор, 1-й поверх
вул.Льва Толстого, 1, м.Одеса, 65045","1648","927","1637","26","701","20","721","","0","701","20","721","35","686","397","9","14","153","113","29.10.12"
"511269","135","Одеська область","гімназія №2, коридор, 1-й поверх
вул.Гаванна, 5А, м.Одеса, 65026","1920","1086","1919","13","821","13","834","","0","821","13","834","34","800","422","20","27","212","119","29.10.12"
"511270","135","Одеська область","Одеська державна музична академія ім. А.В. Нежданової, мала зала, 1-й поверх
вул.Новосельського, 63, м.Одеса, 65023","1976","1160","1967","11","812","4","816","","0","812","4","816","46","770","409","14","24","213","110","29.10.12"
"511271","135","Одеська область","гуртожиток Одеського державного інституту вимірювальної техніки, хол, 1-й поверх
вул.Новосельського, 74/76, м.Одеса, 65023","2264","1170","2260","15","1083","11","1094","","0","1083","11","1094","51","1043","650","11","29","211","142","29.10.12"
"511272","135","Одеська область","Одеська Маріїнська гімназія, актова зала, 2-й поверх
вул.Льва Толстого, 9, м.Одеса, 65045","2408","2128","2413","18","268","12","280","","0","268","12","280","14","266","145","10","6","70","35","29.10.12"
"511273","135","Одеська область","школа №58, коридор, 2-й поверх
вул.Тираспольська, 14, м.Одеса, 65020","2416","1365","2401","21","1032","19","1051","","0","1032","19","1051","45","1006","494","18","30","319","145","29.10.12"
"511274","135","Одеська область","школа №118, спортивний зал №1, 1-й поверх
вул.Преображенська, 75, м.Одеса, 65007","2320","1403","2299","5","914","3","917","","0","912","3","915","87","828","456","14","22","224","112","29.10.12"
"511275","135","Одеська область","ТОВ ""Одеський палац моряків"", хол, 2-й поверх
Приморський бульвар, 9, м.Одеса, 65026","1496","845","1504","7","648","3","651","","0","648","3","651","30","621","258","13","18","246","86","29.10.12"
"511276","135","Одеська область","школа №43, вестибюль, 1-й поверх
вул.Гоголя, 17, м.Одеса, 65082","1808","1151","1782","6","653","4","657","","0","653","4","657","38","619","327","10","25","176","81","29.10.12"
"511277","135","Одеська область","Одеське обласне базове медичне училище, зал, 2-й поверх
вул.Пушкінська, 4, м.Одеса, 65026","1151","640","1142","8","503","7","510","","0","502","7","509","14","495","244","13","21","143","74","29.10.12"
"511278","135","Одеська область","спеціалізована школа №117, вестибюль, 1-й поверх
вул.Рішельєвська, 18, м.Одеса, 65026","2366","1348","2341","16","1010","8","1018","","0","1010","8","1018","62","956","497","19","32","262","146","29.10.12"
"511279","135","Одеська область","Одеське вище училище морського туристичного сервісу, хол, 2-й поверх
вул.Пушкінська, 18, м.Одеса, 65026","2328","1289","2329","21","1025","14","1039","","0","1025","14","1039","58","981","537","21","29","264","130","29.10.12"
"511280","135","Одеська область","ВНКЗ ""Одеське педагогічне училище"", актова зала, 2-й поверх
вул.Грецька, 1, м.Одеса, 65014","2024","1094","2023","21","910","20","930","","0","909","20","929","55","874","467","18","34","223","132","29.10.12"
"511281","135","Одеська область","Морехідний коледж технічного флоту ОНМА, хол, 1-й поверх
вул.Маразліївська, 40/42, м.Одеса, 65014","2448","1304","2451","18","1131","13","1144","","0","1130","13","1143","37","1106","686","10","30","270","110","29.10.12"
"511282","135","Одеська область","Одеськиц професійний ліцей будівнидства та архітектури, хол, 1-й поверх
вул.Базарна, 63, м.Одеса, 65045","2320","1468","2306","19","841","11","852","","0","841","11","852","67","785","425","15","21","206","118","29.10.12"
"511283","135","Одеська область","спортивна школа №2, великий ігровий зал, бельетаж
вул.Пушкінська, 49, м.Одеса, 65011","2352","1362","2318","20","979","11","990","","0","979","11","990","59","931","477","18","26","259","151","29.10.12"
"511284","135","Одеська область","ОНВК школа №90, вестибюль, 1-й поверх
вул.Велика Арнаутська, 2-Б, м.Одеса, 65125","2384","1331","2367","21","1034","19","1053","","0","1033","19","1052","47","1005","517","14","29","306","139","29.10.12"
"511285","135","Одеська область","Український НДІ медичної реабілітації та курортології, хол, 1-й поверх
пров.Лермонтовський, 6, м.Одеса, 65014","2520","1362","2519","12","1151","7","1158","","0","1151","7","1158","43","1115","548","9","30","334","194","29.10.12"
"511286","135","Одеська область","Навчальний корпус Одеського державного економичного університету, хол, 2-й поверх
пров.Привокзальний, 2, м.Одеса, 65012","2360","1379","2363","17","971","10","981","","0","971","10","981","55","926","492","22","22","279","111","29.10.12"
"511287","135","Одеська область","школа №68, спортивна зала, 1-й поверх
вул.Успенська, 58, м.Одеса, 65011","2368","1282","2375","13","1077","9","1086","","0","1077","9","1086","54","1032","592","20","33","256","131","29.10.12"
"511288","135","Одеська область","спеціалізована школа №119, їдальня, 1-й поверх
вул.Жуковського, 39, м.Одеса, 65045","2368","1914","2368","8","447","7","454","","0","447","7","454","19","435","221","10","15","112","77","29.10.12"
"511289","135","Одеська область","КП ""Облтрансбуд"", ауд.1, 1-й поверх
вул.Маразліївська, 34А, м.Одеса, 65014","2207","1065","2297","12","1142","0","1142","","0","1142","0","1142","60","1082","589","16","35","273","169","29.10.12"
"511290","135","Одеська область","спеціалізована школа №94, музична зала, 1-й поверх
вул.Маразліївська, 60, м.Одеса, 65014","2392","1407","2389","24","967","18","985","","0","967","18","985","53","932","488","12","34","273","125","29.10.12"
"511291","135","Одеська область","школа №101, шкільний коридор, 2-й поверх
вул.Велика Арнаутська, 9, м.Одеса, 65125","2352","1321","2373","31","1008","23","1031","","0","1008","23","1031","51","980","533","24","28","246","149","29.10.12"
"511292","135","Одеська область","школа №16, спортивна зала, 2-й поверх
вул.Пироговська, 25, м.Одеса, 65012","2496","1401","2500","11","1088","7","1095","","0","1088","7","1095","55","1040","592","17","32","280","119","29.10.12"
"511293","135","Одеська область","школа №16, хол, 1-й поверх
вул.Пироговська, 25, м.Одеса, 65012","2336","1319","2400","20","1000","17","1017","","0","1000","17","1017","48","969","541","20","25","243","140","29.10.12"
"511294","135","Одеська область","дошкільний навчальний заклад №58, музична зала, 1-й поверх
Старосінна площа, 5, м.Одеса, 65007","984","614","979","15","358","12","370","","0","358","12","370","25","345","220","5","6","69","45","28.10.12"
"511295","135","Одеська область","школа №79, актова зала, 1-й поверх
вул.Водопровідна, 13, м.Одеса, 65007","2448","1543","2458","11","897","8","905","","0","897","8","905","42","863","525","12","32","184","110","29.10.12"
"511296","135","Одеська область","школа №77, танцювальна зала, 1-й поверх
вул.Транспортна, 12, м.Одеса, 65039","2200","1126","2189","17","1062","12","1074","","0","1062","12","1074","50","1024","670","17","26","229","82","29.10.12"
"511297","135","Одеська область","гуртожиток Одеської залізниці, актова зала, 1-й поверх
вул.Транспортна, 7е, м.Одеса, 65039","1392","710","1383","10","675","7","682","","0","675","7","682","37","645","399","9","20","153","64","29.10.12"
"511298","135","Одеська область","спеціалізована школа №59, спортивна зала, 2-й поверх
вул.Канатна, 89, м.Одеса, 65012","2400","1472","2403","12","918","10","928","","0","918","10","928","41","887","459","18","32","256","122","28.10.12"
"511299","135","Одеська область","Одеський державний аграрний університет, хол, 1-й поверх
вул.Канатна, 99, м.Одеса, 65039","1832","880","1874","6","947","5","952","","0","947","5","952","60","892","479","26","39","180","168","29.10.12"
"511300","135","Одеська область","Палац студентів Одеського національного політехнічного університету, хол, 1-й поверх
проспект Шевченка, 1, м.Одеса, 65044","1952","946","1918","15","995","11","1006","","0","995","11","1006","42","964","541","16","28","245","134","29.10.12"
"511301","135","Одеська область","спеціалізована школа №2, спортивна зала, 1-й поверх
проспект Гагаріна, 6, м.Одеса, 65044","2136","1166","2110","16","958","12","970","","0","958","12","970","55","915","532","17","24","228","114","29.10.12"
"511302","135","Одеська область","спорткомплекс Одеського національного політехнічного університету, хол, 1-й поверх
пров.Шампанський, 11, м.Одеса, 65063","2032","1003","2063","20","1013","16","1029","","0","1011","16","1027","47","980","563","16","37","206","158","29.10.12"
"511303","135","Одеська область","комбінат побутового обслуг. Одеського національного політехнічного університету, їдальня, 2-й поверх
вул.Маршала Говорова, 11Г, м.Одеса, 65063","2088","894","2169","0","1194","0","1194","","0","1194","0","1194","75","1119","548","30","48","266","227","29.10.12"
"511304","135","Одеська область","школа №57, хол, 1-й поверх
вул.Ямчитського, 7, м.Одеса, 65160","2088","1171","2079","20","899","18","917","","0","899","18","917","31","886","519","12","37","214","104","29.10.12"
"511305","135","Одеська область","Одеська національна академія харчових технологій, хол, 1-й поверх
вул.Канатна, 112, м.Одеса, 65039","2112","1181","2140","13","918","13","931","","0","918","13","931","49","882","536","10","18","204","114","29.10.12"
"511306","135","Одеська область","Одеський ліцей ""Приморський"", коридор, 1-й поверх
проспект Гагаріна, 14, м.Одеса, 65039","2496","1206","2489","25","1277","13","1290","","0","1277","13","1290","70","1220","745","16","26","285","148","29.10.12"
"511307","135","Одеська область","Одеський ліцей ""Приморський"", коридор 2-й поверх
проспект Гагаріна, 14, м.Одеса, 65039","2448","1283","2442","15","1152","13","1165","","0","1152","13","1165","42","1123","618","18","48","274","165","29.10.12"
"511308","135","Одеська область","ВАТ ""Одеське спеціальне конструкторське бюро спеціальних верстатів"", хол, 1-й поверх
проспект Гагаріна 25, м.Одеса, 65039","2344","1074","2347","21","1252","18","1270","","0","1252","18","1270","64","1206","820","23","27","235","101","29.10.12"
"511309","135","Одеська область","школа №62, спортивна зала, 1-й поверх
проспект Шевченка, 10, м.Одеса, 65058","2328","1086","2329","34","1215","27","1242","","0","1215","27","1242","37","1205","794","16","33","238","124","29.10.12"
"511310","135","Одеська область","школа №62, їдальня, 1-й поверх
проспект Шевченка, 10, м.Одеса, 65058","2410","1341","2413","17","1056","13","1069","","0","1056","13","1069","43","1026","578","14","32","256","146","29.10.12"
"511311","135","Одеська область","""Облспоживспілка"", хол, 1-й поверх
вул.Фонтанська дорога, 11, м.Одеса, 65009","2224","1212","2208","20","997","15","1012","","0","997","15","1012","33","979","631","14","14","218","102","29.10.12"
"511312","135","Одеська область","спортивний комплекс НУ ""ОЮА"", спортивна зала, 1-й поверх
вул.Піонерська, 9, м.Одеса, 65009","2384","1228","2380","7","1150","6","1156","","0","1150","6","1156","39","1117","694","16","22","245","140","29.10.12"
"511313","135","Одеська область","центр відпочинку ""Мирний"", зал, 1-й поверх
вул.Каманіна, 2/1, м.Одеса, 65062","2224","1040","2229","3","1183","1","1184","","0","1183","1","1184","22","1162","805","11","19","225","102","29.10.12"
"511314","135","Одеська область","спеціалізована школа №35, вестибюль, 1-й поверх
проспект Гагаріна, 3, м.Одеса, 65044","2352","1198","2346","20","1138","16","1154","","0","1138","16","1154","76","1078","577","20","38","308","135","29.10.12"
"511315","135","Одеська область","школа №56, вестибюль, 1-й поверх
вул.Тіниста, 1, м.Одеса, 65009","2256","1041","2240","23","1194","21","1215","","0","1194","21","1215","37","1178","759","17","28","249","125","29.10.12"
"511316","135","Одеська область","Одеський регіональний інститут державного управління НАДУ при Президентові України, хол, 1-й поверх
вул.Генуезька, 22, м.Одеса, 65009","1992","1047","2016","18","931","14","945","","0","931","14","945","69","876","623","14","11","185","43","29.10.12"
"511317","135","Одеська область","Навчальний корпус Одеської державної академії холоду, хол, 1-й поверх
вул.Тіниста, 9/11, м.Одеса, 65009","1968","1050","2000","17","903","15","918","","0","903","15","918","51","867","446","16","32","231","142","29.10.12"
"511318","135","Одеська область","школа №38, фойє, 1-й поверх
Фонтанська дорога, 37, м.Одеса, 65009","2368","1105","2355","5","1259","4","1263","","0","1257","4","1261","35","1226","699","21","41","329","136","29.10.12"
"511319","135","Одеська область","Одеський дошкільний навчальний заклад №107, музична зала, 2-й поверх
пров.Економічний, 5А, м.Одеса, 65049","2040","980","2049","17","1049","11","1060","","0","1049","11","1060","41","1019","604","16","26","245","128","29.10.12"
"511320","135","Одеська область","Учбовий корпус біологічного факультету ОНУ імені І.І.Мечникова, вестибюль, 1-й поверх
пров.Шампанський, 2, м.Одеса, 65058","2032","1269","2055","7","757","6","763","","0","757","6","763","46","717","320","11","14","223","149","29.10.12"
"511321","135","Одеська область","спеціалізована школа №300 - дошкільний навчальний заклад, музична зала, 2-й поверх
вул.Маршала Говорова, 5, м.Одеса, 65063","1952","1081","1945","18","857","14","871","","0","857","14","871","36","835","503","12","28","196","96","29.10.12"
"511322","135","Одеська область","учбовий корпус НУ ""ОЮА"", хол, 1-й поверх
вул.Піонерська, 2, м.Одеса, 65009","2448","727","2582","4","1717","4","1721","","0","1717","4","1721","29","1692","1380","12","18","197","85","29.10.12"
"511323","135","Одеська область","школа №56, їдальня, 1-й поверх
вул.Тіниста, 1, м.Одеса, 65009","2096","1025","2109","5","1066","5","1071","","0","1066","5","1071","37","1034","602","11","22","267","132","29.10.12"
"511324","135","Одеська область","Міжнародний гуманітарний університет, учбовий корпус, хол, 1-й поверх
Фонтанська дорога, 33, м.Одеса, 65009","2296","1118","2306","19","1161","17","1178","","0","1161","17","1178","51","1127","700","18","42","232","135","29.10.12"
"511325","135","Одеська область","ОК ""Одеса"", конференц зала, 1-й поверх
плато Гагарінське, 5, м.Одеса, 65041","2328","1349","2331","12","969","10","979","","0","969","10","979","31","948","479","26","19","290","134","29.10.12"
"511326","135","Одеська область","Комунальна установа ""Пологовий будинок №2"", конференц зала, 1-й поверх
вул.Старопортофранківська, 24, м.Одеса, 65023","128","96","35","0","32","0","32","","0","32","0","32","1","31","22","1","1","4","3","29.10.12"
"511327","135","Одеська область","Комунальна установа ""Міська клінічна лікарня №4"", учбова кімната, 2-й поверх
вул.Ольгіївська, 4, м.Одеса, 65082","80","30","50","0","50","0","50","","0","50","0","50","6","44","28","1","4","7","4","29.10.12"
"511328","135","Одеська область","Комунальна установа ""Міська клінічна інфекційна лікарня"", по відділенням
вул.Пастера, 5/7, м.Одеса, 65026","464","427","39","27","12","25","37","","0","12","25","37","4","33","17","4","0","9","3","29.10.12"
"511329","135","Одеська область","Комунальна установа ""Міська клінічна лікарня №9 імені професора Мінакова"", каб.2, 3-поверх
пров.Валіховський, 3, м.Одеса, 65026","344","264","88","60","21","59","80","","0","21","59","80","4","76","41","2","4","19","10","29.10.12"
"511330","135","Одеська область","Одеський обласний психоневрологічний диспансер, хол, 1-й поверх
вул.Канатна, 27, м.Одеса, 65014","72","35","53","0","37","0","37","","0","37","0","37","1","36","28","3","1","3","1","29.10.12"
"511331","135","Одеська область","КУ ""Одеський обласний очний шпиталь інвалідів Великої Вітчизняної війни"", хол, 1-й поверх
вул.Бєлінського, 2, м.Одеса, 65014","112","59","142","0","53","0","53","","0","53","0","53","8","45","24","5","1","12","3","29.10.12"
"511332","135","Одеська область","Комунальна установа ""Одеський обласний протитуберкульозний диспансер"", актова зала, 1-й поверх
вул.Бєлінського, 9/11, м.Одеса, 65014","416","354","76","6","59","3","62","","0","59","3","62","0","62","46","3","0","9","4","29.10.12"
"511333","135","Одеська область","Комунальна установа ""Міська клінічна лікарня №3"", вестибюль, 1-й поверх
Лідерсівський бульвар, 11, м.Одеса, 65014","208","72","166","26","116","20","136","","0","116","20","136","9","127","95","1","2","19","10","29.10.12"
"511334","135","Одеська область","Комунальна установа ""Міська лікарня №5"", хол, цокольний етаж
вул.Троїцька, 37, м.Одеса, 65011","224","130","98","8","86","8","94","","0","86","8","94","8","86","67","1","2","9","7","29.10.12"
"511335","135","Одеська область","Комунальна установа ""Пологовий будинок №1"", хол, 1-й поверх
вул.Слєпньова, 3, м.Одеса, 65039","136","32","106","0","104","0","104","","0","104","0","104","2","102","69","0","2","19","12","28.10.12"
"511336","135","Одеська область","Військово-медичний клінічний центр Південного регіону, клуб, 2-й поверх
вул.Пироговська, 2, м.Одеса, 65044","304","159","154","59","94","51","145","","0","94","51","145","6","139","102","4","8","13","12","28.10.12"
"511337","135","Одеська область","Інститут очних хвороб і тканиної терапії ім.В.П. Філатова АМН України, лаб. корпус, 2-й поверх
Французький бульвар, 49/51, м.Одеса, 65061","208","48","196","0","160","0","160","","0","160","0","160","15","145","74","8","7","31","25","29.10.12"
"511339","135","Одеська область","Центр реконструктивної та відновної медицини ОНМУ, ауд.1, 4-й поверх
вул.Тіниста, 8, м.Одеса, 65009","128","10","120","24","94","24","118","","0","94","24","118","5","113","79","2","2","18","12","29.10.12"
