"№ ВД","OBO","Назва регіону України","Місцезнаходження та адреса приміщення для голосування","1) К-сть одержаних бюлетенів","2) К-сть невикористаних бюлетенів","3) К-сть виборців, внесених до списку виборців","4) К-сть виборців, внесених до витягу зі списку виборців","5) К-сть виборців, які отримали бюлетені у приміщенні","6) К-сть виборців, які отримали за місцем перебування","7) Сумарна к-сть виборців, які отримали бюлетені","8) К-сть бюлетенів, що виявилися у кожній скринці","9) К-сть бюлетенів, що не підлягають врахуванню","10) К-сть виборців, які взяли участь у голос. у приміщенні для гол.","11) К-сть виборців, які взяли участь у голос. за місцем перебування","12) К-сть виборців, які взяли участь у голосуванні на виборчій дільниці","13) К-сть бюлетенів, визнаних недійсними","14) Сумарна к-сть голосів виборців ЗА","Кіріца
Юрій
Іванович","Клімов
Леонід
Михайлович","Мадон
Ігор
Іванович","Мартинюк
Сергій
Яковлевич","Салтановський
Микола
Васильович","Сокерчак
В’ячеслав
Михайлович","Сорока
Віктор
Петрович","Дата підписання протоколу"
"510070","137","Одеська область","міжшкільний навчально-виробничий комбінат, актова зала
вул.Уварова, 95, м.Балта, Балтський р-н, Одеська обл., 66101","1416","855","1387","23","540","21","561","","0","540","21","561","9","552","79","229","6","16","36","62","124","29.10.12"
"510071","137","Одеська область","АТП 15170, актова зала
вул.Калініна, 53, м.Балта, Балтський р-н, Одеська обл., 66101","1936","1160","1901","45","732","44","776","","0","732","44","776","37","739","104","340","9","19","29","101","137","30.10.12"
"510072","137","Одеська область","школа №2, вестибюль
вул.Шевченка, 4, м.Балта, Балтський р-н, Одеська обл., 66101","1224","549","1202","16","661","14","675","","0","661","14","675","26","649","53","317","9","23","26","87","134","29.10.12"
"510073","137","Одеська область","дитячий садок №9, актова зала, 1-й поверх
вул.Котовського, 75, м.Балта, Балтський р-н, Одеська обл., 66101","1560","735","1542","30","796","29","825","","0","796","29","825","37","788","88","340","14","39","35","91","181","29.10.12"
"510074","137","Одеська область","дитячий садок №6, актова зала
вул.Гагаріна, 74, м.Балта, Балтський р-н, Одеська обл., 66101","1584","745","1540","19","822","17","839","","0","822","17","839","35","804","85","366","8","26","32","93","194","29.10.12"
"510075","137","Одеська область","школа №3, актова зала, 1-й поверх
вул.Уварова, 43, м.Балта, Балтський р-н, Одеська обл., 66101","1352","695","1346","19","642","15","657","","0","642","15","657","20","637","84","250","7","28","41","84","143","28.10.12"
"510076","137","Одеська область","ветеринарна лікарня, актова зала
вул.50 років Жовтня, 111, м.Балта, Балтський р-н, Одеська обл., 66101","936","460","914","14","462","14","476","","0","462","14","476","23","453","61","198","7","17","27","46","97","28.10.12"
"510077","137","Одеська область","будинок культури, глядацька зала
вул.Уварова, 33, м.Балта, Балтський р-н, Одеська обл., 66101","1096","572","1084","12","512","12","524","","0","511","12","523","25","498","56","212","11","35","13","61","110","29.10.12"
"510078","137","Одеська область","музична школа, актова зала
вул.Котовського, 284, м.Балта, Балтський р-н, Одеська обл., 66101","1240","595","1217","28","624","21","645","","0","624","21","645","25","620","69","208","8","27","31","143","134","29.10.12"
"510079","137","Одеська область","дитячий садок №11, актова зала
вул.Леніна, 57, м.Балта, Балтський р-н, Одеська обл., 66101","1512","786","1528","9","719","7","726","","0","719","7","726","27","699","91","286","6","33","25","84","174","28.10.12"
"510080","137","Одеська область","школа №1, актова зала, 2-й поверх
вул.Котовського, 296, м.Балта, Балтський р-н, Одеська обл., 66101","1256","626","1211","37","600","30","630","","0","600","30","630","19","611","72","271","8","23","28","70","139","28.10.12"
"510081","137","Одеська область","сільський клуб, актова зала
вул.Стуса, 91, с.Андріяшівка, Балтський р-н, Одеська обл., 66151","312","128","305","15","170","14","184","","0","170","14","184","12","172","14","66","2","3","13","9","65","28.10.12"
"510082","137","Одеська область","школа, фойє
вул.Миру, 52, с.Бендзари, Балтський р-н, Одеська обл., 66150","792","305","803","40","449","38","487","","0","449","38","487","20","467","45","171","8","18","33","40","152","29.10.12"
"510083","137","Одеська область","сільський клуб, актова зала
вул.Центральна, 2, с.Борсуки, Балтський р-н, Одеська обл., 66126","336","82","333","39","216","38","254","","0","216","38","254","8","246","15","133","1","1","73","13","10","29.10.12"
"510084","137","Одеська область","будинок культури, фойє
вул.Анатолія Висоцького, 87А, с.Оленівка, Балтський р-н, Одеська обл., 66143","640","203","651","66","371","66","437","","0","371","66","437","15","422","20","258","10","17","25","38","54","29.10.12"
"510085","137","Одеська область","клуб, глядацька зала
вул.Механізаторів, 2, с.Євтодія, Балтський р-н, Одеська обл., 66142","296","73","292","27","199","24","223","","0","199","24","223","7","216","13","122","1","9","16","17","38","29.10.12"
"510086","137","Одеська область","будинок культури, глядацька зала
вул.Лесі Українки, 2, с.Кармалюківка, Балтський р-н, Одеська обл., 66141","360","148","354","23","194","18","212","","0","194","18","212","6","206","8","125","2","3","4","14","50","28.10.12"
"510087","137","Одеська область","сільська рада, актова зала
вул.Леніна, 15А, с.Білине, Балтський р-н, Одеська обл., 66161","1104","531","1093","94","494","79","573","","0","494","79","573","18","555","38","237","8","3","48","41","180","29.10.12"
"510088","137","Одеська область","будинок культури, фойє
вул.Привокзальна, 1, с.Білине, Балтський р-н, Одеська обл., 66161","896","426","885","46","426","44","470","","0","426","44","470","18","452","21","235","4","3","14","27","148","29.10.12"
"510089","137","Одеська область","школа, фойє
вул.Капітана Стефанчука, 1, с.Піщана, Балтський р-н, Одеська обл., 66110","1080","503","1085","109","482","95","577","","0","482","95","577","20","557","48","187","20","5","57","82","158","29.10.12"
"510090","137","Одеська область","будинок культури, велика зала
вул.Василя Приходько, 9, с.Піщана, Балтський р-н, Одеська обл., 66110","936","425","931","68","461","50","511","","0","461","50","511","23","488","29","138","11","7","20","87","196","28.10.12"
"510091","137","Одеська область","будинок культури, фойє
вул.Кудрявцева, 148, с.Плоске, Балтський р-н, Одеська обл., 66133","712","278","708","55","389","45","434","","0","389","45","434","19","415","38","165","13","11","49","63","76","28.10.12"
"510092","137","Одеська область","будинок культури, фойє
вул.Шевченка, 24, с.Чернече, Балтський р-н, Одеська обл., 66125","592","148","601","72","379","65","444","","0","379","65","444","13","431","17","298","3","8","8","21","76","29.10.12"
"510093","137","Одеська область","сільський клуб, актова зала
вул.Грушевського, 74, с.Волова, Балтський р-н, Одеська обл., 66115","208","57","207","27","124","27","151","","0","124","27","151","5","146","9","82","6","5","10","22","12","29.10.12"
"510094","137","Одеська область","сільська рада, зала засідань
вул.Шевченка, 14, с.Ухожани, Балтський р-н, Одеська обл., 66114","304","81","290","23","201","22","223","","0","201","22","223","5","218","11","111","4","11","19","49","13","28.10.12"
"510095","137","Одеська область","ФАП, маніпуляційна
вул.Хмельницького, 8, с.Крижовлин, Балтський р-н, Одеська обл., 66114","96","30","88","16","53","13","66","","0","53","13","66","1","65","5","25","7","8","4","7","9","29.10.12"
"510096","137","Одеська область","клуб, глядацька зала
вул.Центральна, 7, с.Кринички, Балтський р-н, Одеська обл., 66121","168","62","161","7","99","7","106","","0","99","7","106","8","98","15","27","1","1","8","10","36","29.10.12"
"510097","137","Одеська область","будинок культури, глядацька зала
вул.Шевченка, 25, с.Ракулове, Балтський р-н, Одеська обл., 66122","296","90","295","27","181","25","206","","0","181","25","206","2","204","7","41","3","9","4","12","128","29.10.12"
"510098","137","Одеська область","клуб, глядацька зала
вул.Центральна, 13, с.Шляхове, Балтський р-н, Одеська обл., 66120","320","101","312","34","186","33","219","","0","186","33","219","10","209","6","58","5","2","9","15","114","28.10.12"
"510099","137","Одеська область","будинок культури, актова зала
вул.Миру, 73, с.Мирони, Балтський р-н, Одеська обл., 66144","496","66","520","51","389","41","430","","0","389","41","430","3","427","19","288","3","11","24","38","44","29.10.12"
"510100","137","Одеська область","будинок культури, глядацька зала
вул.Лесі Українки, 27, с.Гербине, Балтський р-н, Одеська обл., 66111","328","100","314","25","208","20","228","","0","208","20","228","19","209","20","85","6","1","10","19","68","29.10.12"
"510101","137","Одеська область","будинок культури, глядацька зала
вул.Шевченка, 100, с.Гольма, Балтський р-н, Одеська обл., 66154","608","229","611","32","351","28","379","","0","351","28","379","15","364","23","160","9","9","16","34","113","28.10.12"
"510102","137","Одеська область","школа, фойє
вул.Грушевського, 89, с.Гольма, Балтський р-н, Одеська обл., 66154","360","115","370","35","211","34","245","","0","211","34","245","11","234","20","110","8","5","18","9","64","29.10.12"
"510103","137","Одеська область","будинок культури, глядацька зала
вул.Шкільна, 8, с.Козацьке, Балтський р-н, Одеська обл., 66131","408","132","414","39","244","32","276","","0","244","32","276","16","260","21","135","5","3","13","21","62","29.10.12"
"510104","137","Одеська область","будинок культури, фойє
вул.Шевченка, 117, с.Коритне, Балтський р-н, Одеська обл., 66130","464","116","460","82","269","79","348","","0","269","79","348","12","336","17","193","2","7","36","24","57","28.10.12"
"510105","137","Одеська область","будинок культури, актова зала
вул.Перемоги, 8, с.Лісничівка, Балтський р-н, Одеська обл., 66127","456","161","448","25","270","25","295","","0","270","25","295","16","279","33","120","3","11","42","15","55","28.10.12"
"510106","137","Одеська область","приміщення будинку культури, глядацька зала
вул.Кодимська,1, с.Обжиле, Балтський р-н, Одеська обл., 66140","408","127","409","37","246","35","281","","0","246","35","281","9","272","24","167","4","3","17","20","37","28.10.12"
"510107","137","Одеська область","контора, бухгалтерія
вул.Дячишина, 45, с.Березівка, Балтський р-н, Одеська обл., 66140","232","78","224","20","134","20","154","","0","134","20","154","6","148","7","104","0","1","10","16","10","28.10.12"
"510108","137","Одеська область","сільська рада, актова зала
вул.Степана Олійника, 100, с.Пасицели, Балтський р-н, Одеська обл., 66162","392","137","386","39","219","36","255","","0","219","36","255","4","251","7","78","2","4","19","15","126","29.10.12"
"510109","137","Одеська область","школа, столова
вул.Степана Олійника, 50, с.Пасицели, Балтський р-н, Одеська обл., 66162","320","127","315","34","162","31","193","","0","162","31","193","7","186","1","41","1","1","11","10","121","29.10.12"
"510110","137","Одеська область","сільська рада, актова зала
вул.Дмитра Мазура, 67, с.Пасат, Балтський р-н, Одеська обл., 66132","456","70","471","68","322","64","386","","0","322","64","386","17","369","23","148","6","14","46","31","101","29.10.12"
"510111","137","Одеська область","контора, актова зала
вул.Лесі Українки, 70Д, с.Немирівське, Балтський р-н, Одеська обл., 66153","408","170","408","30","210","28","238","","0","210","28","238","6","232","35","116","4","3","13","20","41","28.10.12"
"510112","137","Одеська область","дитячий садок, спальна кімната
вул.Шевченка, 87А, с.Перельоти, Балтський р-н, Одеська обл., 66152","568","307","563","28","237","24","261","","0","237","24","261","6","255","22","115","7","12","8","23","68","29.10.12"
"510113","137","Одеська область","сільська рада, актова зала
вул.Шевченка, 113, с.Перейма, Балтський р-н, Одеська обл., 66124","496","182","488","72","252","62","314","","0","252","62","314","16","298","12","93","3","8","15","9","158","29.10.12"
"510114","137","Одеська область","школа, фойє
вул.Перемоги, 6, с.Пужайкове, Балтський р-н, Одеська обл., 66112","1440","689","1424","97","661","90","751","","0","661","90","751","16","735","18","168","8","4","20","37","480","29.10.12"
"510115","137","Одеська область","клуб, глядацька зала
вул.Зарічна, 7, с.Савранське, Балтський р-н, Одеська обл., 66113","160","63","151","16","85","12","97","","0","85","12","97","0","97","2","62","3","0","0","12","18","30.10.12"
"510116","137","Одеська область","сільська рада, зала засідань
вул.Шевченка, 82, с.Сінне, Балтський р-н, Одеська обл., 66160","480","148","472","26","308","24","332","","0","308","24","332","11","321","18","147","16","10","23","33","74","29.10.12"
"510117","137","Одеська область","школа, актова зала
вул.Хмельницького, 154, с.Саражинка, Балтський р-н, Одеська обл., 66123","672","161","661","67","454","57","511","","0","454","57","511","13","498","26","252","3","16","105","21","75","28.10.12"
"510441","137","Одеська область","Центр дитячої та юнацької творчості, актова зала
вул.Єлісеєва, 55, м.Кодима, Кодимський р-н, Одеська обл., 66000","1480","745","1465","49","688","47","735","","0","688","47","735","23","712","124","285","24","20","46","95","118","29.10.12"
"510442","137","Одеська область","школа №2, фойє, 1-й поверх
вул.Комунарна, 11, м.Кодима, Кодимський р-н, Одеська обл., 66000","1728","793","1713","43","894","41","935","","0","894","41","935","26","909","158","377","21","16","91","96","150","29.10.12"
"510443","137","Одеська область","будинок культури, мала зала
пл.Перемоги, 4, м.Кодима, Кодимський р-н, Одеська обл., 66000","1672","861","1649","36","783","28","811","","0","783","28","811","20","791","132","296","23","10","44","124","162","29.10.12"
"510444","137","Одеська область","ПП ""Рима"", актова зала
вул.Калініна, 22, м.Кодима, Кодимський р-н, Одеська обл., 66000","1592","899","1585","35","662","31","693","","0","662","31","693","28","665","93","201","29","24","130","90","98","29.10.12"
"510445","137","Одеська область","школа-ліцей №1, коридор, 1-й поверх
вул.Леніна, 113, м.Кодима, Кодимський р-н, Одеська обл., 66000","1504","755","1479","23","729","20","749","","0","729","20","749","4","745","125","268","21","24","45","134","128","29.10.12"
"510446","137","Одеська область","будинок культури, актова зала
вул.Бульварна, 8А, смт Слобідка, Кодимський р-н, Одеська обл., 66050","912","407","899","41","471","34","505","","0","471","34","505","20","485","66","224","16","16","51","46","66","29.10.12"
"510447","137","Одеська область","школа, фойє, 1-й поверх
вул.Леніна, 2, смт Слобідка, Кодимський р-н, Одеська обл., 66050","864","397","857","50","420","47","467","","0","420","47","467","33","434","62","204","31","15","43","44","35","29.10.12"
"510448","137","Одеська область","сільський клуб, актова зала
вул.Терешкової, 11, с.Правда, Кодимський р-н, Одеська обл., 66050","64","15","58","1","48","1","49","","0","48","1","49","0","49","9","25","1","3","2","0","9","28.10.12"
"510449","137","Одеська область","школа, фойє, 1-й поверх
вул.Леніна, школа, с.Баштанків, Кодимський р-н, Одеська обл., 66010","872","388","858","65","436","48","484","","0","436","48","484","14","470","48","185","26","26","56","48","81","29.10.12"
"510450","137","Одеська область","сільська рада, зала засідань
вул.Леніна, сільська рада, с.Будеї, Кодимський р-н, Одеська обл., 66022","808","317","798","95","404","87","491","","0","404","87","491","15","476","49","271","20","13","43","48","32","29.10.12"
"510451","137","Одеська область","будинок культури, фойє
вул.Громазюка, будинок культури, с.Грабове, Кодимський р-н, Одеська обл., 66030","928","445","917","15","470","13","483","","0","470","13","483","27","456","44","233","15","8","65","64","27","29.10.12"
"510452","137","Одеська область","школа, їдальня
вул.Пташенчука, школа, с.Котовці, Кодимський р-н, Одеська обл., 66032","152","50","149","10","93","9","102","","0","93","9","102","4","98","11","40","3","7","9","11","17","28.10.12"
"510453","137","Одеська область","сільська рада, зала засідань, 1-й поверх
вул.Піонерська, 22А, с.Загнітків, Кодимський р-н, Одеська обл., 66012","1007","402","1008","58","548","57","605","","0","548","57","605","37","568","66","327","27","21","19","32","76","29.10.12"
"510454","137","Одеська область","школа, фойє, 1-й поверх
вул.Партизанська, 22, с.Загнітків, Кодимський р-н, Одеська обл., 66012","976","360","966","74","547","69","616","","0","546","69","615","31","584","96","291","46","17","32","17","85","29.10.12"
"510455","137","Одеська область","будинок культури, актова зала
вул.Леніна, будинок культури, с.Івашків, Кодимський р-н, Одеська обл., 66020","912","352","907","94","475","85","560","","0","475","85","560","19","541","76","229","12","19","51","52","102","30.10.12"
"510456","137","Одеська область","сільська рада, зала засідань
вул.Центральна, сільська рада, с.Круті, Кодимський р-н, Одеська обл., 66042","480","180","480","31","269","31","300","","0","269","31","300","8","292","29","187","11","2","24","30","9","30.10.12"
"510457","137","Одеська область","фельдшерський пункт, кабінет лікаря, 1-й поверх
вул.Центральна, фельдшерський пункт, с.Семенівка, Кодимський р-н, Одеська обл., 66042","120","47","118","6","68","5","73","","0","68","5","73","3","70","6","46","1","0","9","5","3","29.10.12"
"510458","137","Одеська область","будинок культури, мала зала
вул.Леніна, будинок культури, с.Лабушне, Кодимський р-н, Одеська обл., 66033","864","454","851","50","364","46","410","","0","364","46","410","14","396","29","172","10","10","95","28","52","29.10.12"
"510459","137","Одеська область","школа, фойє
вул.Сушкевича, 1, с.Лисогірка, Кодимський р-н, Одеська обл., 66004","648","280","640","33","339","29","368","","0","339","29","368","16","352","35","177","6","9","64","35","26","29.10.12"
"510460","137","Одеська область","сільський клуб, фойє
вул.Братів Урсулів, сільський клуб, с.Федорівка, Кодимський р-н, Одеська обл., 66004","152","44","156","12","97","11","108","","0","97","11","108","1","107","10","78","4","0","2","2","11","31.10.12"
"510461","137","Одеська область","школа, фойє
вул.Шкільна, 5, с.Мала Слобідка, Кодимський р-н, Одеська обл., 66051","408","210","401","18","184","14","198","","0","184","14","198","14","184","26","78","7","4","17","29","23","29.10.12"
"510462","137","Одеська область","будинок культури, актова зала
вул.О.Кошового, 17А, с.Олексіївка, Кодимський р-н, Одеська обл., 66013","616","331","602","20","272","13","285","","0","272","13","285","30","255","29","123","14","11","32","11","35","29.10.12"
"510463","137","Одеська область","сільська рада, актова зала
вул.10-річчя Конституції, сільська рада, с.Петрівка, Кодимський р-н, Одеська обл., 66040","344","140","349","14","190","14","204","","0","190","14","204","12","192","22","93","13","6","28","9","21","29.10.12"
"510464","137","Одеська область","сільський клуб, актова зала
вул.Л.Українки, сільський клуб, с.Олександрівка, Кодимський р-н, Одеська обл., 66040","160","65","157","9","86","9","95","","0","86","9","95","5","90","5","59","2","1","2","4","17","29.10.12"
"510465","137","Одеська область","сільський клуб, актова зала
вул.Леніна, сільський клуб, с.Стримба, Кодимський р-н, Одеська обл., 66041","184","53","180","16","115","16","131","","0","115","16","131","1","130","22","69","7","1","16","9","6","28.10.12"
"510466","137","Одеська область","будинок культури, актова зала
вул.Шевченка, 5В, с.Пиріжна, Кодимський р-н, Одеська обл., 66021","904","383","889","32","501","20","521","","0","501","20","521","27","494","50","255","18","12","45","31","83","29.10.12"
"510467","137","Одеська область","будинок культури, мала зала
вул.Перемоги, 40, с.Писарівка, Кодимський р-н, Одеська обл., 66031","1144","570","1137","75","501","73","574","","0","501","73","574","25","549","53","236","35","23","97","59","46","29.10.12"
"510468","137","Одеська область","будинок культури, фойє
пров.Шкільний, будинок культури, с.Серби, Кодимський р-н, Одеська обл., 66011","1256","487","1250","64","709","60","769","","0","709","60","769","37","732","42","495","35","10","50","41","59","31.10.12"
"510469","137","Одеська область","школа, каб.3
вул.Шкільна, 1А, с.Смолянка, Кодимський р-н, Одеська обл., 66023","240","76","233","29","138","26","164","","0","138","26","164","6","158","21","61","14","3","24","9","26","29.10.12"
"510470","137","Одеська область","будинок культури, фойє
вул.Л.Українки, 12, с.Тимкове, Кодимський р-н, Одеська обл., 66052","528","244","517","29","258","26","284","","0","258","26","284","11","273","22","166","18","13","30","9","15","29.10.12"
"510471","137","Одеська область","сільський клуб, актова зала
вул.Центральна, 8, с.Кирилівка, Кодимський р-н, Одеська обл., 66052","40","8","38","1","31","1","32","","0","31","1","32","0","32","2","17","0","1","5","1","6","29.10.12"
"510472","137","Одеська область","школа, фойє
вул.Леніна, 7, с.Шершенці, Кодимський р-н, Одеська обл., 66034","1008","502","1000","43","463","43","506","","0","463","43","506","23","483","22","327","17","7","56","22","32","29.10.12"
"510524","137","Одеська область","школа №1, актова зала, 1-й поверх
вул.Шкільна, 20, с.Борщі, Котовський р-н, Одеська обл., 66321","288","93","287","26","170","25","195","","0","170","25","195","4","191","37","127","3","0","11","9","4","29.10.12"
"510525","137","Одеська область","школа-інтернат, будинок культури, актова зала, 1-й поверх
вул.Жовтневої Революції, 1, с-ще Борщі, Котовський р-н, Одеська обл., 66320","816","338","793","14","465","13","478","","0","465","13","478","22","456","95","179","14","17","49","61","41","28.10.12"
"510526","137","Одеська область","ПУЖКХ, актова зала, 1-й поверх
вул.Каштанова, 9, с-ще Борщі, Котовський р-н, Одеська обл., 66320","376","135","378","19","223","18","241","","0","223","18","241","8","233","32","131","0","4","11","26","29","28.10.12"
"510527","137","Одеська область","будинок культури, актова зала, 1-й поверх
вул.Шкільна, 22, с.Зелений Кут, Котовський р-н, Одеська обл., 66320","208","65","209","24","120","23","143","","0","120","23","143","2","141","13","97","1","4","4","7","15","28.10.12"
"510528","137","Одеська область","школа, актова зала, 1-й поверх
вул.Шевченка, 29, с.Дібрівка, Котовський р-н, Одеська обл., 66322","248","81","248","17","151","16","167","","0","151","16","167","7","160","13","108","3","7","11","12","6","29.10.12"
"510529","137","Одеська область","школа, актова зала, 1-й поверх
вул.Леніна, 74, с.Бочманівка, Котовський р-н, Одеська обл., 66361","704","253","692","46","406","45","451","","0","406","45","451","19","432","42","264","12","16","38","24","36","29.10.12"
"510530","137","Одеська область","сільська рада, фойє, 1-й поверх
вул.Перемоги, 7, с.Великий Фонтан, Котовський р-н, Одеська обл., 66323","120","28","124","8","84","8","92","","0","84","8","92","7","85","22","40","1","1","14","5","2","29.10.12"
"510531","137","Одеська область","будинок культури, актова зала, 1-й поверх
вул.Незалежна, 8, с.Гидерим, Котовський р-н, Одеська обл., 66324","584","210","573","74","306","68","374","","0","306","68","374","27","347","169","135","1","3","13","20","6","29.10.12"
"510532","137","Одеська область","будинок культури, актова зала, 1-й поверх
вул.Центральна, 68, с.Малий Фонтан, Котовський р-н, Одеська обл., 66383","760","304","736","60","398","58","456","","0","398","58","456","13","443","133","187","7","9","38","40","29","29.10.12"
"510533","137","Одеська область","ФГ ""Фенікс"", актова зала, 1-й поверх
вул.Котовського, 2, с.Миколаївка Перша, Котовський р-н, Одеська обл., 66323","112","21","118","12","79","12","91","","0","79","12","91","4","87","13","63","0","0","1","8","2","28.10.12"
"510534","137","Одеська область","будинок культури, актова зала, 1-й поверх
вул.Центральна, 91В, с.Гонората, Котовський р-н, Одеська обл., 66325","464","63","456","40","361","40","401","","0","361","40","401","8","393","40","303","2","3","11","10","24","28.10.12"
"510535","137","Одеська область","ФАП, фойє, 1-й поверх
вул.Колгоспна, 2, с.Затишшя, Котовський р-н, Одеська обл., 66325","128","11","121","14","103","14","117","","0","103","14","117","0","117","5","97","0","2","3","9","1","28.10.12"
"510536","137","Одеська область","будинок культури, актова зала, 1-й поверх
вул.Центральна, 14, с.Велика Кіндратівка, Котовський р-н, Одеська обл., 66302","128","21","123","14","93","14","107","","0","93","14","107","4","103","10","66","2","4","1","8","12","28.10.12"
"510537","137","Одеська область","сільська рада, фойє, 1-й поверх
вул.Центральна, 34, с.Качурівка, Котовський р-н, Одеська обл., 66370","432","127","422","41","268","37","305","","0","268","37","305","14","291","23","176","6","8","7","27","44","28.10.12"
"510538","137","Одеська область","приватний будинок гр.Волощук В.М., 1-й поверх
вул.Магістральна, 7, с.Оброчне, Котовський р-н, Одеська обл., 66302","40","3","40","3","34","3","37","","0","34","3","37","3","34","5","19","0","0","2","2","6","29.10.12"
"510539","137","Одеська область","приватний будинок гр.Ширкової Е.Є., 1-й поверх
вул.Степова, 1, с.Поплавка, Котовський р-н, Одеська обл., 66302","24","6","21","5","16","2","18","","0","16","2","18","1","17","0","14","0","1","0","1","1","28.10.12"
"510540","137","Одеська область","приватний будинок гр.Баташан К.Ф., 1-й поверх
вул.Колгоспна, 27, с.Велике Бурилове, Котовський р-н, Одеська обл., 66330","80","10","77","8","62","8","70","","0","62","8","70","0","70","1","65","1","0","1","1","1","29.10.12"
"510541","137","Одеська область","будинок культури, актова зала, 1-й поверх
пров.Колгоспний, 4, с.Домниця, Котовський р-н, Одеська обл., 66331","224","82","218","7","136","6","142","","0","136","6","142","9","133","15","98","2","3","4","4","7","28.10.12"
"510542","137","Одеська область","будинок культури, актова зала, 1-й поверх
вул.Центральна, 2, с.Климентове, Котовський р-н, Одеська обл., 66330","192","50","185","14","128","14","142","","0","128","14","142","4","138","7","115","1","2","2","9","2","29.10.12"
"510543","137","Одеська область","будинок культури, актова зала, 1-й поверх
вул.Михайла Грушевського, 9, с.Коси, Котовський р-н, Одеська обл., 66344","824","376","812","33","422","26","448","","0","422","26","448","27","421","54","262","7","15","27","24","32","28.10.12"
"510544","137","Одеська область","будинок культури, актова зала, 1-й поверх
вул.Центральна, 4, с.Коси-Слобідка, Котовський р-н, Одеська обл., 66344","88","9","83","4","75","4","79","","0","75","4","79","0","79","10","59","0","0","1","8","1","28.10.12"
"510545","137","Одеська область","будинок культури, актова зала, 1-й поверх
вул.Леніна, 24, с.Куяльник, Котовський р-н, Одеська обл., 66350","656","284","648","36","337","35","372","","0","337","35","372","20","352","59","173","4","9","32","49","26","29.10.12"
"510546","137","Одеська область","школа, актова зала, 1-й поверх
вул.Леніна, 65А, с.Куяльник, Котовський р-н, Одеська обл., 66350","1256","564","1248","46","655","37","692","","0","655","37","692","33","659","109","319","9","12","63","87","60","29.10.12"
"510547","137","Одеська область","школа, актова зала, 1-й поверх
вул.Шевченка, 2А, с.Олександрівка, Котовський р-н, Одеська обл., 66351","288","112","284","18","158","18","176","","0","158","18","176","8","168","18","104","3","6","8","13","16","28.10.12"
"510548","137","Одеська область","будинок культури, актова зала, 1-й поверх
вул.Південна, 26А, с.Чапаєвка, Котовський р-н, Одеська обл., 66350","448","178","431","55","217","53","270","","0","217","53","270","6","264","28","142","2","9","45","18","20","28.10.12"
"510549","137","Одеська область","ФАП, фойє, 1-й поверх
вул.Монастирська, 48, с.Куйбишевське, Котовський р-н, Одеська обл., 66352","56","2","63","5","50","4","54","","0","50","4","54","4","50","1","33","1","2","3","3","7","29.10.12"
"510550","137","Одеська область","школа №1, актова зала, 1-й поверх
вул.Леніна, 173Е, с.Липецьке, Котовський р-н, Одеська обл., 66353","504","74","490","50","384","46","430","","0","384","46","430","19","411","29","302","10","6","19","19","26","29.10.12"
"510551","137","Одеська область","школа, актова зала, 1-й поверх
вул.Леніна, 327Б, с.Липецьке, Котовський р-н, Одеська обл., 66353","1224","403","1209","120","705","116","821","","0","705","116","821","61","760","66","529","13","21","25","54","52","28.10.12"
"510552","137","Одеська область","школа №2, актова зала, 1-й поверх
вул.Леніна, 463А, с.Липецьке, Котовський р-н, Одеська обл., 66353","696","189","685","82","433","74","507","","0","433","74","507","39","468","38","321","16","8","29","34","22","29.10.12"
"510553","137","Одеська область","будинок культури, актова зала, 1-й поверх
вул.Котовського, 10А, с.Любомирка, Котовський р-н, Одеська обл., 66340","848","106","848","61","681","61","742","","0","681","61","742","9","733","87","508","7","11","27","54","39","29.10.12"
"510554","137","Одеська область","школа, актова зала, 1-й поверх
вул.Горького, 81/1, с.Мурована, Котовський р-н, Одеська обл., 66341","312","14","312","48","251","47","298","","0","251","47","298","2","296","29","201","5","1","40","16","4","28.10.12"
"510555","137","Одеська область","будинок культури, актова зала, 1-й поверх
вул.Леніна, 21, с.Мардарівка, Котовський р-н, Одеська обл., 66373","928","313","917","52","565","50","615","","0","565","50","615","8","607","42","397","20","13","45","57","33","29.10.12"
"510556","137","Одеська область","магазин, фойє, 1-й поверх
вул.Шевченка, 16, с.Перешори, Котовський р-н, Одеська обл., 66373","56","12","51","4","40","4","44","","0","40","4","44","3","41","1","35","0","1","2","2","0","28.10.12"
"510557","137","Одеська область","будинок культури, актова зала, 1-й поверх
вул.Шкільна, 36, с.Нестоїта, Котовський р-н, Одеська обл., 66332","1232","264","1211","118","851","117","968","","0","851","117","968","31","937","68","659","15","9","50","76","60","29.10.12"
"510558","137","Одеська область","будинок культури, актова зала, 1-й поверх
вул.Центральна, 46А, с.Нова Кульна, Котовський р-н, Одеська обл., 66332","120","21","112","13","86","13","99","","0","86","13","99","0","99","11","53","2","2","13","2","16","28.10.12"
"510559","137","Одеська область","будинок культури, актова зала, 1-й поверх
вул.Центральна, 37, с.Романівка, Котовський р-н, Одеська обл., 66332","96","12","93","12","72","12","84","","0","72","12","84","0","84","2","63","1","0","3","5","10","29.10.12"
"510560","137","Одеська область","будинок культури, актова зала, 1-й поверх
вул.Центральна, 34, с.Гертопи, Котовський р-н, Одеська обл., 66344","72","26","68","8","39","7","46","","0","39","7","46","0","46","1","39","0","0","2","2","2","29.10.12"
"510561","137","Одеська область","будинок культури, актова зала, 1-й поверх
вул.Чеська, 46, с.Мала Олександрівка, Котовський р-н, Одеська обл., 66302","168","62","170","18","89","17","106","","0","89","17","106","6","100","7","60","1","2","15","4","11","29.10.12"
"510562","137","Одеська область","будинок культури, актова зала, 1-й поверх
вул.Насінницька, 3А, с.Новоселівка, Котовський р-н, Одеська обл., 66360","1224","596","1205","81","569","59","628","","0","569","59","628","14","614","65","293","8","9","100","67","72","29.10.12"
"510563","137","Одеська область","будинок культури, актова зала, 1-й поверх
вул.Зелена, 30, с.Розалівка, Котовський р-н, Одеська обл., 66302","184","62","182","6","116","6","122","","0","116","6","122","0","122","15","79","2","1","6","7","12","28.10.12"
"510564","137","Одеська область","школа - садок, актова зала, 1-й поверх
вул.Польова, 3, с.Соболівка, Котовський р-н, Одеська обл., 66381","536","268","525","18","252","16","268","","0","252","16","268","15","253","28","111","10","5","57","20","22","28.10.12"
"510565","137","Одеська область","будинок культури, актова зала, 1-й поверх
вул.Томачівська, 32, с.Федорівка, Котовський р-н, Одеська обл., 66363","312","146","306","28","141","25","166","","0","141","25","166","12","154","23","85","2","1","19","7","17","28.10.12"
"510566","137","Одеська область","будинок культури, актова зала, 1-й поверх
вул.Привокзальна, 31, с-ще Чубівка, Котовський р-н, Одеська обл., 66362","432","175","421","47","215","42","257","","0","215","42","257","13","244","19","89","3","7","46","30","50","28.10.12"
"510567","137","Одеська область","будинок культури, актова зала, 1-й поверх
вул.Миру, 24, с.Глибочок, Котовський р-н, Одеська обл., 66343","368","145","361","20","203","20","223","","0","203","20","223","8","215","24","119","9","9","12","27","15","29.10.12"
"510568","137","Одеська область","ФАП, фойє, 1-й поверх
вул.Центральна, 19, с.Миколаївка, Котовський р-н, Одеська обл., 66343","64","14","71","10","40","10","50","","0","40","10","50","1","49","4","28","0","2","1","8","6","28.10.12"
"510569","137","Одеська область","школа, фойє, 1-й поверх
вул.Котовського, 3, с.Олексіївка, Котовський р-н, Одеська обл., 66342","248","38","239","11","200","10","210","","0","200","10","210","0","210","2","173","0","0","2","15","18","29.10.12"
"510570","137","Одеська область","приватний будинок гр.Ковригіної М.Є., 1-й поверх
вул.Зелена, 2, с.Гор’ївка, Котовський р-н, Одеська обл., 66302","32","9","29","0","23","0","23","","0","23","0","23","0","23","0","19","0","1","1","2","0","29.10.12"
"510571","137","Одеська область","будинок культури, актова зала, 1-й поверх
пл.Перемоги, 1, с.Мала Кіндратівка, Котовський р-н, Одеська обл., 66372","184","78","175","17","94","12","106","","0","94","12","106","3","103","7","79","1","4","1","3","8","28.10.12"
"510572","137","Одеська область","сільська рада, фойє, 1-й поверх
вул.Ради, 29, с.Петрівка, Котовський р-н, Одеська обл., 66371","168","48","157","9","111","9","120","","0","111","9","120","4","116","7","94","1","1","6","3","4","28.10.12"
"510573","137","Одеська область","будинок культури, актова зала, 1-й поверх
вул.Центральна, 56А, с.Станіславка, Котовський р-н, Одеська обл., 66333","840","176","826","62","605","59","664","","0","605","59","664","19","645","31","475","12","6","30","46","45","29.10.12"
"510574","137","Одеська область","будинок культури, актова зала, 1-й поверх
вул.Комарівська, 16А, с.Станіславка, Котовський р-н, Одеська обл., 66333","120","39","117","27","54","27","81","","0","54","27","81","4","77","5","61","0","1","2","3","5","29.10.12"
"510575","137","Одеська область","будинок культури, актова зала, 1-й поверх
вул.Станіславська, 19, с.Стара Кульна, Котовський р-н, Одеська обл., 66334","728","67","737","101","562","99","661","","0","562","99","661","18","643","19","525","11","6","33","31","18","29.10.12"
"510576","137","Одеська область","школа, спортивний зал, 1-й поверх
вул.Центральна, 39, с.Вишневе, Котовський р-н, Одеська обл., 66356","168","34","164","36","98","36","134","","0","98","36","134","2","132","18","82","1","2","8","8","13","28.10.12"
"510577","137","Одеська область","приватний будинок гр.Міщенко С.М., 1-й поверх
вул.Шевченка, 8, с.Грекове Перше, Котовський р-н, Одеська обл., 66355","64","12","63","6","46","6","52","","0","46","6","52","0","52","3","30","1","1","4","2","11","29.10.12"
"510578","137","Одеська область","ФАП, фойє, 1-й поверх
вул.Степова, 23, с.Новий Мир, Котовський р-н, Одеська обл., 66355","176","30","171","42","104","42","146","","0","104","42","146","7","139","5","109","2","1","3","5","14","28.10.12"
"510579","137","Одеська область","ТОВ ""Едем"", актова зала, 1-й поверх
вул.Лісна, 21, с.Чапаєвка, Котовський р-н, Одеська обл., 66355","224","46","219","28","150","28","178","","0","150","28","178","6","172","18","113","2","0","7","14","18","28.10.12"
"510580","137","Одеська область","навчально-виховний комплекс, фойє
вул.Комарова, 21, смт Красні Окни, Красноокнянський р-н, Одеська обл., 67900","2264","1204","2244","81","988","72","1060","","0","988","72","1060","34","1026","157","373","11","19","137","205","124","29.10.12"
"510581","137","Одеська область","районний будинок культури, фойє
вул.Горького, 12, смт Красні Окни, Красноокнянський р-н, Одеська обл., 67900","2160","1088","2141","80","1008","64","1072","","0","1008","64","1072","50","1022","156","337","15","18","173","170","153","29.10.12"
"510582","137","Одеська область","школа, фойє
школа, с.Флора, Красноокнянський р-н, Одеська обл., 67903","336","167","332","31","140","29","169","","0","140","29","169","9","160","22","104","1","3","12","12","6","28.10.12"
"510583","137","Одеська область","навчально-виховний комплекс, фойє
навчально-виховний комплекс, с.Антонівка, Красноокнянський р-н, Одеська обл., 67941","648","234","634","50","367","47","414","","0","367","47","414","22","392","30","291","9","6","24","11","21","28.10.12"
"510584","137","Одеська область","сільський клуб, актовий зал
сільський клуб, с.Володимирівка, Красноокнянський р-н, Одеська обл., 67941","152","39","151","18","97","16","113","","0","97","16","113","3","110","4","91","2","0","1","2","10","28.10.12"
"510585","137","Одеська область","сільський клуб, фойє
сільський клуб, с.Гавиноси, Красноокнянський р-н, Одеська обл., 67912","504","240","496","51","227","37","264","","0","227","37","264","19","245","33","110","7","6","9","45","35","29.10.12"
"510586","137","Одеська область","навчально-виховний комплекс, фойє
навчально-виховний комплекс, с.Гулянка, Красноокнянський р-н, Одеська обл., 67950","576","279","566","29","279","18","297","","0","279","18","297","15","282","24","123","4","5","31","37","58","29.10.12"
"510587","137","Одеська область","навчально-виховний комплекс, фойє
навчально-виховний комплекс, с.Тригради, Красноокнянський р-н, Одеська обл., 67951","200","82","197","2","116","2","118","","0","116","2","118","4","114","13","73","0","1","13","8","6","28.10.12"
"510588","137","Одеська область","сільський клуб, актовий зал
сільський клуб, с.Довжанка, Красноокнянський р-н, Одеська обл., 67930","632","248","621","46","342","42","384","","0","342","42","384","9","375","39","191","4","8","54","56","23","28.10.12"
"510589","137","Одеська область","навчально-виховний комплекс, фойє
навчально-виховний комплекс, с.Артирівка, Красноокнянський р-н, Одеська обл., 67931","224","90","218","16","121","13","134","","0","121","13","134","4","130","9","57","7","1","12","33","11","28.10.12"
"510590","137","Одеська область","навчально-виховний комплекс, фойє
навчально-виховний комплекс, с.Дубове, Красноокнянський р-н, Одеська обл., 67933","264","111","265","20","138","15","153","","0","138","15","153","7","146","4","103","2","3","13","8","13","29.10.12"
"510591","137","Одеська область","сільський клуб, фойє
сільський клуб, с.Ткаченка, Красноокнянський р-н, Одеська обл., 67934","424","201","421","14","212","11","223","","0","212","11","223","10","213","19","143","4","8","9","10","20","29.10.12"
"510592","137","Одеська область","сільський клуб, фойє
сільський клуб, с.Малаївці, Красноокнянський р-н, Одеська обл., 67932","616","246","603","40","331","39","370","","0","331","39","370","10","360","34","161","6","6","94","33","26","28.10.12"
"510593","137","Одеська область","сільський клуб, фойє
сільський клуб, с-ще Червоний Орач, Красноокнянський р-н, Одеська обл., 67900","72","22","73","7","44","6","50","","0","44","6","50","1","49","7","16","3","5","5","8","5","28.10.12"
"510594","137","Одеська область","будинок культури, фойє
будинок культури, с.Маяки, Красноокнянський р-н, Одеська обл., 67943","440","168","438","25","251","21","272","","0","251","21","272","13","259","30","140","5","5","26","24","29","29.10.12"
"510595","137","Одеська область","сільський клуб, фойє
сільський клуб, с.Новомихайлівка, Красноокнянський р-н, Одеська обл., 67943","200","90","196","6","104","6","110","","0","104","6","110","12","98","8","50","3","4","4","15","14","28.10.12"
"510596","137","Одеська область","сільський клуб, фойє
сільський клуб, с.Новосеменівка, Красноокнянський р-н, Одеська обл., 67943","200","46","194","9","145","9","154","","0","145","9","154","7","147","9","78","2","6","10","36","6","28.10.12"
"510597","137","Одеська область","сільський клуб, фойє
сільський клуб, с.Вижине, Красноокнянський р-н, Одеська обл., 67951","72","23","67","0","49","0","49","","0","49","0","49","2","47","9","26","1","1","2","6","2","28.10.12"
"510598","137","Одеська область","школа, актовий зал
школа, с.Новосамарка, Красноокнянський р-н, Одеська обл., 67942","928","431","924","72","433","64","497","","0","433","64","497","29","468","54","187","10","8","46","105","58","28.10.12"
"510599","137","Одеська область","сільський клуб, фойє
сільський клуб, с.Римарівка, Красноокнянський р-н, Одеська обл., 67952","248","63","236","9","176","9","185","","0","176","9","185","5","180","10","122","3","4","19","11","11","29.10.12"
"510600","137","Одеська область","сільський клуб, актовий зал
сільський клуб, с.Нестерове, Красноокнянський р-н, Одеська обл., 67952","168","60","165","8","102","6","108","","0","102","6","108","7","101","7","63","1","6","8","11","5","28.10.12"
"510601","137","Одеська область","сільський клуб, фойє
сільський клуб, с.Садове, Красноокнянський р-н, Одеська обл., 67952","88","24","81","3","61","3","64","","0","61","3","64","4","60","3","36","0","2","12","6","1","28.10.12"
"510602","137","Одеська область","будинок культури, фойє
будинок культури, с.Ставрове, Красноокнянський р-н, Одеська обл., 67940","960","372","960","100","497","91","588","","0","497","91","588","23","565","67","278","6","13","65","74","62","28.10.12"
"510603","137","Одеська область","сільський клуб, фойє
сільський клуб, с.Топали, Красноокнянський р-н, Одеська обл., 67910","856","346","850","81","443","67","510","","0","443","67","510","35","475","77","168","18","19","74","52","67","29.10.12"
"510604","137","Одеська область","сільська рада, фойє
сільська рада, с.Федосіївка, Красноокнянський р-н, Одеська обл., 67920","288","125","276","28","140","23","163","","0","140","23","163","12","151","6","96","5","4","11","15","14","28.10.12"
"510605","137","Одеська область","сільський клуб, фойє
сільський клуб, с.Новокрасне, Красноокнянський р-н, Одеська обл., 67920","232","106","226","12","119","7","126","","0","119","7","126","11","115","5","33","3","4","39","17","14","29.10.12"
"510606","137","Одеська область","сільський клуб, фойє
сільський клуб, с.Цеханівка, Красноокнянський р-н, Одеська обл., 67922","168","73","164","9","88","7","95","","0","88","7","95","5","90","12","51","2","2","0","9","14","29.10.12"
"510607","137","Одеська область","сільський клуб, фойє
сільський клуб, с.Горячівка, Красноокнянський р-н, Одеська обл., 67922","96","50","90","2","44","2","46","","0","44","2","46","4","42","2","18","0","0","6","8","8","28.10.12"
"510608","137","Одеська область","сільський клуб, актовий зал
сільський клуб, с.Степанівка, Красноокнянський р-н, Одеська обл., 67934","280","118","274","13","149","13","162","","0","149","13","162","5","157","24","80","5","1","15","15","17","28.10.12"
"510609","137","Одеська область","будинок культури, фойє
будинок культури, с.Чорна, Красноокнянський р-н, Одеська обл., 67911","1376","673","1373","101","615","88","703","","0","615","88","703","25","678","92","209","16","22","98","125","116","29.10.12"
"510610","137","Одеська область","сільський клуб, актовий зал
сільський клуб, с.Дігори, Красноокнянський р-н, Одеська обл., 67911","96","27","95","12","57","12","69","","0","57","12","69","6","63","6","9","2","5","1","11","29","28.10.12"
"510762","137","Одеська область","будинок культури, зал
вул.Шевченка, 18, с.Байбузівка, Савранський р-н, Одеська обл., 66214","696","269","690","67","370","57","427","","0","370","57","427","7","420","9","171","7","7","16","15","195","29.10.12"
"510763","137","Одеська область","навчально-виховний комплекс, фойє
вул.Леніна, 23, с.Бакша, Савранський р-н, Одеська обл., 66230","656","272","647","48","339","45","384","","0","339","45","384","20","364","55","146","10","14","39","30","70","28.10.12"
"510764","137","Одеська область","будинок культури, зал
вул.Леніна, 132, с.Вільшанка, Савранський р-н, Одеська обл., 66221","712","262","707","40","411","39","450","","0","410","39","449","9","440","28","236","20","5","37","38","76","01.11.12"
"510765","137","Одеська область","початкова школа, фойє
початкова школа, с.Гетьманівка, Савранський р-н, Одеська обл., 66205","224","72","225","15","137","15","152","","0","137","15","152","5","147","10","53","10","4","33","15","22","28.10.12"
"510766","137","Одеська область","сільський клуб, зал
сільський клуб, с.Глибочок, Савранський р-н, Одеська обл., 66224","200","77","199","9","116","7","123","","0","116","7","123","4","119","9","61","19","1","10","7","12","28.10.12"
"510767","137","Одеська область","школа, фойє
вул.Покотило І.Г. Героя Радянського Союзу, 27, с.Дубинове, Савранський р-н, Одеська обл., 66220","872","335","877","53","489","48","537","","0","489","48","537","18","519","30","142","19","2","70","34","222","29.10.12"
"510768","137","Одеська область","сільський клуб, зал
пров.Громовий, 11, с.Йосипівка, Савранський р-н, Одеська обл., 66231","408","184","400","31","197","27","224","","0","197","27","224","11","213","20","51","18","5","51","18","50","28.10.12"
"510769","137","Одеська область","будинок культури, зал
вул.Леніна, 64, с.Кам’яне, Савранський р-н, Одеська обл., 66210","904","291","896","85","542","71","613","","0","542","71","613","18","595","31","172","9","9","168","30","176","29.10.12"
"510770","137","Одеська область","навчально-виховний комплекс, фойє
навчально-виховний комплекс, с.Капустянка, Савранський р-н, Одеська обл., 66233","384","176","381","18","194","14","208","","0","194","14","208","6","202","19","124","12","2","14","19","12","28.10.12"
"510771","137","Одеська область","ТОВ ""Відродження"", фойє
вул.Калініна, 100, с.Концеба, Савранський р-н, Одеська обл., 66211","800","305","795","86","419","76","495","","0","419","76","495","12","483","38","151","13","13","58","74","136","28.10.12"
"510772","137","Одеська область","сільський клуб, зал
вул.Леніна, 143А, с.Концеба, Савранський р-н, Одеська обл., 66211","688","264","691","95","336","88","424","","0","336","88","424","13","411","37","173","13","8","21","76","83","28.10.12"
"510773","137","Одеська область","школа, фойє
вул.Зарічна, 3, с.Неділкове, Савранський р-н, Одеська обл., 66232","464","174","456","61","235","55","290","","0","235","55","290","8","282","22","108","5","4","50","48","45","29.10.12"
"510774","137","Одеська область","будинок культури, зал
вул.13 років Жовтня, 23, с.Осички, Савранський р-н, Одеська обл., 66215","1736","898","1718","64","788","50","838","","0","788","50","838","24","814","117","322","18","17","77","62","201","29.10.12"
"510775","137","Одеська область","будинок культури, зал
вул.Леніна, 104, с.Полянецьке, Савранський р-н, Одеська обл., 66223","984","353","969","83","554","77","631","","0","554","77","631","26","605","179","214","23","10","15","43","121","28.10.12"
"510776","137","Одеська область","ДЮСШ ""Олімп"", спортивний зал
вул.Калініна, 7, смт Саврань, Савранський р-н, Одеська обл., 66200","1824","900","1803","38","890","34","924","","0","890","34","924","35","889","122","307","35","14","114","68","229","30.10.12"
"510777","137","Одеська область","будинок культури, зал
вул.Леніна, 32, смт Саврань, Савранський р-н, Одеська обл., 66200","1936","821","1936","45","1073","42","1115","","0","1073","42","1115","31","1084","151","462","42","18","91","85","235","29.10.12"
"510778","137","Одеська область","автошкола, фойє
вул.Калініна, 91, смт Саврань, Савранський р-н, Одеська обл., 66200","936","437","937","21","479","20","499","","0","479","20","499","26","473","81","208","14","17","39","35","79","28.10.12"
"510779","137","Одеська область","початкова школа, фойє
вул.Жовтневої революції, 48, смт Саврань, Савранський р-н, Одеська обл., 66200","744","342","720","16","393","9","402","","0","393","9","402","25","377","54","174","8","7","30","27","77","29.10.12"
"510780","137","Одеська область","школа, фойє
вул.Перемоги, 15, с.Слюсареве, Савранський р-н, Одеська обл., 66222","304","56","306","21","228","20","248","","0","228","20","248","14","234","21","109","13","5","29","12","45","29.10.12"
"511042","137","Одеська область","міський будинок культури, фойє
вул.Бочковича, 1, м.Котовськ, Одеська обл., 66300","1432","664","1400","31","739","29","768","","0","739","29","768","34","734","121","311","12","11","47","167","65","29.10.12"
"511043","137","Одеська область","КО ""Компанія Горсвет"", актова зала
вул.Ломоносова, 2, м.Котовськ, Одеська обл., 66300","2344","1248","2314","41","1057","39","1096","","0","1057","39","1096","40","1056","243","454","17","16","80","124","122","29.10.12"
"511044","137","Одеська область","гуртожиток медичного училища, актова зала
пр-т.Перемоги, 8, м.Котовськ, Одеська обл., 66300","2088","1017","2065","26","1048","23","1071","","0","1048","23","1071","61","1010","168","501","19","17","85","134","86","29.10.12"
"511045","137","Одеська область","школа №9, спортивна зала
пр-т.Перемоги, 9, м.Котовськ, Одеська обл., 66300","2208","1101","2186","56","1056","51","1107","","0","1056","51","1107","48","1059","231","441","26","22","84","129","126","29.10.12"
"511046","137","Одеська область","ВАТ ""Пасавтотранссервіс"", актова зала
вул.50 років Жовтня, 192, м.Котовськ, Одеська обл., 66300","1872","942","1856","99","832","98","930","","0","832","98","930","33","897","145","428","8","15","101","127","73","29.10.12"
"511047","137","Одеська область","школа №5, к.1
пров.Ст.Борисова, 2, м.Котовськ, Одеська обл., 66300","1384","807","1364","33","551","26","577","","0","551","26","577","25","552","67","260","15","11","61","93","45","30.10.12"
"511048","137","Одеська область","школа №1, актова зала
вул.Леніна, 4, м.Котовськ, Одеська обл., 66300","1112","541","1105","53","521","50","571","","0","521","50","571","23","548","67","288","10","12","60","64","47","29.10.12"
"511049","137","Одеська область","центр дитячої творчості, танцювальна зала
вул.Клари Цеткін, 2, м.Котовськ, Одеська обл., 66300","2032","1104","2011","40","892","36","928","","0","892","36","928","50","878","143","421","15","20","92","79","108","29.10.12"
"511050","137","Одеська область","школа №3, спортивна зала
вул.Луначарського, 63, м.Котовськ, Одеська обл., 66300","2496","1443","2478","54","1014","39","1053","","0","1014","39","1053","48","1005","189","491","22","18","62","108","115","29.10.12"
"511051","137","Одеська область","гімназія, спортивна зала
пр-т.Котовського, 39, м.Котовськ, Одеська обл., 66300","2472","1378","2437","53","1043","51","1094","","0","1043","51","1094","41","1053","167","494","17","14","71","153","137","28.10.12"
"511052","137","Одеська область","технічний ліцей, їдальня
вул.Короленка, 1, м.Котовськ, Одеська обл., 66300","1896","1113","1877","61","730","53","783","","0","730","53","783","41","742","132","339","10","15","56","108","82","29.10.12"
"511053","137","Одеська область","управління у справах сім’ї та молоді міської ради, актова зала
бульв.Заслонова, 6, м.Котовськ, Одеська обл., 66300","2416","1469","2352","49","901","46","947","","0","901","46","947","44","903","155","407","15","19","68","140","99","29.10.12"
"511054","137","Одеська область","школа №6, спортивна зала
бульв.Заслонова, 48, м.Котовськ, Одеська обл., 66300","1768","993","1757","38","740","35","775","","0","740","35","775","30","745","113","393","15","15","47","94","68","30.10.12"
"511055","137","Одеська область","вагонне депо, клуб
вул.Комсомольська, 123, м.Котовськ, Одеська обл., 66300","1744","1061","1720","76","615","68","683","","0","615","68","683","683","0","0","0","0","0","0","0","0","07.11.12"
"511056","137","Одеська область","Котовська технічна школа ТСОУ, фойє
вул.Комсомольська, 176А, м.Котовськ, Одеська обл., 66300","1960","1020","1944","101","849","91","940","","0","849","91","940","49","891","122","394","14","16","128","140","77","29.10.12"
"511057","137","Одеська область","Столова ПП ""Кушка""
вул.Самборського, 553, м.Котовськ, Одеська обл., 66300","2504","1224","2466","57","1230","50","1280","","0","1230","50","1280","41","1239","170","666","12","19","86","158","128","29.10.12"
"511058","137","Одеська область","Котовська міська лікарня, вестибюль
пр-т.Перемоги, 23, м.Котовськ, Одеська обл., 66300","56","18","38","30","8","30","38","","0","8","30","38","1","37","4","24","1","0","1","3","4","29.10.12"
"511059","137","Одеська область","Відділкова лікарня ст.Котовськ, конференційна зала
вул.Ткаченка, 76, м.Котовськ, Одеська обл., 66300","56","25","34","15","18","13","31","","0","18","13","31","0","31","2","14","3","0","1","6","5","29.10.12"
