"№ ВД","OBO","Назва регіону України","Місцезнаходження та адреса приміщення для голосування","1) К-сть одержаних бюлетенів","2) К-сть невикористаних бюлетенів","3) К-сть виборців, внесених до списку виборців","4) К-сть виборців, внесених до витягу зі списку виборців","5) К-сть виборців, які отримали бюлетені у приміщенні","6) К-сть виборців, які отримали за місцем перебування","7) Сумарна к-сть виборців, які отримали бюлетені","8) К-сть бюлетенів, що виявилися у кожній скринці","9) К-сть бюлетенів, що не підлягають врахуванню","10) К-сть виборців, які взяли участь у голос. у приміщенні для гол.","11) К-сть виборців, які взяли участь у голос. за місцем перебування","12) К-сть виборців, які взяли участь у голосуванні на виборчій дільниці","13) К-сть бюлетенів, визнаних недійсними","14) Сумарна к-сть голосів виборців ЗА","Волинець
Сергій
Володимирович","Корзун
Леонід
Васильович","Литвин
Володимир
Михайлович","Махінов
Михайло
Костянтинович","Пелешок
Алла
Анатоліївна","Стасюк
Вячеслав
Іванович","Француз
Віталій
Йосипович","Дата підписання протоколу"
"180048","65","Житомирська область","професійний ліцей, спортивна зала
вул.Дзержинського, 77, м.Баранівка, Баранівський р-н, Житомирська обл., 12701","2128","868","2099","60","1203","57","1260","","0","1203","57","1260","34","1226","67","33","581","45","5","30","465","29.10.12"
"180049","65","Житомирська область","школа №2, спортивна зала
вул.Дзержинського, 11, м.Баранівка, Баранівський р-н, Житомирська обл., 12701","2072","870","2020","58","1151","51","1202","","0","1151","51","1202","32","1170","65","39","498","57","12","44","455","29.10.12"
"180050","65","Житомирська область","будинок культури, танцювальна зала
вул.Леніна, 22, м.Баранівка, Баранівський р-н, Житомирська обл., 12701","1952","826","1928","77","1067","59","1126","","0","1067","59","1126","28","1098","52","39","518","36","9","66","378","29.10.12"
"180051","65","Житомирська область","гімназія, фойє
вул.Леніна, 32, м.Баранівка, Баранівський р-н, Житомирська обл., 12701","2376","936","2334","74","1387","53","1440","","0","1387","53","1440","35","1405","69","31","718","69","11","34","473","29.10.12"
"180052","65","Житомирська область","Держлісмисгосп, актова зала
вул.50-річчя Жовтня, 3, м.Баранівка, Баранівський р-н, Житомирська обл., 12702","1152","426","1150","41","690","36","726","","0","690","36","726","34","692","29","21","425","23","7","12","175","29.10.12"
"180053","65","Житомирська область","будинок культури, фойє
вул.Іванівська, 1, смт Довбиш, Баранівський р-н, Житомирська обл., 12724","1952","961","1913","69","925","66","991","","0","925","66","991","28","963","34","67","591","42","8","24","197","29.10.12"
"180054","65","Житомирська область","школа, фойє
вул.Шкільна, 1, смт Довбиш, Баранівський р-н, Житомирська обл., 12724","1768","758","1733","68","947","63","1010","","0","947","63","1010","20","990","21","53","654","35","11","17","199","29.10.12"
"180055","65","Житомирська область","клуб, танцювальна зала
вул.Довбиська, 38, с.Наталія, Баранівський р-н, Житомирська обл., 12724","352","127","354","13","212","13","225","","0","212","13","225","3","222","9","13","161","6","2","3","28","28.10.12"
"180056","65","Житомирська область","будинок культури, глядацька зала
вул.Кірова, 13, смт Кам’яний Брід, Баранівський р-н, Житомирська обл., 12720","1960","824","1929","88","1054","82","1136","","0","1054","82","1136","23","1113","29","22","852","29","2","4","175","29.10.12"
"180057","65","Житомирська область","клуб, глядацька зала
вул.Ювілейна, 26, с.Дібрівка, Баранівський р-н, Житомирська обл., 12721","128","39","131","7","82","7","89","","0","82","7","89","0","89","2","2","73","0","2","2","8","29.10.12"
"180058","65","Житомирська область","клуб, глядацька зала
вул.Ювілейна, 12, с.Тартак, Баранівський р-н, Житомирська обл., 12720","192","85","186","12","96","11","107","","0","96","11","107","1","106","2","0","98","1","0","2","3","28.10.12"
"180059","65","Житомирська область","сільська рада, зала засідань
вул.Дзержинського, 16, смт Мар’янівка, Баранівський р-н, Житомирська обл., 12725","1128","356","1111","67","711","61","772","","0","711","61","772","19","753","55","11","491","38","2","24","132","29.10.12"
"180060","65","Житомирська область","будинок культури, фойє
вул.Комсомольська, 14, смт Першотравенськ, Баранівський р-н, Житомирська обл., 12746","1384","630","1354","49","708","46","754","","0","708","46","754","23","731","56","27","290","40","7","16","295","29.10.12"
"180061","65","Житомирська область","школа, актова зала
вул.Піонерська, 16, смт Першотравенськ, Баранівський р-н, Житомирська обл., 12746","1400","650","1384","27","729","21","750","","0","729","21","750","19","731","36","30","302","37","8","43","275","29.10.12"
"180062","65","Житомирська область","будинок культури, кінозала
вул.Калініна, 1, смт Полянка, Баранівський р-н, Житомирська обл., 12742","1288","486","1269","56","752","50","802","","0","752","50","802","32","770","34","25","442","29","9","16","215","29.10.12"
"180063","65","Житомирська область","клуб, глядацька зала
вул.Шаруківська, 1, с.Берестівка, Баранівський р-н, Житомирська обл., 12734","376","103","367","33","241","32","273","","0","241","32","273","4","269","6","4","191","6","2","7","53","29.10.12"
"180064","65","Житомирська область","будинок культури, глядацька зала
вул.Центральна, 3, с.Мирославль, Баранівський р-н, Житомирська обл., 12735","352","76","355","24","253","23","276","","0","253","23","276","6","270","3","4","220","3","5","0","35","29.10.12"
"180065","65","Житомирська область","клуб, актова зала
вул.Центральна, 39, с.Вірля, Баранівський р-н, Житомирська обл., 12730","576","112","556","27","438","26","464","","0","438","26","464","6","458","16","9","312","10","2","1","108","29.10.12"
"180066","65","Житомирська область","будинок культури, танцювальна зала
вул.Центральна, 28, с.Климентіївка, Баранівський р-н, Житомирська обл., 12731","472","133","455","32","311","28","339","","0","311","28","339","18","321","7","7","216","7","2","6","76","29.10.12"
"180067","65","Житомирська область","школа, фойє
вул.Левченка, 141, с.Дубрівка, Баранівський р-н, Житомирська обл., 12736","1768","640","1740","48","1081","47","1128","","0","1081","47","1128","27","1101","19","25","794","31","7","8","217","28.10.12"
"180068","65","Житомирська область","завод ""П’ятирічанка"", зала засідань
вул.Кар’єрна, 33, с.П’ятирічка, Баранівський р-н, Житомирська обл., 12736","136","39","132","6","91","6","97","","0","91","6","97","3","94","5","8","49","5","1","6","20","29.10.12"
"180069","65","Житомирська область","клуб, глядацька зала
вул.Колгоспна, 57, с.Зірка, Баранівський р-н, Житомирська обл., 12736","80","13","80","6","61","6","67","","0","61","6","67","5","62","1","3","51","0","0","2","5","29.10.12"
"180070","65","Житомирська область","клуб, глядацька зала
вул.Центральна, 36, с.Красуля, Баранівський р-н, Житомирська обл., 12736","56","15","54","5","36","5","41","","0","36","5","41","0","41","0","2","31","1","0","1","6","29.10.12"
"180071","65","Житомирська область","сільська рада, зала засідань
вул.Баранівська, 3, с.Жари, Баранівський р-н, Житомирська обл., 12740","248","47","250","23","178","23","201","","0","178","23","201","2","199","4","8","111","5","5","10","56","29.10.12"
"180072","65","Житомирська область","клуб, танцювальна зала
вул.Вишнівецька, 3, с.Зеремля, Баранівський р-н, Житомирська обл., 12732","464","134","448","41","292","38","330","","0","292","38","330","9","321","5","4","222","24","2","12","52","29.10.12"
"180073","65","Житомирська область","клуб, танцювальна зала
вул.Баранівська, 16, с.Середня, Баранівський р-н, Житомирська обл., 12733","80","19","80","10","52","9","61","","0","52","9","61","1","60","1","0","28","2","1","3","25","29.10.12"
"180074","65","Житомирська область","клуб, танцювальна зала
вул.Щукіна, 19, с.Йосипівка, Баранівський р-н, Житомирська обл., 12737","240","72","232","14","154","14","168","","0","154","14","168","4","164","2","7","99","6","1","10","39","29.10.12"
"180075","65","Житомирська область","клуб, танцювальна зала
вул.Садова, 2, с.Табори, Баранівський р-н, Житомирська обл., 12705","320","98","314","21","202","20","222","","0","202","20","222","2","220","8","8","119","7","2","7","69","29.10.12"
"180076","65","Житомирська область","клуб, глядацька зала
вул.Жовтневої революції, 32, с.Кашперівка, Баранівський р-н, Житомирська обл., 12741","680","223","660","50","414","43","457","","0","414","43","457","15","442","13","9","298","17","4","7","94","29.10.12"
"180077","65","Житомирська область","клуб, фойє
вул.Пушкіна, 2, с.Гриньки, Баранівський р-н, Житомирська обл., 12741","208","60","206","12","138","10","148","","0","138","10","148","4","144","3","4","112","2","0","4","19","29.10.12"
"180078","65","Житомирська область","клуб, фойє
вул.Лесі Українки, 1, с.Озерянка, Баранівський р-н, Житомирська обл., 12741","112","21","108","9","82","9","91","","0","82","9","91","3","88","3","2","61","4","0","1","17","29.10.12"
"180079","65","Житомирська область","будинок культури, фойє
вул.Першотравнева, 35, с.Марківка, Баранівський р-н, Житомирська обл., 12743","312","91","302","15","208","13","221","","0","208","13","221","3","218","12","3","151","6","2","4","40","29.10.12"
"180080","65","Житомирська область","школа, кабінет директора
вул.Леніна, 18А, с.Глибочок, Баранівський р-н, Житомирська обл., 12745","720","280","704","25","418","22","440","","0","418","22","440","14","426","30","12","244","25","7","15","93","29.10.12"
"180081","65","Житомирська область","клуб, фойє
вул.Садова, 2, с.Стара Гута, Баранівський р-н, Житомирська обл., 12744","488","168","483","12","308","12","320","","0","308","12","320","17","303","10","5","184","14","4","3","83","29.10.12"
"180082","65","Житомирська область","сільська рада, зала засідань
вул.Щорса, 1, с.Мокре, Баранівський р-н, Житомирська обл., 12710","296","61","289","18","217","18","235","","0","217","18","235","5","230","3","3","184","7","0","10","23","28.10.12"
"180083","65","Житомирська область","клуб, глядацька зала
вул.Малинова, 19, с.Забара, Баранівський р-н, Житомирська обл., 12710","96","15","92","2","79","2","81","","0","79","2","81","1","80","0","2","70","3","0","0","5","28.10.12"
"180084","65","Житомирська область","контора колгоспу, кабінет бухгалтерії
вул.Щорса, 18, с.Закриниччя, Баранівський р-н, Житомирська обл., 12711","184","42","176","18","124","18","142","","0","124","18","142","4","138","3","6","106","3","0","1","19","29.10.12"
"180085","65","Житомирська область","клуб, глядацька зала
вул.Лесі Українки, 3, с.Вересна, Баранівський р-н, Житомирська обл., 12710","128","41","124","10","78","9","87","","0","78","9","87","1","86","0","1","64","2","0","10","9","29.10.12"
"180086","65","Житомирська область","сільська рада, зала засідань
вул.Шевченка, 1, с.Радулин, Баранівський р-н, Житомирська обл., 12716","280","62","271","30","191","27","218","","0","191","27","218","7","211","4","6","158","7","1","1","34","29.10.12"
"180087","65","Житомирська область","сільський клуб, глядацька зала
вул.Шевченка, 42, с.Зелений Гай, Баранівський р-н, Житомирська обл., 12716","104","33","103","18","55","16","71","","0","55","16","71","1","70","6","3","42","2","0","0","17","28.10.12"
"180088","65","Житомирська область","будинок культури, танцювальна зала
вул.Новоград-Волинська, 88А, с.Рогачів, Баранівський р-н, Житомирська обл., 12722","632","268","622","32","334","30","364","","0","334","30","364","5","359","16","13","242","15","2","10","61","28.10.12"
"180089","65","Житомирська область","школа, спортивна зала
вул.Центральна, 81, с.Острожок, Баранівський р-н, Житомирська обл., 12723","480","195","467","35","253","32","285","","0","253","32","285","11","274","8","11","155","7","1","11","81","29.10.12"
"180090","65","Житомирська область","будинок культури, фойє
вул.Леніна, 51, с.Смолдирів, Баранівський р-н, Житомирська обл., 12714","552","155","533","56","342","55","397","","0","342","55","397","8","389","8","7","281","13","1","2","77","29.10.12"
"180091","65","Житомирська область","клуб, фойє
вул.Гагаріна, 38, с.Іванівка, Баранівський р-н, Житомирська обл., 12714","104","32","96","7","66","6","72","","0","66","6","72","1","71","3","2","39","1","0","1","25","29.10.12"
"180092","65","Житомирська область","клуб, фойє
вул.Комсомольська, 3, с.Червонопрапорне, Баранівський р-н, Житомирська обл., 12715","136","32","137","14","91","13","104","","0","91","13","104","2","102","2","4","62","9","0","0","25","29.10.12"
"180093","65","Житомирська область","школа, фойє
вул.Леніна, 60, с.Суємці, Баранівський р-н, Житомирська обл., 12717","592","168","512","59","373","51","424","","0","373","51","424","4","420","5","5","286","12","1","14","97","29.10.12"
"180094","65","Житомирська область","клуб, кінозала
вул.Гончарука, 5, с.Володимирівка, Баранівський р-н, Житомирська обл., 12717","56","14","63","0","42","0","42","","0","42","0","42","2","40","2","3","29","0","0","0","6","28.10.12"
"180095","65","Житомирська область","будинок культури, танцювальна зала
вул.1 Травня, 2, с.Хижівка, Баранівський р-н, Житомирська обл., 12712","336","77","331","19","241","18","259","","0","241","18","259","3","256","5","4","177","11","3","9","47","29.10.12"
"180096","65","Житомирська область","клуб, кінозала
вул.Леваневського, 1, с.Стовпи, Баранівський р-н, Житомирська обл., 12713","88","18","85","8","62","8","70","","0","62","8","70","1","69","2","3","58","3","0","0","3","29.10.12"
"180097","65","Житомирська область","клуб, глядацька зала
вул.Баранівська, 25, с.Лісове, Баранівський р-н, Житомирська обл., 12727","136","36","133","6","94","6","100","","0","94","6","100","1","99","2","0","93","0","0","0","4","29.10.12"
"180098","65","Житомирська область","сільська рада, зала урочистих подій
вул.Першотравнева, 29, с.Ялишів, Баранівський р-н, Житомирська обл., 12726","96","26","93","6","64","6","70","","0","64","6","70","0","70","2","0","54","1","0","3","10","28.10.12"
"180099","65","Житомирська область","клуб, глядацька зала
вул.Світанкова, 15, с.Явне, Баранівський р-н, Житомирська обл., 12726","168","57","154","10","102","9","111","","0","102","9","111","1","110","5","7","82","1","1","1","13","29.10.12"
"180100","65","Житомирська область","районна лікарня, дитяче відділення, фойє
вул.Дзержинського, 66, м.Баранівка, Баранівський р-н, Житомирська обл., 12701","176","86","92","14","76","14","90","","0","76","14","90","4","86","0","1","78","0","1","1","5","29.10.12"
"180101","65","Житомирська область","лікарня, ординаторська
вул.1Травня, 90, смт Довбиш, Баранівський р-н, Житомирська обл., 12724","32","17","15","0","15","0","15","","0","15","0","15","0","15","0","0","11","0","0","1","3","28.10.12"
"180226","65","Житомирська область","сільська рада, обрядова зала
вул.Леніна, 10, с.Андрієвичі, Ємільчинський р-н, Житомирська обл., 11254","496","208","488","53","245","43","288","","0","245","43","288","10","278","12","13","147","5","1","0","100","28.10.12"
"180227","65","Житомирська область","школа, фойє
вул.Леніна, 14, с.Бараші, Ємільчинський р-н, Житомирська обл., 11255","1352","609","1323","61","691","52","743","","0","691","52","743","20","723","22","78","439","12","5","9","158","29.10.12"
"180228","65","Житомирська область","сільська рада, кабінет дільничного інспектора міліції
вул.Центральна, 7, с.Березівка, Ємільчинський р-н, Житомирська обл., 11255","328","97","329","186","77","154","231","","0","77","154","231","6","225","4","3","132","2","1","2","81","29.10.12"
"180229","65","Житомирська область","сільська рада, обрядова зала
вул.Городницька, 2.1, с.Березники, Ємільчинський р-н, Житомирська обл., 11233","448","141","435","37","271","36","307","","0","271","36","307","16","291","3","16","239","4","0","4","25","29.10.12"
"180230","65","Житомирська область","сільська рада, депутатська кімната 2
вул.Центральна, 47, с.Бобриця, Ємільчинський р-н, Житомирська обл., 11260","264","101","256","16","149","14","163","","0","149","14","163","4","159","10","6","101","4","0","1","37","28.10.12"
"180231","65","Житомирська область","сільська рада, обрядова зала
вул.Молодіжна, 21, с.Будо-Бобриця, Ємільчинський р-н, Житомирська обл., 11264","272","96","267","36","144","32","176","","0","144","32","176","1","175","10","7","111","4","2","0","41","29.10.12"
"180232","65","Житомирська область","сільська рада, зала засідань
вул.Центральна, 44, с.Варварівка, Ємільчинський р-н, Житомирська обл., 11245","384","150","376","23","212","22","234","","0","212","22","234","3","231","4","6","156","7","2","0","56","29.10.12"
"180233","65","Житомирська область","фельдшерсько-акушерський пункт, маніпуляційний кабінет
вул.Хмельова, 21, с.Катеринівка, Ємільчинський р-н, Житомирська обл., 11245","120","48","111","17","56","16","72","","0","56","16","72","3","69","4","2","31","10","0","1","21","29.10.12"
"180234","65","Житомирська область","клуб, каб.1
вул.Шкільна, 2, с.Радичі, Ємільчинський р-н, Житомирська обл., 11245","192","66","187","27","101","25","126","","0","101","25","126","5","121","4","9","56","8","2","1","41","29.10.12"
"180235","65","Житомирська область","сільська рада, обрядова зала
вул.Центральна, 40А, с.Велика Глумча, Ємільчинський р-н, Житомирська обл., 11222","392","126","389","60","210","56","266","","0","210","56","266","9","257","11","13","178","5","4","1","45","29.10.12"
"180236","65","Житомирська область","сільська рада, зала засідань
вул.Шевченка, 6А, с.Велика Цвіля, Ємільчинський р-н, Житомирська обл., 11235","584","234","578","40","310","40","350","","0","310","40","350","8","342","17","14","181","15","2","1","112","29.10.12"
"180237","65","Житомирська область","фельдшерський пункт, кабінет огляду пацієнтів
вул.Лісова, 10А, с.Осова, Ємільчинський р-н, Житомирська обл., 11235","104","42","101","0","62","0","62","","0","62","0","62","3","59","0","4","24","4","1","1","25","29.10.12"
"180238","65","Житомирська область","адмінбудинок, каб.1
вул.Л.Українки, 12А, с.Болярка, Ємільчинський р-н, Житомирська обл., 11235","96","23","95","8","65","8","73","","0","65","8","73","2","71","2","2","34","0","0","0","33","28.10.12"
"180239","65","Житомирська область","школа, фойє
вул.Центральна, 52, с.Великий Яблунець, Ємільчинський р-н, Житомирська обл., 11241","408","136","401","31","242","30","272","","0","242","30","272","11","261","9","11","154","6","4","2","75","29.10.12"
"180240","65","Житомирська область","фельдшерський пункт, кабінет огляду пацієнтів
вул.Ополонівська, 40, с.Малий Яблунець, Ємільчинський р-н, Житомирська обл., 11241","128","43","120","7","79","6","85","","0","79","6","85","2","83","3","3","53","3","0","0","21","28.10.12"
"180241","65","Житомирська область","школа, фойє
вул.Шкільна, 1, с.Непізнаничі, Ємільчинський р-н, Житомирська обл., 11242","200","58","193","13","130","12","142","","0","130","12","142","2","140","6","12","68","2","2","2","48","29.10.12"
"180242","65","Житомирська область","фельдшерський пункт, кабінет огляду пацієнтів
вул.Барашівська, 12, с.Вірівка, Ємільчинський р-н, Житомирська обл., 11242","96","23","88","13","60","13","73","","0","60","13","73","0","73","0","7","39","3","1","0","23","28.10.12"
"180243","65","Житомирська область","сільська рада, каб.2
вул.Центральна, 25, с.Ганнопіль, Ємільчинський р-н, Житомирська обл., 11265","208","71","198","7","130","7","137","","0","130","7","137","2","135","3","5","93","4","2","0","28","29.10.12"
"180244","65","Житомирська область","будинок культури, фойє
вул.Леніна, 27, смт Ємільчине, Ємільчинський р-н, Житомирська обл., 11200","2120","942","2064","24","1163","15","1178","","0","1163","15","1178","20","1158","60","59","650","67","10","32","280","29.10.12"
"180245","65","Житомирська область","Рембудсервіс, зала засідань
вул.Жовтня, 37, смт Ємільчине, Ємільчинський р-н, Житомирська обл., 11200","1408","652","1390","18","739","17","756","","0","739","17","756","16","740","31","47","417","31","10","9","195","29.10.12"
"180246","65","Житомирська область","школа №1, корпус 2, фойє
вул.Шевченка, 4, смт Ємільчине, Ємільчинський р-н, Житомирська обл., 11200","1952","931","1913","57","970","51","1021","","0","970","51","1021","25","996","48","68","569","34","7","7","263","29.10.12"
"180247","65","Житомирська область","клуб, танцювальна зала
вул.Жовтня, 240, с.Руденька, Ємільчинський р-н, Житомирська обл., 11200","552","230","539","23","302","20","322","","0","302","20","322","9","313","7","24","210","8","2","1","61","29.10.12"
"180248","65","Житомирська область","будинок культури, танцювальна зала
вул.Л.Українки, 48, с.Горбове, Ємільчинський р-н, Житомирська обл., 11201","344","94","341","15","235","15","250","","0","235","15","250","6","244","5","5","158","4","2","0","70","28.10.12"
"180249","65","Житомирська область","підприємство ""Зірка"", каб.1
вул.Л.Українки, 36А, с.Здоровець, Ємільчинський р-н, Житомирська обл., 11200","96","26","87","4","66","4","70","","0","66","4","70","1","69","3","0","35","1","0","0","30","29.10.12"
"180250","65","Житомирська область","сільська рада, зала засідань
вул.Петровського, 19А, с.Зелениця, Ємільчинський р-н, Житомирська обл., 11251","248","94","239","24","131","23","154","","0","131","23","154","11","143","3","7","77","13","2","2","39","29.10.12"
"180251","65","Житомирська область","школа, каб.1
вул.Житомирська, 42, с.Киянка, Ємільчинський р-н, Житомирська обл., 11256","360","116","362","27","217","27","244","","0","217","27","244","9","235","9","27","138","8","2","1","50","29.10.12"
"180252","65","Житомирська область","клуб, глядацька зала
вул.Шкільна, 3, с.Кочичине, Ємільчинський р-н, Житомирська обл., 11220","232","63","228","20","150","19","169","","0","150","19","169","2","167","5","8","135","1","0","0","18","28.10.12"
"180253","65","Житомирська область","сільська рада, депутатська кімната
вул.Б.Хмельницького, 28, с.Кривотин, Ємільчинський р-н, Житомирська обл., 11213","304","121","299","12","171","12","183","","0","171","12","183","2","181","5","14","99","9","2","0","52","28.10.12"
"180254","65","Житомирська область","сільська рада, обрядова зала
вул.Шевченка, 25, с.Куліші, Ємільчинський р-н, Житомирська обл., 11243","720","314","708","38","368","38","406","","0","368","38","406","7","399","12","7","279","14","0","8","79","29.10.12"
"180255","65","Житомирська область","школа, каб.2
вул.Центральна, 47, с.Нараївка, Ємільчинський р-н, Житомирська обл., 11243","248","71","240","33","145","32","177","","0","145","32","177","7","170","3","15","100","5","1","1","45","28.10.12"
"180256","65","Житомирська область","школа, фойє
вул.Корольова, 32, с.Хутір-Мокляки, Ємільчинський р-н, Житомирська обл., 11243","312","103","305","16","194","15","209","","0","194","15","209","5","204","6","15","106","8","4","3","62","29.10.12"
"180257","65","Житомирська область","будинок культури, глядацька зала
вул.Шевченка, 93, с.Мала Глумча, Ємільчинський р-н, Житомирська обл., 11223","472","143","466","46","284","45","329","","0","284","45","329","11","318","7","17","218","4","4","0","68","29.10.12"
"180258","65","Житомирська область","фельдшерсько-акушерський пункт, каб.2
вул.Заводська, 29, с.Паранине, Ємільчинський р-н, Житомирська обл., 11223","192","73","182","17","102","17","119","","0","102","17","119","1","118","7","9","83","3","0","0","16","29.10.12"
"180259","65","Житомирська область","сільська рада, обрядова зала
вул.Центральна, 42А, с.Медведеве, Ємільчинський р-н, Житомирська обл., 11232","216","61","204","9","146","9","155","","0","146","9","155","4","151","4","5","117","8","1","1","15","29.10.12"
"180260","65","Житомирська область","приватний будинок, кімната 2
вул.Скидана, 29, с.Заровенка, Ємільчинський р-н, Житомирська обл., 11232","88","17","82","9","62","9","71","","0","62","9","71","2","69","2","7","39","0","0","1","20","29.10.12"
"180261","65","Житомирська область","будинок культури, глядацька зала
вул.Шевченка, 72, с.Миколаївка, Ємільчинський р-н, Житомирська обл., 11210","688","277","676","29","387","24","411","","0","387","24","411","9","402","10","25","288","8","4","3","64","29.10.12"
"180262","65","Житомирська область","школа, фойє
вул.Степанівська, 1А, с.Мокляки, Ємільчинський р-н, Житомирська обл., 11240","360","130","357","34","196","34","230","","0","196","34","230","5","225","11","3","135","5","4","4","63","30.10.12"
"180263","65","Житомирська область","клуб, фойє
вул.Центральна, 26, с.Аполлонівка, Ємільчинський р-н, Житомирська обл., 11240","96","33","96","4","60","3","63","","0","60","3","63","0","63","2","4","31","0","2","0","24","29.10.12"
"180264","65","Житомирська область","сільська рада, зала засідань
вул.Центральна, 19, с.Неділище, Ємільчинський р-н, Житомирська обл., 11252","464","180","459","26","258","26","284","","0","258","26","284","11","273","7","13","179","4","3","6","61","28.10.12"
"180265","65","Житомирська область","клуб, фойє
вул.Центральна, 10, с.Бастова Рудня, Ємільчинський р-н, Житомирська обл., 11252","304","111","303","11","184","9","193","","0","184","9","193","10","183","7","9","84","5","0","2","76","29.10.12"
"180266","65","Житомирська область","будинок культури, зала засідань
вул.Шевченка, 30А, с.Осівка, Ємільчинський р-н, Житомирська обл., 11211","360","157","346","17","186","17","203","","0","186","17","203","4","199","2","12","154","4","1","0","26","28.10.12"
"180267","65","Житомирська область","клуб, глядацька зала
вул.Центральна, 37А, с.Чміль, Ємільчинський р-н, Житомирська обл., 11212","168","64","163","12","92","12","104","","0","92","12","104","4","100","1","9","49","6","2","0","33","29.10.12"
"180268","65","Житомирська область","будинок культури, танцювальна зала
вул.Шевченка, 6, с.Підлуби, Ємільчинський р-н, Житомирська обл., 11225","1064","378","1043","64","626","60","686","","0","626","60","686","16","670","17","25","497","12","4","14","101","29.10.12"
"180269","65","Житомирська область","фельдшерсько-акушерський пункт, кабінет огляду пацієнтів
вул.Центральна, 15, с.Нитине, Ємільчинський р-н, Житомирська обл., 11225","88","27","84","10","51","10","61","","0","51","10","61","3","58","0","3","39","1","0","0","15","29.10.12"
"180270","65","Житомирська область","будинок культури, фойє
вул.Леніна, 6, с.Рихальське, Ємільчинський р-н, Житомирська обл., 11246","1040","448","1028","33","566","26","592","","0","566","26","592","21","571","39","15","257","31","9","6","214","29.10.12"
"180271","65","Житомирська область","клуб, танцювальна зала
вул.Шевченка, 60, с.Рудня-Іванівська, Ємільчинський р-н, Житомирська обл., 11221","768","170","766","40","558","40","598","","0","558","40","598","5","593","9","11","514","1","2","3","53","29.10.12"
"180272","65","Житомирська область","сільська рада, зала засідань
вул.Садова, 5, с.Рясне, Ємільчинський р-н, Житомирська обл., 11251","280","110","274","23","149","21","170","","0","149","21","170","4","166","11","13","94","8","7","0","33","28.10.12"
"180273","65","Житомирська область","школа, фойє
вул.Центральна, 5, с.Кам’янка, Ємільчинський р-н, Житомирська обл., 11251","280","91","274","19","170","19","189","","0","170","19","189","4","185","8","6","64","1","6","0","100","29.10.12"
"180274","65","Житомирська область","сільська рада, обрядова зала
вул.Леніна, 4, с.Серби, Ємільчинський р-н, Житомирська обл., 11237","512","251","496","18","243","18","261","","0","243","18","261","12","249","5","6","153","0","1","1","83","29.10.12"
"180275","65","Житомирська область","будинок культури, фойє
вул.І.Грека, 1, с.Сербо-Слобідка, Ємільчинський р-н, Житомирська обл., 11244","352","72","323","23","259","21","280","","0","259","21","280","4","276","5","5","181","3","3","3","76","29.10.12"
"180276","65","Житомирська область","клуб, танцювальна зала
вул.В.Кравцова, 2, с.Яблунівка, Ємільчинський р-н, Житомирська обл., 11244","312","67","301","22","223","22","245","","0","223","22","245","9","236","4","8","161","3","1","2","57","28.10.12"
"180277","65","Житомирська область","сільська рада, обрядова зала
вул.Центральна, 29А, с.Сергіївка, Ємільчинський р-н, Житомирська обл., 11230","184","70","177","6","108","6","114","","0","108","6","114","3","111","1","8","60","0","1","1","40","29.10.12"
"180278","65","Житомирська область","клуб, танцювальна зала
вул.Центральна, 60А, с.Запруда, Ємільчинський р-н, Житомирська обл., 11230","144","52","138","2","90","2","92","","0","90","2","92","2","90","4","4","44","0","1","3","34","29.10.12"
"180279","65","Житомирська область","будинок культури, обрядова зала
вул.Ємільчинська, 3, с.Середи, Ємільчинський р-н, Житомирська обл., 11231","672","238","657","36","400","34","434","","0","400","34","434","13","421","15","10","292","21","6","4","73","29.10.12"
"180280","65","Житомирська область","клуб, танцювальна зала
вул.Садова, 5, с.Садки, Ємільчинський р-н, Житомирська обл., 11231","176","53","172","11","112","11","123","","0","112","11","123","5","118","1","9","85","3","3","0","17","29.10.12"
"180281","65","Житомирська область","фельдшерський пункт, кабінет огляду пацієнтів
вул.Польова, 4, с.Покощеве, Ємільчинський р-н, Житомирська обл., 11231","96","34","91","10","55","7","62","","0","55","7","62","3","59","1","3","33","1","1","0","20","29.10.12"
"180282","65","Житомирська область","лікарська амбулаторія, актова зала
вул.20-річчя Жовтня, 2, с.Симони, Ємільчинський р-н, Житомирська обл., 11257","520","157","509","57","310","53","363","","0","310","53","363","6","357","10","7","238","5","2","2","93","28.10.12"
"180283","65","Житомирська область","школа, спортзала
вул.Жовтнева, 21, с.Сімаківка, Ємільчинський р-н, Житомирська обл., 11215","408","116","399","23","273","19","292","","0","273","19","292","6","286","11","3","203","5","3","1","60","28.10.12"
"180284","65","Житомирська область","фельдшерський пункт, кабінет огляду пацієнтів
вул.Центральна, 29, с.Михайлівка, Ємільчинський р-н, Житомирська обл., 11215","72","17","70","5","52","3","55","","0","52","3","55","1","54","2","4","16","1","0","2","29","29.10.12"
"180285","65","Житомирська область","сільська рада, зала засідань
вул.Рад, 95, с.Степанівка, Ємільчинський р-н, Житомирська обл., 11214","776","300","752","20","458","18","476","","0","458","18","476","12","464","21","16","234","16","2","4","171","29.10.12"
"180286","65","Житомирська область","клуб, зала засідань
вул.Шевченка, 48, с.Королівка, Ємільчинський р-н, Житомирська обл., 11214","168","51","163","13","106","11","117","","0","106","11","117","1","116","1","8","55","0","0","0","52","29.10.12"
"180287","65","Житомирська область","сільська рада, зала засідань
вул.Перемоги, 2, с.Тайки, Ємільчинський р-н, Житомирська обл., 11236","360","111","353","36","217","32","249","","0","217","32","249","9","240","3","15","106","3","3","0","110","29.10.12"
"180288","65","Житомирська область","фельдшерсько-акушерський пункт, маніпуляційний кабінет
вул.Садова, 25, с.Просіка, Ємільчинський р-н, Житомирська обл., 11236","120","37","108","11","72","11","83","","0","72","11","83","4","79","0","5","30","6","1","0","37","29.10.12"
"180289","65","Житомирська область","сільська рада, обрядова зала
вул.Центральна, 6, с.Усолуси, Ємільчинський р-н, Житомирська обл., 11261","288","99","285","27","162","27","189","","0","162","27","189","3","186","6","13","133","6","3","2","23","28.10.12"
"180290","65","Житомирська область","селищна рада, зала засідань
вул.Леніна, 117, смт Яблунець, Ємільчинський р-н, Житомирська обл., 11250","936","432","857","67","445","59","504","","0","445","59","504","15","489","27","22","279","18","4","8","131","29.10.12"
"180291","65","Житомирська область","Ємільчинська центральна районна лікарня, поліклініка, фойє
вул.1 Травня, 133, смт Ємільчине, Ємільчинський р-н, Житомирська обл., 11200","104","55","68","15","36","13","49","","0","36","13","49","2","47","2","4","25","2","2","0","12","29.10.12"
"180628","65","Житомирська область","сільська рада, депутатська кімната
вул.Шевчуків, 36, с.Барвинівка, Новоград-Волинський р-н, Житомирська обл., 11783","408","122","405","30","256","30","286","","0","256","30","286","9","277","2","2","216","1","0","0","56","29.10.12"
"180629","65","Житомирська область","бібліотека, читальна зала
вул.Центральна, 4А, с.Тальки, Новоград-Волинський р-н, Житомирська обл., 11783","296","106","287","28","165","25","190","","0","165","25","190","3","187","0","8","151","4","2","0","22","28.10.12"
"180630","65","Житомирська область","школа, спортивна зала
вул.Шосейна, 9Д, с.Броники, Новоград-Волинський р-н, Житомирська обл., 11772","336","112","330","28","199","25","224","","0","199","25","224","2","222","5","3","181","1","2","0","30","28.10.12"
"180631","65","Житомирська область","школа, кабінет української мови
вул.Дружби, 4А, с.Кропивня, Новоград-Волинський р-н, Житомирська обл., 11773","280","91","273","28","161","28","189","","0","161","28","189","13","176","4","14","136","2","2","0","18","28.10.12"
"180632","65","Житомирська область","клуб, актова зала
вул.Центральна, 25А, с.Марушівка, Новоград-Волинський р-н, Житомирська обл., 11772","144","47","139","11","87","10","97","","0","87","10","97","1","96","3","3","70","4","0","0","16","29.10.12"
"180633","65","Житомирська область","сільська рада, обрядова зала
вул.Центральна, 22, с.Романівка, Новоград-Волинський р-н, Житомирська обл., 11774","504","130","498","34","340","34","374","","0","340","34","374","9","365","6","16","288","6","1","1","47","29.10.12"
"180634","65","Житомирська область","будинок культури, танцювальна зала
вул.Перемоги, 28, с.Велика Горбаша, Новоград-Волинський р-н, Житомирська обл., 11767","312","64","306","22","226","22","248","","0","226","22","248","3","245","3","2","200","1","1","0","38","29.10.12"
"180635","65","Житомирська область","будинок культури, танцювальна зала
вул.Матвійчука, 29, с.Мала Горбаша, Новоград-Волинський р-н, Житомирська обл., 11768","344","57","340","34","254","33","287","","0","254","33","287","3","284","1","3","231","4","3","0","42","29.10.12"
"180636","65","Житомирська область","сільська рада, обрядова зала
вул.Шевченка, 16, с.Великий Молодьків, Новоград-Волинський р-н, Житомирська обл., 11761","592","206","590","41","348","38","386","","0","348","38","386","4","382","6","8","270","4","4","1","89","29.10.12"
"180637","65","Житомирська область","клуб, актова зала
вул.Миру, 24В, с.Груд, Новоград-Волинський р-н, Житомирська обл., 11761","400","115","401","26","260","25","285","","0","260","25","285","7","278","4","4","184","4","1","1","80","29.10.12"
"180638","65","Житомирська область","будинок культури, фойє
вул.Жовтнева, 1А, с.Гульськ, Новоград-Волинський р-н, Житомирська обл., 11782","1024","367","1013","61","596","61","657","","0","596","61","657","19","638","15","12","462","12","3","1","133","29.10.12"
"180639","65","Житомирська область","будинок культури, актова зала
вул.Київська, 36, с.Дідовичі, Новоград-Волинський р-н, Житомирська обл., 11736","400","109","399","36","255","36","291","","0","255","36","291","4","287","9","6","230","2","3","2","35","28.10.12"
"180640","65","Житомирська область","клуб, танцювальна зала
вул.К.Маркса, 15, с.Борисівка, Новоград-Волинський р-н, Житомирська обл., 11737","288","77","287","27","184","27","211","","0","184","27","211","3","208","2","2","187","0","0","0","17","29.10.12"
"180641","65","Житомирська область","будинок культури, актова зала
вул.Шевченка, 10, с.Жолобне, Новоград-Волинський р-н, Житомирська обл., 11765","440","155","433","51","234","51","285","","0","234","51","285","2","283","2","8","174","3","2","6","88","29.10.12"
"180642","65","Житомирська область","клуб, актова зала
вул.Маяковського, 7, с.Коритища, Новоград-Волинський р-н, Житомирська обл., 11766","304","109","294","28","167","28","195","","0","167","28","195","6","189","4","13","114","10","4","0","44","28.10.12"
"180643","65","Житомирська область","сільська рада, обрядова зала
вул.Центральна, 11, с.Кам’яний Майдан, Новоград-Волинський р-н, Житомирська обл., 11780","168","49","164","20","102","17","119","","0","102","17","119","2","117","1","7","88","0","0","0","21","29.10.12"
"180644","65","Житомирська область","клуб, актова зала
вул.Центральна, 1А, с.Миколаївка, Новоград-Волинський р-н, Житомирська обл., 11781","168","65","166","7","96","7","103","","0","96","7","103","3","100","1","1","84","0","2","0","12","29.10.12"
"180645","65","Житомирська область","школа, спортивна зала
вул.Рад, 13, с.Варварівка, Новоград-Волинський р-н, Житомирська обл., 11700","256","64","262","18","176","16","192","","0","176","16","192","2","190","4","6","139","1","4","3","33","29.10.12"
"180646","65","Житомирська область","школа, фойє
вул.Миру, 10, с.Кикова, Новоград-Волинський р-н, Житомирська обл., 11787","856","288","844","56","512","56","568","","0","512","56","568","10","558","10","7","430","7","2","0","102","28.10.12"
"180647","65","Житомирська область","школа, спортивна зала
вул.Леніна, 3, с.Немильня, Новоград-Волинський р-н, Житомирська обл., 11788","296","95","291","17","184","17","201","","0","184","17","201","6","195","2","6","152","3","0","1","31","28.10.12"
"180648","65","Житомирська область","клуб, актова зала
вул.Радянська, 27, с.Киянка, Новоград-Волинський р-н, Житомирська обл., 11786","464","124","407","51","289","51","340","","0","289","51","340","5","335","6","9","262","3","3","9","43","29.10.12"
"180649","65","Житомирська область","сільська рада, обрядова зала
вул.Центральна, 52, с.Кленова, Новоград-Волинський р-н, Житомирська обл., 11712","408","153","401","12","243","12","255","","0","243","12","255","13","242","8","5","194","6","2","7","20","29.10.12"
"180650","65","Житомирська область","клуб, актова зала
вул.Лесі Українки, 13, с.Брониця, Новоград-Волинський р-н, Житомирська обл., 11711","104","32","99","5","67","5","72","","0","67","5","72","1","71","1","0","48","3","1","1","17","28.10.12"
"180651","65","Житомирська область","школа, кабінет фізики
вул.Городницька, 1, с.Дубники, Новоград-Волинський р-н, Житомирська обл., 11713","240","73","235","9","158","9","167","","0","158","9","167","3","164","5","6","116","6","0","4","27","28.10.12"
"180652","65","Житомирська область","клуб, актова зала
вул.Броницька, 5, с.Липине, Новоград-Волинський р-н, Житомирська обл., 11713","72","23","65","8","41","8","49","","0","41","8","49","0","49","1","0","37","0","0","1","10","28.10.12"
"180653","65","Житомирська область","школа, спортивна зала
вул.Центральна, 49, с.Колодянка, Новоград-Волинський р-н, Житомирська обл., 11790","536","210","537","25","303","23","326","","0","303","23","326","6","320","7","5","211","4","4","0","89","28.10.12"
"180654","65","Житомирська область","клуб, актова зала
вул.Центральна, 10, с.Кожушки, Новоград-Волинський р-н, Житомирська обл., 11790","184","58","183","16","110","16","126","","0","110","16","126","9","117","5","6","78","0","0","0","28","29.10.12"
"180655","65","Житомирська область","клуб, актова зала
вул.Корецька, 51, с.Косенів, Новоград-Волинський р-н, Житомирська обл., 11753","352","101","345","21","230","21","251","","0","230","21","251","3","248","6","5","181","1","2","1","52","29.10.12"
"180656","65","Житомирська область","клуб, актова зала
вул.Центральна, 31А, с.Крайня Деражня, Новоград-Волинський р-н, Житомирська обл., 11752","192","60","192","0","132","0","132","","0","132","0","132","3","129","4","3","93","2","1","1","25","28.10.12"
"180657","65","Житомирська область","школа, спортивна зала
вул.Червоноармійська, 41, с.Красилівка, Новоград-Волинський р-н, Житомирська обл., 11723","536","223","527","46","270","43","313","","0","270","43","313","12","301","9","6","244","4","2","1","35","29.10.12"
"180658","65","Житомирська область","школа, спортивна зала
вул.Комсомольська, 2А, с.Таращанка, Новоград-Волинський р-н, Житомирська обл., 11724","472","192","470","22","258","22","280","","0","258","22","280","7","273","6","9","185","10","12","3","48","28.10.12"
"180659","65","Житомирська область","будинок культури, актова зала
вул.Дружби, 5, с.Курчиця, Новоград-Волинський р-н, Житомирська обл., 11720","328","64","315","16","248","16","264","","0","248","16","264","3","261","9","2","213","6","3","0","28","29.10.12"
"180660","65","Житомирська область","клуб, актова зала
вул.Центральна, 1, с.Михіївка, Новоград-Волинський р-н, Житомирська обл., 11723","160","56","158","15","91","13","104","","0","91","13","104","0","104","2","4","72","1","3","1","21","28.10.12"
"180661","65","Житомирська область","клуб, актова зала
вул.Лесі Українки, 1, с.Ходурки, Новоград-Волинський р-н, Житомирська обл., 11721","136","34","130","9","93","9","102","","0","93","9","102","2","100","3","1","74","5","0","0","17","29.10.12"
"180662","65","Житомирська область","клуб, актова зала
вул.Заводська, 15, с.Курчицька Гута, Новоград-Волинський р-н, Житомирська обл., 11721","176","45","169","6","125","6","131","","0","125","6","131","4","127","3","2","105","7","0","0","10","28.10.12"
"180663","65","Житомирська область","клуб, актова зала
вул.40-річчя Перемоги, 2, с.Лебедівка, Новоград-Волинський р-н, Житомирська обл., 11784","248","60","248","41","147","41","188","","0","147","41","188","3","185","1","3","166","1","0","0","14","29.10.12"
"180664","65","Житомирська область","клуб, актова зала
вул.Шкільна, 31, с.Яворівка, Новоград-Волинський р-н, Житомирська обл., 11784","272","79","270","18","177","16","193","","0","177","16","193","3","190","4","4","153","1","1","0","27","29.10.12"
"180665","65","Житомирська область","клуб, актова зала
вул.Центральна, 21, с.Лучиця, Новоград-Волинський р-н, Житомирська обл., 11715","440","123","438","33","285","32","317","","0","285","32","317","7","310","11","4","208","8","1","5","73","29.10.12"
"180666","65","Житомирська область","клуб, актова зала
вул.Центральна, 40, с.Мала Анастасівка, Новоград-Волинський р-н, Житомирська обл., 11714","232","48","228","27","157","27","184","","0","157","27","184","8","176","4","4","120","5","2","1","40","29.10.12"
"180667","65","Житомирська область","клуб, фойє
вул.Полянського, 6, с.Майстрів, Новоград-Волинський р-н, Житомирська обл., 11740","392","105","392","36","252","35","287","","0","252","35","287","7","280","4","5","200","10","4","0","57","29.10.12"
"180668","65","Житомирська область","клуб, актова зала
вул.Леніна, 11, с.Маковиці, Новоград-Волинський р-н, Житомирська обл., 11701","296","114","289","16","166","16","182","","0","166","16","182","3","179","9","5","125","3","2","0","35","28.10.12"
"180669","65","Житомирська область","школа, кабінет рідної мови
вул.Шкільна, 5, с.Майстрова Воля, Новоград-Волинський р-н, Житомирська обл., 11743","216","59","214","20","137","20","157","","0","137","20","157","0","157","3","5","113","6","0","8","22","29.10.12"
"180670","65","Житомирська область","клуб, актова зала
вул.Наливна, 1А, с.Майстрова Воля, Новоград-Волинський р-н, Житомирська обл., 11743","200","47","191","0","153","0","153","","0","153","0","153","2","151","5","4","128","2","1","0","11","29.10.12"
"180671","65","Житомирська область","сільська рада, обрядова зала
вул.Центральна, 2, с.Мала Цвіля, Новоград-Волинський р-н, Житомирська обл., 11722","416","159","402","51","206","51","257","","0","206","51","257","3","254","3","13","207","6","1","1","23","29.10.12"
"180672","65","Житомирська область","школа, спортивна зала
пров.Шкільний, 1, с.Наталівка, Новоград-Волинський р-н, Житомирська обл., 11742","1424","623","1411","56","747","54","801","","0","747","54","801","23","778","25","12","549","23","6","10","153","29.10.12"
"180673","65","Житомирська область","сільська рада, кабінет землевпорядника
вул.Миру, 77А, с.Несолонь, Новоград-Волинський р-н, Житомирська обл., 11771","416","107","416","27","284","25","309","","0","284","25","309","4","305","1","4","246","4","9","0","41","28.10.12"
"180674","65","Житомирська область","школа, спортивна зала
вул.Лесі Українки, 36А, с.Теснівка, Новоград-Волинський р-н, Житомирська обл., 11700","280","85","286","25","170","25","195","","0","170","25","195","3","192","3","5","162","0","1","1","20","28.10.12"
"180675","65","Житомирська область","сільська рада, актова зала
вул.Рад, 21, с.Нова Романівка, Новоград-Волинський р-н, Житомирська обл., 11744","664","276","647","30","360","28","388","","0","360","28","388","8","380","8","2","322","8","0","7","33","29.10.12"
"180676","65","Житомирська область","ПСП ""Промінь"", їдальня, обідня зала
вул.Миру, 57, с.Ужачин, Новоград-Волинський р-н, Житомирська обл., 11745","400","132","395","45","223","45","268","","0","223","45","268","8","260","2","11","229","10","0","1","7","29.10.12"
"180677","65","Житомирська область","гімназія, спортивна зала
вул.Перемоги, 5, с.Слобода-Романівська, Новоград-Волинський р-н, Житомирська обл., 11716","448","93","445","35","320","35","355","","0","320","35","355","1","354","3","2","335","1","2","1","10","29.10.12"
"180678","65","Житомирська область","школа, спортивна зала
вул.Степана Дем’янчука, 64, с.Орепи, Новоград-Волинський р-н, Житомирська обл., 11764","704","236","695","44","425","43","468","","0","425","43","468","5","463","4","3","393","2","1","4","56","28.10.12"
"180679","65","Житомирська область","будинок культури, актова зала
вул.Довженка, 1А, с.Пилиповичі, Новоград-Волинський р-н, Житомирська обл., 11760","1192","490","1175","29","674","28","702","","0","674","28","702","26","676","24","10","470","12","8","3","149","29.10.12"
"180680","65","Житомирська область","фельдшерський пункт, фойє
вул.Корольва, 8, с.Анета, Новоград-Волинський р-н, Житомирська обл., 11700","144","53","140","9","82","9","91","","0","82","9","91","1","90","5","4","60","7","1","0","13","29.10.12"
"180681","65","Житомирська область","будинок культури, актова зала
вул.Миру, 10, с.Піщів, Новоград-Волинський р-н, Житомирська обл., 11733","536","191","539","28","317","28","345","","0","317","28","345","9","336","8","9","270","12","1","5","31","28.10.12"
"180682","65","Житомирська область","клуб, актова зала
вул.Кам’янська, 2А, с.Дублинки, Новоград-Волинський р-н, Житомирська обл., 11735","232","78","227","12","142","12","154","","0","142","12","154","8","146","7","2","106","4","1","0","26","29.10.12"
"180683","65","Житомирська область","клуб, актова зала
вул.Лісова, 1А, с.Жеребилівка, Новоград-Волинський р-н, Житомирська обл., 11734","256","87","247","8","161","8","169","","0","161","8","169","5","164","13","11","105","6","3","0","26","28.10.12"
"180684","65","Житомирська область","будинок культури, актова зала
вул.Миру, 42А, с.Повчине, Новоград-Волинський р-н, Житомирська обл., 11730","432","124","421","9","299","9","308","","0","299","9","308","9","299","7","9","203","12","1","6","61","28.10.12"
"180685","65","Житомирська область","клуб, актова зала
вул.Шевченка, 23, с.Калинівка, Новоград-Волинський р-н, Житомирська обл., 11732","328","107","317","18","203","18","221","","0","203","18","221","5","216","8","1","127","40","1","6","33","29.10.12"
"180686","65","Житомирська область","сільська рада, депутатська кімната
вул.Шевченка, 33, с.Поліянівка, Новоград-Волинський р-н, Житомирська обл., 11770","336","85","333","37","214","37","251","","0","214","37","251","4","247","1","5","235","1","0","1","4","29.10.12"
"180687","65","Житомирська область","будинок культури, фойє
пров.Центральний, 6, с.Середня Деражня, Новоград-Волинський р-н, Житомирська обл., 11750","256","68","251","12","177","11","188","","0","177","11","188","12","176","3","3","102","6","0","1","61","28.10.12"
"180688","65","Житомирська область","клуб, актова зала
вул.Центральна, 35, с.Велика Деражня, Новоград-Волинський р-н, Житомирська обл., 11751","264","69","256","9","188","7","195","","0","188","7","195","5","190","11","9","110","7","1","0","52","28.10.12"
"180689","65","Житомирська область","школа, фойє
вул.Баранівська, 2А, с.Стриєва, Новоград-Волинський р-н, Житомирська обл., 11777","584","246","579","39","304","34","338","","0","304","34","338","5","333","4","3","254","5","3","0","64","29.10.12"
"180690","65","Житомирська область","школа, спортивна зала
вул.Радянська, 51, с.Сусли, Новоград-Волинський р-н, Житомирська обл., 11775","800","263","791","29","508","29","537","","0","508","29","537","11","526","17","13","338","19","3","1","135","29.10.12"
"180691","65","Житомирська область","клуб, фойє
вул.Шкільна, 34, с.Івашківка, Новоград-Волинський р-н, Житомирська обл., 11776","344","104","341","18","222","18","240","","0","222","18","240","6","234","7","7","197","2","0","2","19","29.10.12"
"180692","65","Житомирська область","будинок культури, фойє
вул.О.Прокопчука, 55, с.Суховоля, Новоград-Волинський р-н, Житомирська обл., 11731","512","192","508","34","288","32","320","","0","288","32","320","10","310","9","29","228","7","4","3","30","29.10.12"
"180693","65","Житомирська область","будинок культури, танцювальна зала
вул.Космонавтів, 6, с.Тернівка, Новоград-Волинський р-н, Житомирська обл., 11785","296","119","290","23","157","20","177","","0","157","20","177","10","167","6","4","95","14","0","0","48","29.10.12"
"180694","65","Житомирська область","будинок культури, ігрова кімната
вул.Шевченка, 18, с.Токарів, Новоград-Волинський р-н, Житомирська обл., 11754","848","393","832","36","422","33","455","","0","422","33","455","12","443","10","9","313","9","6","1","95","29.10.12"
"180695","65","Житомирська область","сільська рада, обрядова зала
вул.Данильченка, 2, с.Тупальці, Новоград-Волинський р-н, Житомирська обл., 11747","536","177","526","56","304","55","359","","0","304","55","359","5","354","3","7","288","8","1","7","40","29.10.12"
"180696","65","Житомирська область","клуб, актова зала
вул.Перемоги, 12, с.Федорівка, Новоград-Волинський р-н, Житомирська обл., 11746","408","108","408","32","268","32","300","","0","268","32","300","1","299","2","7","268","6","1","1","14","29.10.12"
"180697","65","Житомирська область","сільська рада, обрядова зала
вул.Молодіжна, 20, с.Червона Воля, Новоград-Волинський р-н, Житомирська обл., 11710","272","63","268","32","177","32","209","","0","177","32","209","3","206","7","6","180","4","4","0","5","28.10.12"
"180698","65","Житомирська область","клуб, актова зала
вул.Жовтнева, 26, с.Прихід, Новоград-Волинський р-н, Житомирська обл., 11711","48","15","45","5","29","4","33","","0","29","4","33","1","32","1","1","26","0","0","0","4","29.10.12"
"180699","65","Житомирська область","школа, спортивна зала
вул.Шевченка, 33А, с.Чижівка, Новоград-Волинський р-н, Житомирська обл., 11725","1288","595","1317","45","650","43","693","","0","650","43","693","13","680","22","12","387","35","4","3","217","29.10.12"
"180700","65","Житомирська область","фельдшерський пункт, фойє
вул.Лісова, 16, с.Вербівка, Новоград-Волинський р-н, Житомирська обл., 11725","152","45","142","15","92","15","107","","0","92","15","107","2","105","1","0","91","1","0","0","12","29.10.12"
"180701","65","Житомирська область","районний будинок культури, танцювальна зала
пров.І Пилиповицький, 24, с.Ярунь, Новоград-Волинський р-н, Житомирська обл., 11762","1728","783","1722","53","894","51","945","","0","894","51","945","25","920","32","30","665","26","6","8","153","29.10.12"
"180702","65","Житомирська область","клуб, актова зала
вул.Гапоніка, 81, с.Ярунь, Новоград-Волинський р-н, Житомирська обл., 11762","312","90","312","17","205","17","222","","0","205","17","222","6","216","4","19","159","7","2","1","24","29.10.12"
"180703","65","Житомирська область","будинок культури, актова зала
вул.Жука, 55, с.Гірки, Новоград-Волинський р-н, Житомирська обл., 11763","480","163","473","39","278","39","317","","0","278","39","317","6","311","2","12","224","3","5","3","62","29.10.12"
"180704","65","Житомирська область","будинок культури, актова зала
вул.Радянська, 14, с.Броницька Гута, Новоград-Волинський р-н, Житомирська обл., 11711","680","278","670","35","367","35","402","","0","367","35","402","6","396","12","14","330","12","3","5","20","28.10.12"
"180705","65","Житомирська область","будинок культури, фойє
вул.Дубницька, 1, смт Городниця, Новоград-Волинський р-н, Житомирська обл., 11714","2256","1032","2231","77","1153","71","1224","","0","1153","71","1224","29","1195","65","32","757","110","18","10","203","29.10.12"
"180706","65","Житомирська область","школа, фойє
вул.Центральна, 5, смт Городниця, Новоград-Волинський р-н, Житомирська обл., 11714","1800","852","1778","24","927","21","948","","0","927","21","948","29","919","51","21","571","62","15","27","172","28.10.12"
"181066","65","Житомирська область","сільська рада, кімната урочистих подій
вул.Леніна, 11, с.Андріївка, Червоноармійський р-н, Житомирська обл., 12022","280","85","277","17","178","17","195","","0","178","17","195","6","189","11","8","97","6","0","3","64","29.10.12"
"181067","65","Житомирська область","клуб, зала
вул.Чапаєва, 54, с.Рудокопи, Червоноармійський р-н, Житомирська обл., 12023","88","22","83","13","53","13","66","","0","53","13","66","0","66","1","4","20","0","0","0","41","29.10.12"
"181068","65","Житомирська область","клуб, зала
вул.Кірова, 18, с.Улашанівка, Червоноармійський р-н, Житомирська обл., 12024","144","39","141","15","91","14","105","","0","91","14","105","4","101","4","12","58","2","0","0","25","28.10.12"
"181069","65","Житомирська область","сільська рада, зала урочистих подій
вул.Карла Маркса, 10, с.Бабичівка, Червоноармійський р-н, Житомирська обл., 12042","176","48","174","21","110","18","128","","0","110","18","128","2","126","0","5","81","1","6","0","33","29.10.12"
"181070","65","Житомирська область","СТОВ ""Світанок"", зала
вул.Фрунзе, 10, с.Видумка, Червоноармійський р-н, Житомирська обл., 12041","160","39","151","13","108","13","121","","0","108","13","121","3","118","6","6","79","1","2","0","24","29.10.12"
"181071","65","Житомирська область","школа, зала
вул.Леніна, 3, с.Великий Луг, Червоноармійський р-н, Житомирська обл., 12050","472","158","458","34","282","32","314","","0","282","32","314","6","308","16","28","197","18","0","2","47","29.10.12"
"181072","65","Житомирська область","клуб, зала
вул.Шкільна, 31, с.Новини, Червоноармійський р-н, Житомирська обл., 12050","136","46","135","7","85","5","90","","0","85","5","90","2","88","2","7","52","2","0","0","25","29.10.12"
"181073","65","Житомирська область","фельдшерський пункт, каб.2
вул.Кооперативна, 1, с.Червоносілка, Червоноармійський р-н, Житомирська обл., 12050","88","22","90","10","58","8","66","","0","58","8","66","1","65","1","4","33","1","0","0","26","28.10.12"
"181074","65","Житомирська область","сільська рада, зала урочистих подій
вул.Щорса, 1, с.В’юнки, Червоноармійський р-н, Житомирська обл., 12055","160","53","152","2","105","2","107","","0","105","2","107","0","107","1","4","92","0","0","0","10","29.10.12"
"181075","65","Житомирська область","клуб, зала
вул.Чапаєва, 1, с.Олізарка, Червоноармійський р-н, Житомирська обл., 12052","112","31","109","3","78","3","81","","0","78","3","81","0","81","0","14","54","0","0","7","6","29.10.12"
"181076","65","Житомирська область","клуб, зала
вул.Кутузова, 13, с.Зелена Поляна, Червоноармійський р-н, Житомирська обл., 12010","224","66","213","30","129","29","158","","0","129","29","158","1","157","6","18","101","2","2","0","28","29.10.12"
"181077","65","Житомирська область","школа, зала
вул.Ватутіна, 30, с.Івановичі, Червоноармійський р-н, Житомирська обл., 12040","808","332","792","43","435","41","476","","0","435","41","476","6","470","9","110","242","11","1","2","95","29.10.12"
"181078","65","Житомирська область","клуб, зала
вул.Гагаріна, 24, с.В’язовець, Червоноармійський р-н, Житомирська обл., 12016","168","41","165","8","119","8","127","","0","119","8","127","6","121","3","5","87","6","1","0","19","28.10.12"
"181079","65","Житомирська область","клуб, зала
вул.Леніна, 19, с.Кошелівка, Червоноармійський р-н, Житомирська обл., 12015","408","137","397","28","243","28","271","","0","243","28","271","5","266","4","16","200","6","3","1","36","28.10.12"
"181080","65","Житомирська область","школа, зала
вул.Ватутіна, 20, с.Радецька Болярка, Червоноармійський р-н, Житомирська обл., 12015","96","27","91","13","56","13","69","","0","56","13","69","4","65","2","1","52","0","0","0","10","28.10.12"
"181081","65","Житомирська область","клуб, зала
вул.Лесі Українки, 2, с.Сколобів, Червоноармійський р-н, Житомирська обл., 12016","232","78","226","10","144","10","154","","0","144","10","154","4","150","1","8","119","0","0","0","22","29.10.12"
"181082","65","Житомирська область","клуб, зала
вул.Центральна, 3, с.Курне, Червоноармійський р-н, Житомирська обл., 12031","752","408","738","27","317","27","344","","0","317","27","344","7","337","6","30","200","11","7","0","83","29.10.12"
"181083","65","Житомирська область","клуб, зала
вул.Чехова, 3, с-ще Курне, Червоноармійський р-н, Житомирська обл., 12030","568","266","556","35","269","33","302","","0","269","33","302","11","291","11","18","204","12","0","1","45","29.10.12"
"181084","65","Житомирська область","ВАТ""Льонзавод"", зала
вул.Центральна, 25, с.Молодіжне, Червоноармійський р-н, Житомирська обл., 12035","208","82","210","14","112","14","126","","0","112","14","126","8","118","2","10","86","4","3","0","13","29.10.12"
"181085","65","Житомирська область","клуб, зала
вул.Леніна, 33, с.Корчівка, Червоноармійський р-н, Житомирська обл., 12000","264","96","259","14","155","13","168","","0","155","13","168","4","164","10","10","106","2","0","1","35","29.10.12"
"181086","65","Житомирська область","школа, зала
вул.Чкалова, 12, с.Мартинівка, Червоноармійський р-н, Житомирська обл., 12041","416","122","411","22","272","22","294","","0","272","22","294","4","290","7","17","233","5","0","1","27","29.10.12"
"181087","65","Житомирська область","клуб, зала
вул.Лісова, 21, с.Неборівка, Червоноармійський р-н, Житомирська обл., 12041","72","17","66","6","51","4","55","","0","51","4","55","0","55","2","2","38","0","0","1","12","29.10.12"
"181088","65","Житомирська область","ФГ ""Поліська Нива"", зала
вул.Леніна, 9, с.Гута-Юстинівка, Червоноармійський р-н, Житомирська обл., 12056","176","56","172","9","111","9","120","","0","111","9","120","6","114","1","8","78","1","0","0","26","29.10.12"
"181089","65","Житомирська область","клуб, зала
вул.Карла Маркса, 6, с.Новий Завод, Червоноармійський р-н, Житомирська обл., 12056","472","182","445","12","279","11","290","","0","279","11","290","5","285","14","11","204","2","2","4","48","29.10.12"
"181090","65","Житомирська область","клуб, зала
вул.Леніна, 9А, с.Чехівці, Червоноармійський р-н, Житомирська обл., 12056","96","31","91","3","62","3","65","","0","62","3","65","3","62","2","3","38","0","0","1","18","29.10.12"
"181091","65","Житомирська область","клуб, зала
вул.Леніна, 23, с.Очеретянка, Червоноармійський р-н, Житомирська обл., 12013","544","174","528","39","333","37","370","","0","333","37","370","5","365","6","57","253","4","1","1","43","29.10.12"
"181092","65","Житомирська область","клуб, зала
вул.Леніна, 41, с.Ясна Поляна, Червоноармійський р-н, Житомирська обл., 12014","480","172","478","23","286","22","308","","0","286","22","308","6","302","4","14","245","1","0","0","38","29.10.12"
"181093","65","Житомирська область","школа, зала
вул.Пушкіна, 12, с.Павлівка, Червоноармійський р-н, Житомирська обл., 12054","248","92","235","14","142","14","156","","0","142","14","156","3","153","5","9","117","4","0","0","18","29.10.12"
"181094","65","Житомирська область","фельдшерський пункт, амбулаторна кімната
вул.Комсомольська, 1, с.Пулино-Гута, Червоноармійський р-н, Житомирська обл., 12012","208","66","193","9","134","8","142","","0","134","8","142","0","142","4","7","98","1","1","0","31","29.10.12"
"181095","65","Житомирська область","опорний пункт ГП, каб.2
вул.Чапаєва, 45А, с.Чернявка, Червоноармійський р-н, Житомирська обл., 12012","288","81","278","22","186","21","207","","0","186","21","207","7","200","3","9","116","3","3","1","65","29.10.12"
"181096","65","Житомирська область","клуб, зала
вул.Центральна, 4А, с.Ясенівка, Червоноармійський р-н, Житомирська обл., 12012","152","27","150","2","123","2","125","","0","123","2","125","4","121","3","6","82","3","0","0","27","29.10.12"
"181097","65","Житомирська область","клуб, зала
вул.Кірова, 8А, с.Грузливець, Червоноармійський р-н, Житомирська обл., 12053","200","72","195","6","122","6","128","","0","122","6","128","2","126","7","39","71","0","0","1","8","29.10.12"
"181098","65","Житомирська область","клуб, зала
вул.Леніна, 42А, с.Слобідка, Червоноармійський р-н, Житомирська обл., 12052","296","103","282","12","181","12","193","","0","181","12","193","3","190","2","58","89","8","0","0","33","29.10.12"
"181099","65","Житомирська область","сільська рада, кімната урочистих подій
вул.Леніна, 25, с.Стрибіж, Червоноармійський р-н, Житомирська обл., 12052","536","160","533","16","360","16","376","","0","360","16","376","4","372","6","149","184","2","1","1","29","29.10.12"
"181100","65","Житомирська область","клуб, зала
вул.Перемоги, 18, с.Білка, Червоноармійський р-н, Житомирська обл., 12051","80","17","82","5","58","5","63","","0","58","5","63","0","63","1","5","34","1","0","0","22","28.10.12"
"181101","65","Житомирська область","клуб, зала
вул.Леніна, 5, с.Старий Майдан, Червоноармійський р-н, Житомирська обл., 12051","384","122","381","20","242","20","262","","0","242","20","262","10","252","2","19","183","20","2","1","25","29.10.12"
"181102","65","Житомирська область","сільська рада, зала урочистих подій
вул.Карла Маркса, 6, с.Соколів, Червоноармійський р-н, Житомирська обл., 12021","848","318","844","27","503","27","530","","0","503","27","530","6","524","12","23","370","6","3","5","105","29.10.12"
"181103","65","Житомирська область","клуб, зала
вул.Леніна, 2, с.Зелена Діброва, Червоноармійський р-н, Житомирська обл., 12020","192","63","181","4","125","4","129","","0","125","4","129","2","127","4","5","76","1","0","0","41","29.10.12"
"181104","65","Житомирська область","клуб, зала
вул.Партизанська, 10, с.Теньківка, Червоноармійський р-н, Житомирська обл., 12020","232","82","226","26","127","23","150","","0","127","23","150","0","150","6","9","86","2","6","0","41","29.10.12"
"181105","65","Житомирська область","сільська рада, зала урочистих подій
вул.Леніна, 35, с.Тетірка, Червоноармійський р-н, Житомирська обл., 12025","424","126","416","19","280","18","298","","0","280","18","298","7","291","5","9","197","13","2","5","60","29.10.12"
"181106","65","Житомирська область","клуб, зала
вул.Миру, 8, с.Ходорівка, Червоноармійський р-н, Житомирська обл., 12025","208","62","203","13","134","12","146","","0","134","12","146","5","141","6","4","87","1","2","6","35","29.10.12"
"181107","65","Житомирська область","школа, зала
вул.Енгельса, 3, с.Колодіївка, Червоноармійський р-н, Житомирська обл., 12045","200","53","198","22","125","22","147","","0","125","22","147","2","145","4","2","112","2","1","0","24","29.10.12"
"181108","65","Житомирська область","школа, зала
вул.Ялинівська, 10, с.Стара Олександрівка, Червоноармійський р-н, Житомирська обл., 12044","312","109","309","23","183","20","203","","0","183","20","203","4","199","0","6","149","3","0","0","41","29.10.12"
"181109","65","Житомирська область","клуб, зала
вул.Ворошилова, 18, с.Юлянівка, Червоноармійський р-н, Житомирська обл., 12043","160","48","154","12","102","10","112","","0","102","10","112","5","107","3","6","79","1","2","0","16","29.10.12"
"181110","65","Житомирська область","клуб, зала
вул.1-го Травня, 1, с.Ялинівка, Червоноармійський р-н, Житомирська обл., 12043","224","56","221","27","143","25","168","","0","143","25","168","3","165","4","5","126","2","0","3","25","29.10.12"
"181111","65","Житомирська область","клуб, зала
вул.40-річчя Перемоги, 12, с.Буряківка, Червоноармійський р-н, Житомирська обл., 12001","192","39","194","14","139","14","153","","0","139","14","153","9","144","1","5","96","2","0","0","40","29.10.12"
"181112","65","Житомирська область","професійний ліцей, зала засідань
пров.Карла Маркса, 2, смт Червоноармійськ, Червоноармійський р-н, Житомирська обл., 12001","1448","630","1409","12","810","8","818","","0","810","8","818","18","800","34","39","456","35","5","8","223","29.10.12"
"181113","65","Житомирська область","школа, зала
вул.Грисшана, 2, смт Червоноармійськ, Червоноармійський р-н, Житомирська обл., 12001","1096","443","1085","19","636","17","653","","0","636","17","653","11","642","23","34","384","20","0","4","177","29.10.12"
"181114","65","Житомирська область","СТОВ ""Зоря Полісся"", зала
вул.Манзенко, 30, смт Червоноармійськ, Червоноармійський р-н, Житомирська обл., 12001","1048","464","1030","7","578","6","584","","0","578","6","584","7","577","10","22","374","14","3","10","144","29.10.12"
"181115","65","Житомирська область","клуб, зала
вул.Шевченка, 21, смт Червоноармійськ, Червоноармійський р-н, Житомирська обл., 12001","520","229","511","13","278","13","291","","0","278","13","291","4","287","9","17","198","7","0","2","54","28.10.12"
"181116","65","Житомирська область","клуб, зала
вул.Баумана, 11, с.Ягодинка, Червоноармійський р-н, Житомирська обл., 12001","296","96","283","18","183","17","200","","0","183","17","200","4","196","8","11","126","13","2","0","36","29.10.12"
"181117","65","Житомирська область","клуб, зала
вул.Горького, 19, с.Веснянка, Червоноармійський р-н, Житомирська обл., 12015","128","20","124","3","105","3","108","","0","105","3","108","1","107","3","4","74","0","0","0","26","29.10.12"
"181118","65","Житомирська область","Центральна районна лікарня Червоноармійської районної ради, зала
вул.Карла Маркса, 44, смт Червоноармійськ, Червоноармійський р-н, Житомирська обл., 12000","96","14","86","3","79","3","82","","0","79","3","82","1","81","3","8","57","1","1","1","10","28.10.12"
"181311","65","Житомирська область","адмінбудівля м’ясокомбінату, актова зала
вул.Борисова, 4, м.Новоград-Волинський, Житомирська обл., 11700","2168","1127","2145","26","1020","21","1041","","0","1020","21","1041","14","1027","41","19","628","46","15","11","267","29.10.12"
"181312","65","Житомирська область","гімназія, фойє
вул.Родини Косачів, 5, м.Новоград-Волинський, Житомирська обл., 11700","1000","425","990","15","561","14","575","","0","561","14","575","6","569","20","13","356","30","10","6","134","29.10.12"
"181313","65","Житомирська область","станція переливання крові, фойє, 2-й поверх
вул.Герцена, 63, м.Новоград-Волинський, Житомирська обл., 11700","1080","435","1080","16","632","13","645","","0","632","13","645","14","631","14","22","435","40","4","2","114","29.10.12"
"181314","65","Житомирська область","школа №8, фойє, перехідна галерея
вул.Дружби, 50, м.Новоград-Волинський, Житомирська обл., 11700","1800","765","1775","12","1023","12","1035","","0","1023","12","1035","22","1013","47","24","696","46","17","7","176","29.10.12"
"181315","65","Житомирська область","колегіум, фойє, 1-й поверх
вул.Співдружності, 3, м.Новоград-Волинський, Житомирська обл., 11700","2232","912","2162","7","1313","7","1320","","0","1313","7","1320","9","1311","29","34","925","102","19","2","200","29.10.12"
"181316","65","Житомирська область","будинок офіцерів, мала концертна зала
вул.Леваневського, 25, м.Новоград-Волинський, Житомирська обл., 11700","1888","750","1860","29","1110","28","1138","","0","1110","28","1138","11","1127","20","47","816","88","17","1","138","29.10.12"
"181317","65","Житомирська область","школа №7, актова зала
вул.Житомирська, 124, м.Новоград-Волинський, Житомирська обл., 11700","2096","771","1986","31","1297","28","1325","","0","1297","28","1325","38","1287","58","20","968","76","22","14","129","29.10.12"
"181318","65","Житомирська область","школа №7, обідня зала
вул.Житомирська, 124, м.Новоград-Волинський, Житомирська обл., 11700","2024","843","1929","42","1142","39","1181","","0","1141","39","1180","26","1154","34","64","834","63","13","8","138","29.10.12"
"181319","65","Житомирська область","автошкола, фойє
вул.Лубчицька, 45, м.Новоград-Волинський, Житомирська обл., 11700","1376","619","1364","28","729","28","757","","0","729","28","757","19","738","19","35","483","39","15","4","143","29.10.12"
"181320","65","Житомирська область","школа №10, спортивна ігрова зала
вул.50 років Жовтня, 75, м.Новоград-Волинський, Житомирська обл., 11700","2264","1030","2227","11","1224","10","1234","","0","1224","10","1234","12","1222","27","22","870","35","8","18","242","29.10.12"
"181321","65","Житомирська область","ТОВ ""ТРУД"", зала засідань
вул.Гранітна, 24, м.Новоград-Волинський, Житомирська обл., 11700","976","374","962","28","577","25","602","","0","577","25","602","12","590","15","11","433","15","4","5","107","29.10.12"
"181322","65","Житомирська область","адмінбудівля водоканалу, актова зала
вул.Червоноармійська, 43, м.Новоград-Волинський, Житомирська обл., 11700","2120","927","2089","19","1174","19","1193","","0","1174","19","1193","13","1180","37","31","836","49","15","0","212","29.10.12"
"181323","65","Житомирська область","школа №3, спортивна зала
вул.Соборності, 54, м.Новоград-Волинський, Житомирська обл., 11700","1872","874","1827","19","979","19","998","","0","979","19","998","23","975","22","32","673","57","7","14","170","29.10.12"
"181324","65","Житомирська область","професійний ліцей, читальна зала
вул.Пушкіна, 47/37, м.Новоград-Волинський, Житомирська обл., 11700","1816","771","1782","22","1026","19","1045","","0","1026","19","1045","16","1029","42","15","671","59","9","8","225","29.10.12"
"181325","65","Житомирська область","школа №4, спортивна зала
вул.Пушкіна, 46, м.Новоград-Волинський, Житомирська обл., 11700","2072","967","2033","33","1075","30","1105","","0","1074","30","1104","22","1082","40","20","733","59","14","5","211","29.10.12"
"181326","65","Житомирська область","школа №4, актова зала
вул.Пушкіна, 46, м.Новоград-Волинський, Житомирська обл., 11700","1144","571","1115","23","556","17","573","","0","556","17","573","7","566","14","6","399","24","0","2","121","29.10.12"
"181327","65","Житомирська область","адмінбудівля птаходільниці, актова зала
вул.2-га Зелена, 31, м.Новоград-Волинський Житомирська обл., 11700","1472","662","1446","17","796","14","810","","0","796","14","810","24","786","31","20","526","38","7","4","160","29.10.12"
"181328","65","Житомирська область","спортивна школа, велика спортивна зала
вул.Ушакова, 54, м.Новоград-Волинський, Житомирська обл., 11700","2328","1034","2294","27","1273","21","1294","","0","1273","21","1294","26","1268","43","46","847","73","9","10","240","29.10.12"
"181329","65","Житомирська область","школа №9, спортивна зала
вул.Гоголя, 9, м.Новоград-Волинський, Житомирська обл., 11700","2032","871","2014","13","1151","10","1161","","0","1151","10","1161","26","1135","37","38","801","58","14","6","181","29.10.12"
"181330","65","Житомирська область","Промислово-економічний технікум, фойє, 2-й поверх
вул.Шевченка, 38, м.Новоград-Волинський, Житомирська обл., 11700","1656","749","1630","19","892","15","907","","0","892","15","907","17","890","41","18","591","31","10","7","192","29.10.12"
"181331","65","Житомирська область","школа №6, обідня зала
вул.Островського, 58, м.Новоград-Волинський, Житомирська обл., 11700","1816","836","1794","16","968","12","980","","0","968","12","980","20","960","37","25","595","51","9","16","227","29.10.12"
"181332","65","Житомирська область","школа №5, спортивна зала
вул.Івана Франка, 30, м.Новоград-Волинський, Житомирська обл., 11700","1528","626","1513","10","892","10","902","","0","892","10","902","23","879","36","21","590","42","3","9","178","29.10.12"
"181333","65","Житомирська область","Палац культури, танцювальна зала
пл.Лесі Українки, 9, м.Новоград-Волинський, Житомирська обл., 11700","2192","892","2162","17","1284","16","1300","","0","1284","16","1300","27","1273","45","27","848","84","11","15","243","29.10.12"
"181334","65","Житомирська область","медичний коледж, актова зала
вул.Івана Мамайчука, 10, м.Новоград-Волинський, Житомирська обл., 11700","2088","867","2046","11","1211","10","1221","","0","1211","10","1221","16","1205","41","28","826","68","8","6","228","29.10.12"
"181335","65","Житомирська область","школа №2, спортивна зала
вул.Івана Франка, 19, м.Новоград-Волинський, Житомирська обл., 11700","1144","478","1116","16","652","14","666","","0","652","14","666","10","656","18","26","430","40","7","6","129","29.10.12"
"181336","65","Житомирська область","школа №10, спортивна гімнастична зала
вул.50 років Жовтня, 75, м.Новоград-Волинський, Житомирська обл., 11700","856","378","858","14","465","13","478","","0","465","13","478","10","468","13","13","343","16","4","1","78","29.10.12"
"181337","65","Житомирська область","Новоград-Волинське міськрайонне територіальне медичне об’єднання, актова зала
вул.Медведєва, 13, м.Новоград-Волинський, Житомирська обл., 11700","304","145","212","70","89","70","159","","0","89","70","159","2","157","1","5","121","5","1","0","24","30.10.12"
