"№ ВД","OBO","Назва регіону України","Місцезнаходження та адреса приміщення для голосування","1) К-сть одержаних бюлетенів","2) К-сть невикористаних бюлетенів","3) К-сть виборців, внесених до списку виборців","4) К-сть виборців, внесених до витягу зі списку виборців","5) К-сть виборців, які отримали бюлетені у приміщенні","6) К-сть виборців, які отримали за місцем перебування","7) Сумарна к-сть виборців, які отримали бюлетені","8) К-сть бюлетенів, що виявилися у кожній скринці","9) К-сть бюлетенів, що не підлягають врахуванню","10) К-сть виборців, які взяли участь у голос. у приміщенні для гол.","11) К-сть виборців, які взяли участь у голос. за місцем перебування","12) К-сть виборців, які взяли участь у голосуванні на виборчій дільниці","13) К-сть бюлетенів, визнаних недійсними","14) Сумарна к-сть голосів виборців ЗА","Браславець
Ольга
Василівна","Вінський
Йосип
Вікентійович","Герега
Олександр
Володимирович","Довгань
Валерій
Іванович","Купчик
Олег
Леонідович","Мусій
Мирослав
Ярославович","Орлов
Володимир
Іванович","Пятак
Галина
Василівна","Свято
Василь
Петрович","Дата підписання протоколу"
"680187","192","Хмельницька область","районний будинок культури, фойє
вул.Грушевського, 61, м.Городок, Городоцький р-н, Хмельницька обл., 32000","1744","804","1687","39","904","36","940","","0","904","36","940","19","921","5","8","748","1","19","114","3","23","0","29.10.12"
"680188","192","Хмельницька область","початкова школа, спортивна зала
вул.Шевченка, 38, м.Городок, Городоцький р-н, Хмельницька обл., 32000","1472","684","1467","30","765","23","788","","0","765","23","788","13","775","7","15","636","0","17","79","1","20","0","29.10.12"
"680189","192","Хмельницька область","центральна районна бібліотека, читальна зала
вул.Грушевського, 51, м.Городок, Городоцький р-н, Хмельницька обл., 32000","1920","972","1888","24","931","17","948","","0","931","17","948","19","929","12","27","702","4","22","139","6","17","0","29.10.12"
"680190","192","Хмельницька область","школа №3, спортивна зала
вул.Грушевського, 86, м.Городок, Городоцький р-н, Хмельницька обл., 32000","1824","967","1806","25","834","23","857","","0","834","23","857","8","849","4","16","659","2","21","121","11","12","3","29.10.12"
"680191","192","Хмельницька область","школа №2, фойє
вул.А.Бухти, 2, м.Городок, Городоцький р-н, Хмельницька обл., 32000","1240","616","1220","28","602","22","624","","0","602","22","624","8","616","3","17","494","2","23","65","7","5","0","29.10.12"
"680192","192","Хмельницька область","районний реабілітаційний центр ""Віра в життя"", фойє
вул.Заводська Площа, 8, м.Городок, Городоцький р-н, Хмельницька обл., 32000","1552","759","1540","34","760","33","793","","0","760","33","793","17","776","5","11","610","2","27","94","5","17","5","29.10.12"
"680193","192","Хмельницька область","школа з польською мовою навчання, спортивна зала
вул.Київська, 13, м.Городок, Городоцький р-н, Хмельницька обл., 32000","1816","850","1786","17","954","12","966","","0","954","12","966","9","957","6","6","768","0","24","121","6","24","2","29.10.12"
"680194","192","Хмельницька область","школа мистецтв, актова зала
вул.Шевченка, 39, м.Городок, Городоцький р-н, Хмельницька обл., 32000","1304","539","1300","40","730","35","765","","1","730","34","764","17","747","6","12","606","2","8","92","1","18","2","05.11.12"
"680195","192","Хмельницька область","дитячий садок ""Ялинка"", актова зала
вул.Станційна, 7/1, м.Городок, Городоцький р-н, Хмельницька обл., 32000","1344","651","1327","20","674","19","693","","0","674","19","693","9","684","4","12","517","2","15","112","11","10","1","29.10.12"
"680196","192","Хмельницька область","селищний будинок культури, фойє
вул.Бузкова, 135, смт Сатанів, Городоцький р-н, Хмельницька обл., 32034","1672","646","1662","51","982","44","1026","","0","982","44","1026","26","1000","29","49","547","7","49","266","34","16","3","29.10.12"
"680197","192","Хмельницька область","санаторій ""Берізка"", їдальня
вул.Монастирська, 18, смт Сатанів, Городоцький р-н, Хмельницька обл., 32034","96","19","102","7","70","7","77","","0","70","7","77","1","76","0","4","64","0","2","4","2","0","0","29.10.12"
"680198","192","Хмельницька область","сільський будинок культури, фойє
вул.Чкалова, 2А, с.Бедриківці, Городоцький р-н, Хмельницька обл., 32043","704","283","687","43","385","36","421","","0","385","36","421","8","413","10","15","338","0","13","28","4","4","1","29.10.12"
"680199","192","Хмельницька область","сільський клуб, фойє
вул.І.Мазепи, 4, с.Новосілка, Городоцький р-н, Хмельницька обл., 32044","368","124","359","11","233","11","244","","0","233","11","244","7","237","1","5","180","1","5","41","1","3","0","29.10.12"
"680200","192","Хмельницька область","сільська рада, актова зала
пров.Шкільний, 5, с.Бубнівка, Городоцький р-н, Хмельницька обл., 32011","304","93","304","15","198","13","211","","0","198","13","211","2","209","0","17","164","0","2","18","4","4","0","29.10.12"
"680201","192","Хмельницька область","сільський будинок культури, читальна зала
вул.Центральна, 82, с.Липівка, Городоцький р-н, Хмельницька обл., 32011","184","48","178","17","120","16","136","","0","120","16","136","0","136","1","6","88","0","5","32","0","4","0","29.10.12"
"680202","192","Хмельницька область","сільський клуб, кабінет завідувача
вул.Шевченка, 3, с.Калинівка, Городоцький р-н, Хмельницька обл., 32011","104","19","105","15","72","13","85","","0","72","13","85","0","85","1","1","46","1","3","31","0","2","0","28.10.12"
"680203","192","Хмельницька область","школа, кабінет біології
вул.Перемоги, 1, с.Варівці, Городоцький р-н, Хмельницька обл., 32020","368","111","359","40","218","39","257","","0","218","39","257","10","247","1","8","165","2","6","40","2","22","1","29.10.12"
"680204","192","Хмельницька область","сільський будинок культури, глядацька зала
вул.Шевченка, 22, с.Великий Карабчіїв, Городоцький р-н, Хмельницька обл., 32066","552","144","541","74","339","69","408","","0","339","69","408","12","396","39","18","206","1","6","91","2","29","4","29.10.12"
"680205","192","Хмельницька область","сільський клуб, глядацька зала
вул.І.Франка, 4, с.Грицьків, Городоцький р-н, Хмельницька обл., 32067","152","27","150","20","105","20","125","","0","105","20","125","4","121","2","9","88","2","1","14","3","0","2","29.10.12"
"680206","192","Хмельницька область","сільський будинок культури, глядацька зала
вул.Чорновола, 21, с.Велика Яромирка, Городоцький р-н, Хмельницька обл., 32054","1080","363","1062","104","622","95","717","","0","622","95","717","12","705","4","30","551","1","10","94","8","7","0","29.10.12"
"680207","192","Хмельницька область","школа, спортивна зала
вул.Шевченка, 55А, с.Завадинці, Городоцький р-н, Хмельницька обл., 32056","440","130","431","37","273","37","310","","0","273","37","310","2","308","4","12","205","0","6","73","2","6","0","29.10.12"
"680208","192","Хмельницька область","сільський будинок культури, коридор
вул.Головна, 16, с.Веселець, Городоцький р-н, Хмельницька обл., 32015","328","101","320","35","192","35","227","","0","192","35","227","1","226","1","25","134","3","6","48","2","5","2","29.10.12"
"680209","192","Хмельницька область","фельдшерсько-акушерський пункт, кабінет завідувача
вул.Центральна, 31, с.Журавлинці, Городоцький р-н, Хмельницька обл., 32015","96","23","90","7","66","7","73","","0","66","7","73","1","72","0","5","45","1","14","6","0","1","0","29.10.12"
"680210","192","Хмельницька область","школа, фойє
вул.Грушевського, 14, с.Жищинці, Городоцький р-н, Хмельницька обл., 32051","744","307","735","42","396","41","437","","0","396","41","437","23","414","2","22","287","5","9","77","2","8","2","29.10.12"
"680211","192","Хмельницька область","сільський клуб, фойє
вул.Грушевського, 4, с.Балакири, Городоцький р-н, Хмельницька обл., 32052","248","64","242","30","155","29","184","","0","155","29","184","9","175","1","8","135","0","4","26","1","0","0","29.10.12"
"680212","192","Хмельницька область","сільська рада, актова зала
вул.В’ячеслава Слободяна, сільська рада, с.Іванківці, Городоцький р-н, Хмельницька обл., 32037","1064","441","1044","94","539","84","623","","0","539","84","623","9","614","43","35","406","1","9","101","6","12","1","29.10.12"
"680213","192","Хмельницька область","школа, початковий клас
вул.Коцюбинського, 21, с.Кам’янка, Городоцький р-н, Хмельницька обл., 32035","392","162","385","31","199","31","230","","0","199","31","230","5","225","4","8","154","0","1","45","7","6","0","29.10.12"
"680214","192","Хмельницька область","сільський клуб, глядацька зала
вул.Шевченка, 33, с.Спасівка, Городоцький р-н, Хмельницька обл., 32036","232","72","224","13","147","13","160","","0","147","13","160","8","152","3","20","78","0","4","43","4","0","0","29.10.12"
"680215","192","Хмельницька область","сільський будинок культури, кінозала
вул.Г.Повха, 160, с.Клинове, Городоцький р-н, Хмельницька обл., 32048","1656","836","1638","61","761","59","820","","0","761","59","820","17","803","11","36","570","5","13","103","60","5","0","29.10.12"
"680216","192","Хмельницька область","школа, фойє
вул.Грушевського, 30, с.Кремінна, Городоцький р-н, Хмельницька обл., 32047","848","241","847","83","531","76","607","","0","531","76","607","11","596","2","26","446","4","12","70","20","16","0","29.10.12"
"680217","192","Хмельницька область","сільська рада, актова зала
пл.Шевченка, 1, с.Кузьмин, Городоцький р-н, Хмельницька обл., 32027","520","141","513","61","321","58","379","","0","321","58","379","6","373","1","15","317","0","1","31","3","4","1","29.10.12"
"680218","192","Хмельницька область","сільський клуб, глядацька зала
вул.Кутузова, сільський клуб, с.Шишківці, Городоцький р-н, Хмельницька обл., 32027","168","40","168","25","105","23","128","","0","105","23","128","3","125","0","8","88","0","5","19","3","2","0","29.10.12"
"680219","192","Хмельницька область","школа, фойє
вул.Глібова, 14, с.Велика Левада, Городоцький р-н, Хмельницька обл., 32061","504","112","488","49","343","49","392","","0","343","49","392","5","387","2","19","292","1","6","65","1","1","0","29.10.12"
"680220","192","Хмельницька область","школа, фойє
вул.В’ячеслава Чорновола, 3, с.Купин, Городоцький р-н, Хмельницька обл., 32060","520","164","514","39","322","34","356","","0","322","34","356","12","344","1","17","250","1","6","50","8","10","1","29.10.12"
"680221","192","Хмельницька область","сільський будинок культури, фойє
вул.Л.Українки, 6, с.Жаглівка, Городоцький р-н, Хмельницька обл., 32014","328","78","318","32","223","27","250","","0","223","27","250","2","248","1","12","211","0","0","18","2","1","3","29.10.12"
"680222","192","Хмельницька область","фельдшерсько-акушерський пункт, фойє
вул.Шевченка, 26, с.Тарасівка, Городоцький р-н, Хмельницька обл., 32014","128","22","126","19","89","17","106","","0","89","17","106","0","106","1","2","93","0","1","4","3","2","0","29.10.12"
"680223","192","Хмельницька область","адмінбудинок ТОВ ""Лісоводське"", актова зала
вул.Ткачука, 4, с.Лісоводи, Городоцький р-н, Хмельницька обл., 32046","920","328","915","66","529","63","592","","0","529","63","592","20","572","2","42","362","8","16","85","49","8","0","29.10.12"
"680224","192","Хмельницька область","будинок творчості, фойє
вул.Сугерова, 52, с.Лісоводи, Городоцький р-н, Хмельницька обл., 32046","1200","421","1185","58","721","58","779","","0","721","58","779","17","762","3","23","482","0","14","151","72","12","5","29.10.12"
"680225","192","Хмельницька область","сільський будинок культури, глядацька зала
пров.Шкільний, 9, с.Лісогірка, Городоцький р-н, Хмельницька обл., 32053","600","190","594","58","354","56","410","","0","354","56","410","9","401","5","10","313","0","4","56","1","12","0","29.10.12"
"680226","192","Хмельницька область","школа, фойє
вул.Героя Радянського Союзу Карася, 11, с.Немиринці, Городоцький р-н, Хмельницька обл., 32010","448","106","452","82","268","74","342","","0","268","74","342","12","330","2","16","217","3","7","51","2","31","1","29.10.12"
"680227","192","Хмельницька область","фельдшерсько-акушерський пункт, фойє
вул.Пушкіна, 20А, с.Дахнівка, Городоцький р-н, Хмельницька обл., 32010","96","30","95","8","58","8","66","","0","58","8","66","1","65","0","1","60","0","0","2","1","0","1","29.10.12"
"680228","192","Хмельницька область","сільський будинок культури, кімната художньої творчості
вул.Центральна, сільський будинок культури, с.Нове Поріччя, Городоцький р-н, Хмельницька обл., 32045","432","164","427","44","229","39","268","","0","229","39","268","4","264","3","5","205","0","9","30","7","3","2","29.10.12"
"680229","192","Хмельницька область","сільський клуб, глядацька зала
вул.Народна, сільський клуб, с.Старе Поріччя, Городоцький р-н, Хмельницька обл., 32045","248","73","241","45","133","42","175","","0","133","42","175","3","172","2","15","112","3","5","33","0","2","0","29.10.12"
"680230","192","Хмельницька область","сільська бібліотека, велика читальна зала
вул.Центральна, 84, с.Новий Світ, Городоцький р-н, Хмельницька обл., 32025","200","50","193","46","107","43","150","","0","107","43","150","0","150","1","4","112","0","2","19","1","11","0","29.10.12"
"680231","192","Хмельницька область","сільський будинок культури, фойє
вул.В.Чорновола, 13, с.Тростянець, Городоцький р-н, Хмельницька обл., 32025","192","52","186","31","109","31","140","","0","109","31","140","3","137","1","13","77","0","1","30","2","12","1","28.10.12"
"680232","192","Хмельницька область","сільський клуб, глядацька зала
вул.Б.Хмельницького, 50, с.Матвійківці, Городоцький р-н, Хмельницька обл., 32025","112","40","103","18","55","17","72","","0","55","17","72","2","70","0","4","46","0","0","18","1","1","0","28.10.12"
"680233","192","Хмельницька область","сільський будинок культури, фойє
вул.Центральна, 61, с.Остапківці, Городоцький р-н, Хмельницька обл., 32022","296","87","286","30","179","30","209","","0","179","30","209","11","198","3","3","15","63","2","16","90","1","5","29.10.12"
"680234","192","Хмельницька область","адмінбудинок сільськогосподарського товариства, фойє
вул.Лесі Українки, адмінбудинок сільськогосподарського товариства, с.Калитинці, Городоцький р-н, Хмельницька обл., 32022","72","20","69","13","39","13","52","","0","39","13","52","0","52","1","7","39","0","0","3","2","0","0","29.10.12"
"680235","192","Хмельницька область","магазин районного споживчого товариства, торговельна зала
вул.Садова, магазин районного споживчого товариства, с.Слобідка-Кузьминська, Городоцький р-н, Хмельницька обл., 32022","120","40","114","16","64","16","80","","0","64","16","80","2","78","0","3","60","0","1","14","0","0","0","29.10.12"
"680236","192","Хмельницька область","школа, спортивна зала
вул.Центральна, адмінбудинок сільськогосподарського товариства, с.Пільний Олексинець, Городоцький р-н, Хмельницька обл., 32050","600","203","594","69","334","63","397","","0","334","63","397","10","387","9","29","217","2","12","96","3","16","3","29.10.12"
"680237","192","Хмельницька область","сільський клуб, кінозала
вул.Жовтнева, сільський клуб, с.Слобідка-Олексинецька, Городоцький р-н, Хмельницька обл., 32026","112","25","108","17","70","17","87","","0","70","17","87","2","85","0","4","65","3","1","11","0","1","0","29.10.12"
"680238","192","Хмельницька область","сільський будинок культури, фойє
вул.І.Франка, сільський будинок культури, с.Підлісний Олексинець, Городоцький р-н, Хмельницька обл., 32026","544","159","539","58","328","57","385","","0","328","57","385","5","380","5","35","228","1","11","84","5","10","1","29.10.12"
"680239","192","Хмельницька область","сільський клуб, фойє
вул.Молодіжна, 80, с.Борщівка, Городоцький р-н, Хмельницька обл., 32041","496","172","487","49","276","48","324","","0","276","48","324","4","320","1","7","225","1","13","49","10","13","1","29.10.12"
"680240","192","Хмельницька область","сільський будинок культури, фойє
вул.Громова-Сельського, 47, с.Радковиця, Городоцький р-н, Хмельницька обл., 32040","336","103","333","33","203","30","233","","0","203","30","233","6","227","0","11","125","0","6","74","2","9","0","29.10.12"
"680241","192","Хмельницька область","школа, актова зала
вул.В.Чорновола, 70, с.Турчинці, Городоцький р-н, Хмельницька обл., 32042","400","129","388","54","222","49","271","","0","222","49","271","10","261","4","16","183","0","4","37","2","15","0","29.10.12"
"680242","192","Хмельницька область","школа, фойє
вул.Грушевського, 154, с.Скипче, Городоцький р-н, Хмельницька обл., 32064","448","151","447","59","242","55","297","","0","242","55","297","5","292","2","25","144","1","8","94","3","12","3","29.10.12"
"680243","192","Хмельницька область","адмінбудинок ТОВ ім.Чкалова, актова зала
вул.Чкалова, 8, с.Сирватинці, Городоцький р-н, Хмельницька обл., 32065","424","131","416","32","264","29","293","","0","264","29","293","13","280","3","17","174","1","5","71","6","3","0","29.10.12"
"680244","192","Хмельницька область","школа, актова зала
вул.Шкільна, 1, с.Стара Пісочна, Городоцький р-н, Хмельницька обл., 32062","408","111","396","64","237","60","297","","0","237","60","297","5","292","0","3","249","2","0","32","1","3","2","29.10.12"
"680245","192","Хмельницька область","фельдшерсько-акушерський пункт, актова зала
пров.Проскурівський, 3А, с.Нова Пісочна, Городоцький р-н, Хмельницька обл., 32063","216","57","214","29","135","24","159","","0","135","24","159","3","156","1","1","141","0","1","7","0","5","0","29.10.12"
"680246","192","Хмельницька область","сільський будинок культури, танцювальна зала
вул.Грушевського, 68, с.Хмелівка, Городоцький р-н, Хмельницька обл., 32021","232","73","224","41","121","38","159","","0","121","38","159","6","153","0","11","100","0","0","30","5","5","2","29.10.12"
"680247","192","Хмельницька область","сільський будинок культури, глядацька зала
вул.Шевченка, 102, с.Хоптинці, Городоцький р-н, Хмельницька обл., 32012","416","140","410","23","253","23","276","","0","253","23","276","4","272","0","16","128","1","6","99","6","15","1","29.10.12"
"680248","192","Хмельницька область","сільський клуб, глядацька зала
вул.І.Кучера, 56, с.Куманів, Городоцький р-н, Хмельницька обл., 32013","344","88","334","30","226","30","256","","0","226","30","256","6","250","3","14","119","2","6","102","2","1","1","29.10.12"
"680249","192","Хмельницька область","фельдшерсько-акушерський пункт, коридор
вул.Л.Українки, фельдшерсько-акушерський пункт, с.Вигнанка, Городоцький р-н, Хмельницька обл., 32013","64","9","61","11","44","11","55","","0","44","11","55","1","54","0","0","40","0","2","12","0","0","0","29.10.12"
"680250","192","Хмельницька область","сільський будинок культури, танцювальна зала
вул.Центральна, 37, с.Чорниводи, Городоцький р-н, Хмельницька обл., 32008","1576","698","1572","117","772","106","878","","0","772","106","878","22","856","9","25","679","2","3","114","16","6","2","29.10.12"
"680251","192","Хмельницька область","сільський клуб, глядацька зала
вул.Л.Українки, 24, с.Мудриголови, Городоцький р-н, Хмельницька обл., 32009","424","166","414","24","236","22","258","","0","236","22","258","8","250","1","9","180","0","2","34","3","21","0","29.10.12"
"680252","192","Хмельницька область","сільський клуб, актова зала
вул.Шевченка, 28, с.Папірня, Городоцький р-н, Хмельницька обл., 32008","112","20","113","7","85","7","92","","0","85","7","92","2","90","0","0","66","2","2","15","2","3","0","29.10.12"
"680253","192","Хмельницька область","сільська рада, актова зала
вул.Соборна, 29, с.Юринці, Городоцький р-н, Хмельницька обл., 32030","984","422","970","26","537","25","562","","0","537","25","562","9","553","16","31","349","3","15","105","16","14","4","29.10.12"
"680254","192","Хмельницька область","школа, кабінет української мови
вул.Л.Українки, 10, с.Сатанівка, Городоцький р-н, Хмельницька обл., 32033","360","115","349","16","229","16","245","","0","229","16","245","4","241","4","17","145","0","11","54","4","6","0","29.10.12"
"680255","192","Хмельницька область","фельдшерсько-акушерський пункт, каб.1
вул.Гоголя, 2, с.Олександрівка, Городоцький р-н, Хмельницька обл., 32030","136","29","134","11","97","10","107","","0","97","10","107","2","105","2","4","58","0","3","30","1","6","1","29.10.12"
"680256","192","Хмельницька область","сільський клуб, фойє
вул.Ветеранів, 2А, с.Зверхівці, Городоцький р-н, Хмельницька обл., 32032","200","49","200","25","130","21","151","","0","130","21","151","1","150","1","12","88","0","7","34","1","6","1","29.10.12"
"680313","192","Хмельницька область","КУ ""Дунаєвецька станція юних натуралістів""
вул.Красінських, 22/1, м.Дунаївці, Дунаєвецький р-н, Хмельницька обл., 32400","1576","719","1552","7","850","7","857","","0","850","7","857","28","829","53","175","277","3","117","182","11","5","6","29.10.12"
"680314","192","Хмельницька область","НВК гімназія, актовий зал
вул.Шевченка, 58, м.Дунаївці, Дунаєвецький р-н, Хмельницька обл., 32400","1928","793","1936","21","1115","20","1135","","0","1115","20","1135","34","1101","65","136","406","11","185","261","14","14","9","29.10.12"
"680315","192","Хмельницька область","будинок культури, фойє
вул.Красінських, 10, м.Дунаївці, Дунаєвецький р-н, Хмельницька обл., 32400","1848","725","1833","15","1109","14","1123","","0","1109","14","1123","28","1095","71","139","389","7","195","256","16","8","14","29.10.12"
"680316","192","Хмельницька область","школа №2, спорт зал
вул.Красінських, 1, м.Дунаївці, Дунаєвецький р-н, Хмельницька обл., 32400","1872","716","1864","12","1144","12","1156","","0","1144","12","1156","29","1127","59","179","325","7","167","362","13","7","8","28.10.12"
"680317","192","Хмельницька область","школа №4, столова
вул.Київська, 16, м.Дунаївці, Дунаєвецький р-н, Хмельницька обл., 32400","2440","1038","2417","28","1377","25","1402","","0","1377","25","1402","41","1361","71","161","566","9","229","239","53","16","17","29.10.12"
"680318","192","Хмельницька область","школа №3, їдальня
вул.Шевченка, 109А, м.Дунаївці, Дунаєвецький р-н, Хмельницька обл., 32400","2008","832","1989","52","1130","46","1176","","0","1130","46","1176","62","1114","67","170","390","3","217","232","19","7","9","03.11.12"
"680319","192","Хмельницька область","зал засідань ЦРЛ, зал засідань
вул.Горького, 7, м.Дунаївці, Дунаєвецький р-н, Хмельницька обл., 32400","648","231","655","2","415","2","417","","0","415","2","417","10","407","26","36","157","3","73","9","96","4","3","29.10.12"
"680320","192","Хмельницька область","школа, спорт зал
пров.Ювілейний, 1, с.Мушкутинці, м.Дунаївці, Дунаєвецький р-н, Хмельницька обл., 32400","616","235","608","17","364","17","381","","0","364","17","381","21","360","16","72","169","4","49","37","2","8","3","29.10.12"
"680321","192","Хмельницька область","школа, фойє
вул.Першотравнева, 12, смт Дунаївці, Дунаєвецький р-н, Хмельницька обл., 32413","2048","818","2019","60","1170","60","1230","","0","1170","60","1230","35","1195","13","610","435","1","59","60","11","3","3","29.10.12"
"680322","192","Хмельницька область","школа, спортзал
вул.Жовтнева, 90, смт Смотрич, Дунаєвецький р-н, Хмельницька обл., 32423","832","367","817","18","448","17","465","","0","448","17","465","7","458","7","81","231","1","30","87","8","9","4","28.10.12"
"680323","192","Хмельницька область","селищна рада, фойє
вул.Радянська, 8, смт Смотрич, Дунаєвецький р-н, Хмельницька обл., 32423","936","381","948","52","507","48","555","","0","507","48","555","11","544","17","69","317","1","49","76","3","10","2","28.10.12"
"680324","192","Хмельницька область","сільський клуб, зал
вул.Леніна, 26, с.Криничани, Дунаєвецький р-н, Хмельницька обл., 32423","232","70","226","23","139","23","162","","0","139","23","162","5","157","2","12","89","2","12","36","3","0","1","28.10.12"
"680325","192","Хмельницька область","будинок культури, фойє
вул.Учительська, 16, с.Балин, Дунаєвецький р-н, Хмельницька обл., 32440","1552","652","1549","56","847","53","900","","0","847","53","900","26","874","19","92","545","5","92","105","10","3","3","29.10.12"
"680326","192","Хмельницька область","будинок культури, зал засідань
вул.Центральна, 72, с.Великий Жванчик, Дунаєвецький р-н, Хмельницька обл., 32473","1152","492","1137","64","608","52","660","","0","608","52","660","23","637","27","75","346","5","68","102","10","3","1","28.10.12"
"680327","192","Хмельницька область","фельдшерсько-акушерський пункт, оглядова
вул.Грушевського, 63, с.Малий Жванчик, Дунаєвецький р-н, Хмельницька обл., 32473","192","52","180","16","124","16","140","","0","124","16","140","0","140","0","37","73","0","14","16","0","0","0","29.10.12"
"680328","192","Хмельницька область","сільський клуб, глядацький зал
вул.Шкільна, 3, с.Велика Кужелева, Дунаєвецький р-н, Хмельницька обл., 32464","472","133","471","61","278","61","339","","0","278","61","339","12","327","7","120","127","2","23","45","2","1","0","29.10.12"
"680329","192","Хмельницька область","будинок культури, актовий зал
вул.І.Франка, 61, с.Велика Побійна, Дунаєвецький р-н, Хмельницька обл., 32471","776","216","772","79","486","74","560","","0","486","74","560","17","543","17","64","351","2","40","62","7","0","0","29.10.12"
"680330","192","Хмельницька область","будинок культури, фойє
вул.Леніна, 88, с.Вихрівка, Дунаєвецький р-н, Хмельницька обл., 32436","352","85","345","21","246","21","267","","0","246","21","267","3","264","2","23","188","1","17","30","3","0","0","28.10.12"
"680331","192","Хмельницька область","дитячий садок, ігрова кімната
вул.Войкова, 76, с.Пільний Мукарів, Дунаєвецького р-н, Хмельницька обл., 32436","280","92","276","22","167","21","188","","0","167","21","188","6","182","6","15","122","3","18","13","1","2","2","28.10.12"
"680332","192","Хмельницька область","будинок культури, актовий зал
вул.Шевченка, 58Б, с.Воробіївка, Дунаєвецький р-н, Хмельницька обл., 32450","616","178","608","41","399","39","438","","0","399","39","438","19","419","16","49","218","3","23","102","2","2","4","29.10.12"
"680333","192","Хмельницька область","школа, фойє
вул.Центральна, 15, с.Ганнівка, Дунаєвецький р-н, Хмельницька обл., 32425","520","166","517","30","324","30","354","","0","324","30","354","8","346","5","42","243","2","20","24","6","3","1","28.10.12"
"680334","192","Хмельницька область","будинок культури, танцювальний зал
вул.Центральна, 18, с.Гірчична, Дунаєвецький р-н, Хмельницька обл., 32460","512","154","503","55","306","52","358","","0","306","52","358","13","345","6","106","173","2","25","30","2","0","1","29.10.12"
"680335","192","Хмельницька область","будинок культури, танцювальний зал
вул.Шевченка, 16, с.Голозубинці, Дунаєвецький р-н, Хмельницька обл., 32466","736","250","716","14","476","10","486","","0","476","10","486","27","459","21","92","216","0","67","51","3","4","5","29.10.12"
"680336","192","Хмельницька область","сільський клуб, глядацький зал
вул.Молодіжна, 44А, с.Гута-Яцьковецька, Дунаєвецький р-н, Хмельницька обл., 32456","376","137","371","61","185","54","239","","0","185","54","239","2","237","3","44","129","3","37","19","1","1","0","28.10.12"
"680337","192","Хмельницька область","сільський клуб, глядацький зал
вул.Молодіжна, 1А, с.Ксаверівка, Дунаєвецький р-н, Хмельницька обл., 32456","168","62","163","25","81","25","106","","0","81","25","106","1","105","2","17","59","1","13","7","1","1","4","28.10.12"
"680338","192","Хмельницька область","приміщення колишньої школи, к.2
вул.Рокосовського, 1/1, с.Дем’янківці, Дунаєвецький р-н, Хмельницька обл., 32461","432","123","431","22","288","21","309","","0","288","21","309","6","303","15","49","116","1","33","81","4","3","1","29.10.12"
"680339","192","Хмельницька область","сільський клуб, глядацький зал
вул.Центральна, 39, с.Держанівка, Дунаєвецький р-н, Хмельницька обл., 32462","280","91","271","14","178","11","189","","0","178","11","189","7","182","5","30","100","1","24","20","1","0","1","28.10.12"
"680340","192","Хмельницька область","фельдшерський пункт, оглядова
вул.Нагірна, 7, с.Антонівка, Дунаєвецький р-н, Хмельницька обл., 32462","104","14","101","7","83","7","90","","0","83","7","90","1","89","1","12","59","1","6","6","2","0","2","28.10.12"
"680341","192","Хмельницька область","будинок культури, танцювальний зал
вул.Леніна, 5, с.Залісці, Дунаєвецький р-н, Хмельницька обл., 32444","976","347","969","86","547","82","629","","0","547","82","629","16","613","20","43","344","4","106","4","9","1","82","29.10.12"
"680342","192","Хмельницька область","будинок культури, фойє
вул.Центральна, 37, с.Зеленче, Дунаєвецький р-н, Хмельницька обл., 32400","864","345","854","57","465","54","519","","0","465","54","519","13","506","13","49","304","1","74","52","7","2","4","29.10.12"
"680343","192","Хмельницька область","будинок культури, фойє
вул.Шкільна, 30, с.Іванківці, Дунаєвецький р-н, Хмельницька обл., 32462","616","197","608","35","385","34","419","","0","385","34","419","11","408","7","43","248","2","42","60","2","2","2","28.10.12"
"680344","192","Хмельницька область","школа, актовий зал
вул.Шкільна, 1, с.Лисець, Дунаєвецький р-н, Хмельницька обл., 32472","684","187","682","50","447","50","497","","0","447","50","497","11","486","8","39","312","5","71","42","2","6","1","29.10.12"
"680345","192","Хмельницька область","будинок культури, актовий зал
вул.Братів Сварників, 21Б, с.Лисогірка, Дунаєвецький р-н, Хмельницька обл., 32420","280","96","284","24","160","24","184","","0","160","24","184","4","180","6","30","107","1","22","10","2","2","0","29.10.12"
"680346","192","Хмельницька область","будинок культури, глядацький зал
вул.Центральна, 116А, с.Лошківці, Дунаєвецький р-н, Хмельницька обл., 32414","808","262","817","72","475","71","546","","0","475","71","546","8","538","3","285","182","0","22","38","8","0","0","29.10.12"
"680347","192","Хмельницька область","Маківський будинок культури, танцювальний зал
вул.Чапаєва, 24, с.Маків, Дунаєвецький р-н, Хмельницька обл., 32445","2440","1133","2424","74","1249","58","1307","","0","1249","58","1307","30","1277","46","280","548","6","154","205","7","19","12","29.10.12"
"680348","192","Хмельницька область","Шатавський НВК, спортзал
вул.Хмельницьке шосе, 31, с.Шатава, Дунаєвецький р-н, Хмельницька обл., 32445","1248","562","1245","42","645","41","686","","0","645","41","686","22","664","16","161","295","4","52","118","4","7","7","29.10.12"
"680349","192","Хмельницька область","школа, фойє
вул.Хмельницьке шосе, 79, с.Слобідка-Рахнівська, Дунаєвецький р-н, Хмельницька обл., 32445","568","154","565","47","369","45","414","","0","369","45","414","8","406","12","111","163","2","57","53","3","2","3","29.10.12"
"680350","192","Хмельницька область","школа, актовий зал
вул.Спортивна, 35А, с.Маліївці, Дунаєвецький р-н, Хмельницька обл., 32432","632","208","624","76","352","72","424","","0","352","72","424","13","411","9","107","210","3","42","33","2","5","0","29.10.12"
"680351","192","Хмельницька область","сільський клуб, глядацький зал
вул.Першотравнева, 12А, с.Сприсівка, Дунаєвецький р-н, Хмельницька обл., 32432","136","36","136","17","84","16","100","","0","84","16","100","2","98","2","27","45","1","2","12","7","2","0","28.10.12"
"680352","192","Хмельницька область","школа, актовий зал
вул.Центральна, 11, с.Малий Карабчіїв, Дунаєвецький р-н, Хмельницька обл., 32411","352","108","349","31","215","29","244","","0","215","29","244","13","231","6","43","133","0","30","15","3","1","0","28.10.12"
"680353","192","Хмельницька область","будинок культури, фойє
вул.Героїв-визволителів, 8А, с.Мала Кужелівка, Дунаєвецький р-н, Хмельницька обл., 32437","432","136","418","45","253","43","296","","0","253","43","296","8","288","8","48","168","1","24","37","1","0","1","28.10.12"
"680354","192","Хмельницька область","фельдшерсько-акушерський пункт, оглядова
вул.Колгоспна, 4, с.Синяківці, Дунаєвецький р-н, Хмельницька обл., 32437","216","55","214","24","137","24","161","","0","137","24","161","2","159","3","37","97","2","7","11","2","0","0","29.10.12"
"680355","192","Хмельницька область","будинок культури, фойє
вул.Шевченка, 39, с.Мала Побіянка, Дунаєвецький р-н, Хмельницька обл., 32470","384","115","371","33","240","29","269","","0","240","29","269","6","263","5","64","135","4","26","23","2","1","3","28.10.12"
"680356","192","Хмельницька область","фельдшерський пункт, к.2
вул.Гагаріна, 32А, с.Притулівка, Дунаєвецький р-н, Хмельницька обл., 32470","112","40","108","8","64","8","72","","0","64","8","72","1","71","1","8","31","0","14","16","0","1","0","28.10.12"
"680357","192","Хмельницька область","будинок культури, актовий зал
вул.Радянська, 59/1, с.Миньківці, Дунаєвецький р-н, Хмельницька обл., 32463","744","261","742","38","447","36","483","","0","447","36","483","10","473","18","67","203","1","69","106","4","4","1","29.10.12"
"680358","192","Хмельницька область","сільський клуб, актовий зал
вул.Гагаріна, 37/1, с.Катеринівка, Дунаєвецький р-н, Хмельницька обл., 32463","128","40","130","4","85","3","88","","0","85","3","88","3","85","3","14","35","0","8","16","0","5","4","28.10.12"
"680359","192","Хмельницька область","сільський клуб, актовий зал
вул.Шкільна, 3/1, с.Городиська, Дунаєвецький р-н, Хмельницька обл., 32463","104","26","102","4","74","4","78","","0","74","4","78","2","76","3","10","39","1","11","5","2","4","1","28.10.12"
"680360","192","Хмельницька область","сільський клуб, актовий зал
вул.1-Травня, 27А, с.Блищанівка, Дунаєвецький р-н, Хмельницька обл., 32454","352","106","344","41","206","40","246","","0","206","40","246","9","237","8","61","107","0","27","25","5","3","1","28.10.12"
"680361","192","Хмельницька область","сільський клуб, актовий зал
вул.Федоришена, 77Б, с.Михайлівка, Дунаєвецький р-н, Хмельницька обл., 32454","344","123","328","33","191","30","221","","0","191","30","221","8","213","3","25","135","1","25","21","0","3","0","28.10.12"
"680362","192","Хмельницька область","будинок культури, танцювальний зал
вул.Б.Хмельницького, 34, с.Міцівці, Дунаєвецький р-н, Хмельницька обл., 32430","1136","274","1129","109","753","109","862","","0","753","109","862","14","848","6","67","639","1","70","55","6","2","2","29.10.12"
"680363","192","Хмельницька область","будинок культури, актовий зал
вул.Леніна, 22, с.Морозів, Дунаєвецький р-н, Хмельницька обл., 32434","512","131","502","39","342","39","381","","0","342","39","381","12","369","10","17","273","1","38","18","8","3","1","29.10.12"
"680364","192","Хмельницька область","сільський клуб, актовий зал
вул.1-го Травня, 7, с.Гута-Морозівська, Дунаєвецький р-н, Хмельницька обл., 32434","152","40","143","10","102","10","112","","0","102","10","112","3","109","0","7","98","0","1","2","1","0","0","29.10.12"
"680365","192","Хмельницька область","будинок культури, актовий зал
вул.Центральна, 28А, с.Нестерівці, Дунаєвецький р-н, Хмельницька обл., 32424","1008","380","997","111","527","101","628","","0","527","101","628","19","609","13","110","338","2","55","76","9","4","2","28.10.12"
"680366","192","Хмельницька область","будинок культури, актовий зал
вул.Центральна, 50, с.Підлісний Мукарів, Дунаєвецький р-н, Хмельницька обл., 32435","672","248","666","69","356","68","424","","0","356","68","424","11","413","16","62","194","1","30","103","5","2","0","29.10.12"
"680367","192","Хмельницька область","школа, хол
вул.Шкільна, 1А, с.Рахнівка, Дунаєвецький р-н, Хмельницька обл., 32452","584","156","587","20","410","18","428","","0","410","18","428","12","416","7","60","224","0","33","82","3","5","2","29.10.12"
"680368","192","Хмельницька область","сільський клуб, хол
вул.Тернавська, 1А, с.Кривчик, Дунаєвецький р-н, Хмельницька обл., 32400","472","137","470","87","248","87","335","","0","248","87","335","7","328","10","48","226","4","21","17","0","2","0","29.10.12"
"680369","192","Хмельницька область","сільський клуб, фойє
вул.Миру, 46А, с.Рачинці, Дунаєвецький р-н, Хмельницька обл., 32467","504","178","494","34","293","33","326","","0","293","33","326","14","312","15","84","161","2","17","27","2","2","2","29.10.12"
"680370","192","Хмельницька область","сільський будинок культури, танцювальний зал
вул.1-Травня, 10, с.Рудка, Дунаєвецький р-н, Хмельницька обл., 32421","568","165","559","25","379","24","403","","0","379","24","403","11","392","11","43","254","0","29","45","8","2","0","28.10.12"
"680371","192","Хмельницька область","школа, кл.2
вул.Леніна, 60, с.Сивороги, Дунаєвецький р-н, Хмельницька обл., 32465","280","80","274","26","176","24","200","","0","176","24","200","10","190","9","56","99","3","12","9","0","2","0","29.10.12"
"680372","192","Хмельницька область","фельдшерський пункт, хол
вул.Миру, 52А, с.Соснівка, Дунаєвецький р-н, Хмельницька обл., 32465","120","33","119","10","77","10","87","","0","77","10","87","0","87","2","5","59","0","7","11","3","0","0","28.10.12"
"680373","192","Хмельницька область","сільський клуб, танцювальний зал
вул.Шевченка, 15, с.Січинці, Дунаєвецький р-н, Хмельницька обл., 32451","712","201","708","31","480","31","511","","0","480","31","511","26","485","35","47","242","5","44","108","3","1","0","29.10.12"
"680374","192","Хмельницька область","сільський клуб, танцювальний зал
вул.50-річчя Перемоги, 22Г, с.Панасівка, Дунаєвецький р-н, Хмельницька обл., 32400","280","80","277","23","178","22","200","","0","178","22","200","7","193","12","26","89","0","19","39","3","2","3","28.10.12"
"680375","192","Хмельницька область","сільський клуб, актовий зал
вул.Шкільна, 3, с.Сокілець, Дунаєвецький р-н, Хмельницька обл., 32472","432","155","426","37","243","34","277","","0","243","34","277","9","268","3","60","148","1","26","26","3","0","1","28.10.12"
"680376","192","Хмельницька область","сільський будинок культури, фойє
вул.Базарна, 1А, с.Ставище, Дунаєвецький р-н, Хмельницька обл., 32431","432","97","430","31","307","28","335","","0","307","28","335","8","327","8","60","153","1","37","56","1","4","7","29.10.12"
"680377","192","Хмельницька область","школа, спорт зал
вул.Шевченка, 122А, с.Стара Гута, Дунаєвецький р-н, Хмельницька обл., 32422","688","258","672","37","393","37","430","","0","393","37","430","14","416","9","36","269","2","26","66","1","4","3","29.10.12"
"680378","192","Хмельницька область","будинок культури, глядацький зал
вул.Г.Атаманчука, 24А, с.Тернова, Дунаєвецький р-н, Хмельницька обл., 32416","528","148","531","50","330","50","380","","0","330","50","380","7","373","4","53","226","3","24","45","12","6","0","28.10.12"
"680379","192","Хмельницька область","фельдшерсько-акушерський пункт, фойє
вул.Молодіжна, 2, с.Тинна, Дунаєвецький р-н, Хмельницька обл., 32411","496","153","498","33","312","31","343","","0","312","31","343","6","337","1","30","212","1","35","53","1","1","3","28.10.12"
"680380","192","Хмельницька область","будинок культури, фойє
вул.Центральна, 53, с.Томашівка, Дунаєвецький р-н, Хмельницька обл., 32410","888","317","880","52","525","46","571","","0","525","46","571","26","545","7","130","316","2","31","50","4","5","0","29.10.12"
"680381","192","Хмельницька область","сільський клуб, танцювальний зал
вул.Саловського, 22, с.Удріївці, Дунаєвецький р-н, Хмельницька обл., 32415","352","78","353","28","247","27","274","","0","247","27","274","6","268","5","48","146","1","35","29","2","0","2","29.10.12"
"680382","192","Хмельницька область","будинок культури, актовий зал
вул.М.Ковальчука, 34, с.Чаньків, Дунаєвецький р-н, Хмельницька обл., 32442","952","261","937","56","635","56","691","","0","635","56","691","17","674","21","57","392","3","58","133","7","1","2","28.10.12"
"680383","192","Хмельницька область","фельдшерський пункт, оглядова
вул.Радянської Армії, 20, с.Степок, Дунаєвецький р-н, Хмельницька обл., 32440","96","33","96","7","56","7","63","","0","56","7","63","1","62","2","10","36","0","5","4","4","0","1","28.10.12"
"680384","192","Хмельницька область","сільський клуб, актовий зал
вул.Пролетарська, 33, с.Заставля, Дунаєвецький р-н, Хмельницька обл., 32443","584","180","577","25","379","25","404","","0","379","25","404","10","394","25","58","152","3","63","87","1","3","2","29.10.12"
"680385","192","Хмельницька область","сільський клуб, актовий зал
вул.Центральна, 14, с.Чечельник, Дунаєвецький р-н, Хмельницька обл., 32446","512","139","501","36","338","35","373","","0","338","35","373","8","365","2","60","256","1","16","17","7","4","2","29.10.12"
"680386","192","Хмельницька область","фельдшерський пункт, к.2
вул.Центральна, 6, с.Слобідка-Балинська, Дунаєвецький р-н, Хмельницька обл., 32446","264","83","272","24","157","24","181","","0","157","24","181","6","175","4","35","96","4","15","20","1","0","0","28.10.12"
"680387","192","Хмельницька область","обласна протитуберкульозна лікарня, адмінбудівля
вул.Лікарняна, 1, с.Голозубинці, Дунаєвецький р-н, Хмельницька обл., 32466","104","7","100","37","60","37","97","","0","60","37","97","3","94","1","2","81","1","6","1","1","1","0","29.10.12"
"681139","192","Хмельницька область","будинок культури, 1-й поверх
вул.Центральна, 61Б, смт Чемерівці, Чемеровецький р-н, Хмельницька обл., 31600","1256","557","1240","23","679","20","699","","0","679","20","699","15","684","17","81","380","35","46","97","9","4","15","29.10.12"
"681140","192","Хмельницька область","чемеровецький медичний коледж, фойє, 1-й поверх
вул.Центральна, 32, смт Чемерівці, Чемеровецький р-н, Хмельницька обл., 31600","856","336","846","20","500","20","520","","0","500","20","520","9","511","13","32","324","21","28","70","4","5","14","29.10.12"
"681141","192","Хмельницька область","школа №2, фойє
вул.Центральна, 3, смт Чемерівці, Чемеровецький р-н, Хмельницька обл., 31600","920","424","912","7","491","5","496","","0","491","5","496","12","484","16","66","262","14","31","68","7","2","18","29.10.12"
"681142","192","Хмельницька область","школа-сад, фойє
вул.Хмельницька, 11, смт Чемерівці, Чемеровецький р-н, Хмельницька обл., 31600","696","314","685","11","375","7","382","","0","375","7","382","13","369","11","33","212","13","21","65","3","0","11","29.10.12"
"681143","192","Хмельницька область","будинок культури, фойє, 1-й поверх
вул.Центральна, 9, смт Закупне, Чемеровецький р-н, Хмельницька обл., 31614","1128","493","1105","65","577","58","635","","0","577","58","635","15","620","8","95","334","8","30","119","13","5","8","29.10.12"
"681144","192","Хмельницька область","будинок культури, фойє
вул.Бринського, 78, с.Андріївка, Чемеровецький р-н, Хмельницька обл., 31633","488","120","482","34","336","32","368","","0","336","32","368","7","361","20","31","211","20","6","59","7","1","6","29.10.12"
"681145","192","Хмельницька область","сільський клуб, фойє
вул.Центральна, 67, с.Бережанка, Чемеровецький р-н, Хмельницька обл., 31600","888","294","878","86","520","74","594","","0","520","74","594","15","579","16","25","357","28","27","111","5","3","7","29.10.12"
"681146","192","Хмельницька область","будинок культури, фойє
вул.Жовтнева, 1, с.Біла, Чемеровецький р-н, Хмельницька обл., 31648","1000","414","990","79","516","70","586","","0","516","70","586","12","574","7","40","471","7","19","18","5","1","6","28.10.12"
"681147","192","Хмельницька область","Будинок культури
вул.Залізнична, 28, с.Вільхівці, Чемеровецький р-н, Хмельницька обл., 31615","1080","292","1066","119","679","109","788","","0","679","109","788","12","776","11","136","447","5","26","105","31","7","8","28.10.12"
"681148","192","Хмельницька область","сільський клуб
вул.Івана Франка, 11, с.Кузьминчик, Чемеровецький р-н, Хмельницька обл., 31615","168","39","160","31","99","30","129","","0","99","30","129","2","127","14","7","86","0","4","14","0","1","1","29.10.12"
"681149","192","Хмельницька область","будинок культури, фойє
вул.Миру, 56, с.Вівся, Чемеровецький р-н, Хмельницька обл., 31610","664","266","658","16","382","16","398","","0","382","16","398","5","393","3","57","224","10","14","66","13","3","3","29.10.12"
"681150","192","Хмельницька область","будинок культури, фойє
вул.Маліновського, 75, с.Вишнівчик, Чемеровецький р-н, Хмельницька обл., 31622","728","343","710","55","335","50","385","","0","335","50","385","10","375","5","68","198","2","13","78","4","3","4","29.10.12"
"681151","192","Хмельницька область","сільський клуб, фойє
вул.Заводська, 1, с.Вишнівчик, Чемеровецький р-н, Хмельницька обл., 31622","696","361","686","44","299","36","335","","0","299","36","335","9","326","4","45","170","5","14","65","9","7","7","29.10.12"
"681152","192","Хмельницька область","школа, їдальня
вул.Шевченка, 27, с.Завадівка, Чемеровецький р-н, Хмельницька обл., 31622","480","209","475","40","237","34","271","","0","237","34","271","6","265","8","27","120","0","8","92","4","3","3","29.10.12"
"681153","192","Хмельницька область","ФАП, к.3
вул.Івахова, 4, с.Слобідка-Скипчанська, Чемеровецький р-н, Хмельницька обл., 31624","152","56","146","30","71","25","96","","0","71","25","96","3","93","0","7","42","1","5","36","2","0","0","28.10.12"
"681154","192","Хмельницька область","адмінбудинок сільської ради, кімната засідань
вул.Леніна, 2, с.Голенищеве, Чемеровецький р-н, Хмельницька обл., 31611","416","107","402","37","272","37","309","","0","272","37","309","9","300","4","15","222","2","5","46","2","3","1","29.10.12"
"681155","192","Хмельницька область","будинок культури, фойє
вул.Радянська, 46А, с.Гусятин, Чемеровецький р-н, Хмельницька обл., 31617","896","319","888","72","514","63","577","","0","514","63","577","8","569","12","121","307","8","32","79","7","2","1","29.10.12"
"681156","192","Хмельницька область","сільський клуб, фойє
вул.Садова, 6А, с.Боднарівка, Чемеровецький р-н, Хмельницька обл., 31617","328","94","321","30","205","29","234","","0","205","29","234","4","230","1","57","136","1","4","26","2","1","2","28.10.12"
"681157","192","Хмельницька область","школа, спортивний зал
вул.Папаніна, 66, с.Гуків, Чемеровецький р-н, Хмельницька обл., 31660","560","199","549","56","307","54","361","","0","307","54","361","12","349","6","62","205","0","22","40","9","2","3","29.10.12"
"681158","192","Хмельницька область","сільський клуб, фойє
вул.Молодіжна, 11В, с.Мар’янівка, Чемеровецький р-н, Хмельницька обл., 31661","432","138","420","42","254","40","294","","0","254","40","294","6","288","10","13","181","2","2","79","1","0","0","29.10.12"
"681159","192","Хмельницька область","сільський клуб, фойє
вул.Набережна, 27А, с.Долинівка, Чемеровецький р-н, Хмельницька обл., 31660","88","26","82","8","54","8","62","","0","54","8","62","0","62","0","13","23","2","3","13","7","0","1","29.10.12"
"681160","192","Хмельницька область","сільський клуб, фойє
вул.Мрачківського, 3А, с.Бурти, Чемеровецький р-н, Хмельницька обл., 31660","64","20","62","2","42","2","44","","0","42","2","44","1","43","0","9","26","0","0","7","0","1","0","29.10.12"
"681161","192","Хмельницька область","школа, фойє
вул.Центральна, 36, с.Жабинці, Чемеровецький р-н, Хмельницька обл., 31650","488","154","480","40","298","36","334","","0","298","36","334","3","331","1","25","203","1","1","98","1","0","1","29.10.12"
"681162","192","Хмельницька область","будинок культури, фойє
вул.Лесі Українки, 16, с.Жердя, Чемеровецький р-н, Хмельницька обл., 31664","1168","474","1143","90","610","84","694","","0","610","84","694","26","668","8","33","431","7","19","117","14","3","36","29.10.12"
"681163","192","Хмельницька область","вул.Богдана Хмельницького, 50А с.Залуччя, Чемеровецький р-н, Хмельницька обл., 31646
вул.Богдана Хмельницького, 50А с.Залуччя, Чемеровецький р-н, Хмельницька обл., 31646","520","182","515","40","302","36","338","","0","302","36","338","5","333","6","93","149","1","18","55","6","2","3","29.10.12"
"681164","192","Хмельницька область","адмінбудинок сільської ради, кімната засідань
вул.Жовтнева, 1А, с.Черче, Чемеровецький р-н, Хмельницька обл., 31646","480","118","474","87","282","80","362","","0","282","80","362","10","352","9","53","212","0","13","47","8","3","7","29.10.12"
"681165","192","Хмельницька область","школа, фойє
вул.Леніна, 84, с.Зарічанка, Чемеровецький р-н, Хмельницька обл., 31652","632","130","619","43","461","41","502","","0","461","41","502","11","491","3","60","257","25","26","97","4","1","18","29.10.12"
"681166","192","Хмельницька область","торговий центр, хол
вул.Свердлова, 128, с.Драганівка, Чемеровецький р-н, Хмельницька обл., 31652","544","122","525","38","387","35","422","","0","387","35","422","17","405","6","35","222","41","14","73","1","1","12","29.10.12"
"681167","192","Хмельницька область","будинок культури, фойє
вул.Молодіжна, 1, с.Івахнівці, Чемеровецький р-н, Хмельницька обл., 31618","920","531","908","33","358","31","389","","0","358","31","389","13","376","5","29","237","6","12","74","4","4","5","28.10.12"
"681168","192","Хмельницька область","будинок культури, фойє
вул.Центральна, 20, с.Кочубіїв, Чемеровецький р-н, Хмельницька обл., 31665","632","267","622","92","280","85","365","","0","280","85","365","9","356","14","33","198","5","15","73","8","1","9","29.10.12"
"681169","192","Хмельницька область","будинок культури, фойє
вул.Головатюка, 18, с.Красноставці, Чемеровецький р-н, Хмельницька обл., 31666","808","272","802","69","470","66","536","","0","470","66","536","12","524","13","39","400","2","8","49","5","2","6","29.10.12"
"681170","192","Хмельницька область","будинок культури, фойє
вул.Незалежності, 2, с.Кормильча, Чемеровецький р-н, Хмельницька обл., 31655","512","128","505","44","345","39","384","","0","345","39","384","4","380","8","60","159","4","11","98","9","2","29","29.10.12"
"681171","192","Хмельницька область","сільський клуб, фойє
вул.Коробчука, 53, с.Ружа, Чемеровецький р-н, Хмельницька обл., 31655","176","27","173","25","124","25","149","","0","124","25","149","2","147","23","8","60","0","1","48","5","0","2","28.10.12"
"681172","192","Хмельницька область","будинок культури, фойє
вул.Пилипа Коновала, 7, с.Кутківці, Чемеровецький р-н, Хмельницька обл., 31612","976","407","966","53","519","50","569","","0","519","50","569","18","551","9","53","344","5","30","82","19","5","4","29.10.12"
"681173","192","Хмельницька область","сільський клуб, фойє
вул.Матросова, 46, с.Дубівка, Чемеровецький р-н, Хмельницька обл., 31612","128","38","125","13","79","11","90","","0","79","11","90","1","89","1","16","51","1","2","14","1","3","0","28.10.12"
"681174","192","Хмельницька область","школа, спортивний зал
вул.Центральна, 112, с.Кугаївці, Чемеровецький р-н, Хмельницька обл., 31632","1208","419","1199","119","680","109","789","","0","680","109","789","19","770","14","42","537","27","26","99","8","4","13","29.10.12"
"681175","192","Хмельницька область","будинок культури, фойє
вул.Дробного, 2, с.Летава, Чемеровецький р-н, Хмельницька обл., 31651","1424","595","1407","29","806","23","829","","0","806","23","829","51","778","29","102","499","7","34","87","9","3","8","29.10.12"
"681176","192","Хмельницька область","сільський клуб, фойє
вул.Центральна, 42, с.Чагарівка, Чемеровецький р-н, Хмельницька обл., 31651","128","38","117","10","80","10","90","","0","80","10","90","2","88","0","24","44","1","3","12","3","1","0","31.10.12"
"681177","192","Хмельницька область","сільський клуб, фойє
вул.Ленінградська, 1, с.Михайлівка, Чемеровецький р-н, Хмельницька обл., 31651","80","20","77","2","58","2","60","","0","58","2","60","2","58","1","8","10","0","1","36","2","0","0","29.10.12"
"681178","192","Хмельницька область","будинок культури, фойє
вул.Грушевського, 103А, с.Почапинці, Чемеровецький р-н, Хмельницька обл., 31654","872","416","866","35","429","27","456","","0","429","27","456","14","442","5","22","330","4","17","48","6","2","8","28.10.12"
"681179","192","Хмельницька область","будинок культури, фойє
вул.Леніна, 20, с.Пукляки, Чемеровецький р-н, Хмельницька обл., 31663","240","63","227","11","167","10","177","","0","167","10","177","3","174","2","14","125","1","1","28","2","0","1","29.10.12"
"681180","192","Хмельницька область","сільський клуб, фойє
вул.Леніна, 32, с.Мала Бережанка, Чемеровецький р-н, Хмельницька обл., 31663","208","45","201","20","145","18","163","","0","145","18","163","6","157","4","12","92","0","3","46","0","0","0","29.10.12"
"681181","192","Хмельницька область","будинок культури, фойє
вул.Гагаріна, 29, с.П’ятничани, Чемеровецький р-н, Хмельницька обл., 31662","392","98","393","34","262","32","294","","0","262","32","294","6","288","7","38","193","1","3","34","11","0","1","29.10.12"
"681182","192","Хмельницька область","будинок культури, фойє
вул.Шкільна, 19, с.Свіршківці, Чемеровецький р-н, Хмельницька обл., 31620","952","376","937","70","508","68","576","","0","508","68","576","12","564","7","26","401","3","22","85","6","6","8","29.10.12"
"681183","192","Хмельницька область","сільський клуб, фойє
вул.Кільцева, 5, с.Демківці, Чемеровецький р-н, Хмельницька обл., 31621","568","238","560","54","276","54","330","","0","276","54","330","6","324","17","15","198","10","5","73","2","2","2","29.10.12"
"681184","192","Хмельницька область","сільський клуб, фойє
вул.Котовського, 50А, с.Залісся, Чемеровецький р-н, Хмельницька обл., 31621","184","42","181","11","131","11","142","","0","131","11","142","4","138","29","5","79","1","6","13","3","1","1","29.10.12"
"681185","192","Хмельницька область","сільський клуб, фойє
вул.Пушкіна, 1А, с.Слобідка-Смотрицька, Чемеровецький р-н, Хмельницька обл., 31640","360","140","351","20","200","20","220","","0","200","20","220","9","211","8","38","117","7","3","33","3","1","1","29.10.12"
"681186","192","Хмельницька область","сільський клуб, фойє
вул.Центральна, 43, с.Гайове, Чемеровецький р-н, Хмельницька обл., 31640","192","66","190","19","110","16","126","","0","110","16","126","4","122","0","27","56","1","3","32","0","1","2","29.10.12"
"681187","192","Хмельницька область","сільський клуб, фойє
вул.Вишнева, 17, с.Нова Гута, Чемеровецький р-н, Хмельницька обл., 31640","104","26","97","12","66","12","78","","0","66","12","78","2","76","4","11","33","0","5","18","1","4","0","29.10.12"
"681188","192","Хмельницька область","школа, спортивний зал
вул.Шкільна, 1, с.Степанівка, Чемеровецький р-н, Хмельницька обл., 31644","544","156","527","68","324","64","388","","0","324","64","388","7","381","8","27","194","4","9","125","4","8","2","29.10.12"
"681189","192","Хмельницька область","будинок культури, фойє
вул.Центральна, 2, с.Сокиринці, Чемеровецький р-н, Хмельницька обл., 31635","392","127","384","44","229","36","265","","0","229","36","265","5","260","6","24","138","6","11","64","6","0","5","29.10.12"
"681190","192","Хмельницька область","сільський клуб, фойє
вул.Центральна, 1, с.Збриж, Чемеровецький р-н, Хмельницька обл., 31635","200","56","195","29","117","27","144","","0","117","27","144","3","141","5","42","71","0","6","15","0","2","0","28.10.12"
"681191","192","Хмельницька область","сільський клуб, фойє
вул.Яблунева, 20, с.Ленінське, Чемеровецький р-н, Хмельницька обл., 31635","104","32","102","9","65","7","72","","0","65","7","72","4","68","1","11","42","1","4","8","0","1","0","29.10.12"
"681192","192","Хмельницька область","будинок культури, фойє
вул.Броніслава Мельника, 1, с.Хропотова, Чемеровецький р-н, Хмельницька обл., 31641","616","245","602","49","328","43","371","","0","328","43","371","11","360","21","66","185","3","7","65","7","3","3","29.10.12"
"681193","192","Хмельницька область","школа, актовий зал
вул.Римара, 1, с.Чорна, Чемеровецький р-н, Хмельницька обл., 31642","832","254","820","75","511","67","578","","0","511","67","578","10","568","7","79","389","4","11","58","11","2","7","28.10.12"
"681194","192","Хмельницька область","ФАП, фойє
вул.Жовтнева, 16А, с.Антонівка, Чемеровецький р-н, Хмельницька обл., 31642","104","48","95","8","48","8","56","","0","48","8","56","1","55","0","6","33","0","5","10","1","0","0","29.10.12"
"681195","192","Хмельницька область","школа, актовий зал
вул.Богдана Хмельницького, 33/1, с.Цикова, Чемеровецький р-н, Хмельницька обл., 31645","656","240","647","49","372","44","416","","0","372","44","416","16","400","8","54","244","5","15","66","3","0","5","29.10.12"
"681196","192","Хмельницька область","сільський клуб, фойє
вул.Кірова, 24/1, с.Карачківці, Чемеровецький р-н, Хмельницька обл., 31645","128","30","123","13","87","11","98","","0","87","11","98","3","95","0","11","62","2","2","18","0","0","0","29.10.12"
"681197","192","Хмельницька область","школа, актовий зал
вул.Центральна, 19, с.Шидлівці, Чемеровецький р-н, Хмельницька обл., 31630","384","131","368","37","218","35","253","","0","218","35","253","7","246","3","18","149","2","5","66","1","2","0","29.10.12"
"681198","192","Хмельницька область","школа, спортивний зал
вул.Надзбручанська, 30, с.Криків, Чемеровецький р-н, Хмельницька обл., 31630","376","130","372","32","216","30","246","","0","216","30","246","2","244","8","34","124","5","10","40","18","2","3","29.10.12"
"681199","192","Хмельницька область","сільський клуб, фойє
вул.Мічуріна, 13, с.Вікторівка, Чемеровецький р-н, Хмельницька обл., 31630","152","39","146","7","106","7","113","","0","106","7","113","1","112","17","10","73","1","0","7","1","0","3","29.10.12"
"681200","192","Хмельницька область","дитячий садок, зал
вул.Центральна, 5, с.Велика Зелена, Чемеровецький р-н, Хмельницька обл., 31630","184","48","180","20","118","18","136","","0","118","18","136","3","133","3","30","73","0","1","20","2","2","2","29.10.12"
"681201","192","Хмельницька область","будинок культури, фойє
вул.Щорса, 19, с.Юрківці, Чемеровецький р-н, Хмельницька обл., 31600","768","329","754","32","408","31","439","","0","408","31","439","7","432","20","37","238","12","21","86","2","5","11","29.10.12"
"681202","192","Хмельницька область","сільський клуб, фойє
вул.Чкалова, 32, с.Теремківці, Чемеровецький р-н, Хмельницька обл., 31600","352","137","351","17","199","16","215","","0","199","16","215","2","213","4","14","136","4","7","34","5","0","9","29.10.12"
"681203","192","Хмельницька область","будинок культури, фойє
вул.Центральна, 70, с.Ямпільчик, Чемеровецький р-н, Хмельницька обл., 31608","576","167","566","61","354","55","409","","0","354","55","409","12","397","18","18","266","5","11","60","8","2","9","29.10.12"
"681267","192","Хмельницька область","сільський будинок культури, к.2
вул.Хмельницька, 16/4, с.Антонівці, Ярмолинецький р-н, Хмельницька обл., 32115","440","116","425","20","307","17","324","","0","307","17","324","8","316","3","31","201","2","10","60","4","4","1","29.10.12"
"681268","192","Хмельницька область","сільський клуб, к.2
вул.Молодіжна, 28А, с.Голохвасти, Ярмолинецький р-н, Хмельницька обл., 32115","160","50","151","11","99","11","110","","0","99","11","110","6","104","0","4","40","0","2","53","1","3","1","29.10.12"
"681269","192","Хмельницька область","школа, к.2
вул.Хмельницька, 13, с.Баламутівка, Ярмолинецький р-н, Хмельницька обл., 32122","432","103","423","57","276","53","329","","0","276","53","329","1","328","2","19","192","4","13","90","2","4","2","29.10.12"
"681270","192","Хмельницька область","сільський клуб, к.2
вул.Польова, 2, с.Лугове, Ярмолинецький р-н, Хмельницька обл., 32124","232","73","230","21","142","17","159","","0","142","17","159","5","154","6","28","80","0","6","26","7","1","0","29.10.12"
"681271","192","Хмельницька область","будинок культури, к.2
вул.Лесі Українки, 69, с.Баранівка, Ярмолинецький р-н, Хмельницька обл., 32143","184","48","179","38","99","37","136","","0","99","37","136","3","133","8","11","91","1","3","16","0","2","1","29.10.12"
"681272","192","Хмельницька область","сільський клуб, к.2
вул.Лісова, 22, с.Круті Броди, Ярмолинецький р-н, Хмельницька обл., 32143","96","26","97","16","56","14","70","","0","56","14","70","2","68","2","7","41","1","3","12","1","0","1","29.10.12"
"681273","192","Хмельницька область","адмінбудинок сільської ради, к.2
вул.Садова, 5, с.Боднарівка, Ярмолинецький р-н, Хмельницька обл., 32132","208","68","198","26","116","24","140","","0","116","24","140","5","135","1","6","99","1","0","21","5","2","0","29.10.12"
"681274","192","Хмельницька область","ФАП, к.2
вул.Садова, 10, с.Борбухи, Ярмолинецький р-н, Хмельницька обл., 32132","88","31","83","17","42","15","57","","0","42","15","57","1","56","0","2","30","3","1","18","0","0","2","29.10.12"
"681275","192","Хмельницька область","адмінбудинок ПОП ""Смотрич"", к.2
вул.Гагаріна, 5, с.Буйволівці, Ярмолинецький р-н, Хмельницька обл., 32114","440","130","439","64","255","55","310","","0","255","55","310","8","302","12","23","185","1","10","63","1","4","3","29.10.12"
"681276","192","Хмельницька область","сільська рада, к.2
вул.Центральна, 24/1, с.Вербка, Ярмолинецький р-н, Хмельницька обл., 32141","368","102","358","48","221","45","266","","0","221","45","266","9","257","2","35","107","1","4","98","5","5","0","29.10.12"
"681277","192","Хмельницька область","сільський будинок культури, к.2
вул.Молодіжна, 1, с.Вербка-Мурована, Ярмолинецький р-н, Хмельницька обл., 32142","384","92","375","67","229","63","292","","0","229","63","292","15","277","1","8","227","2","7","19","7","6","0","29.10.12"
"681278","192","Хмельницька область","школа, к.2
вул.Центральна, 3, с.Виноградівка, Ярмолинецький р-н, Хмельницька обл., 32123","384","100","386","92","198","86","284","","0","198","86","284","6","278","6","20","204","0","8","32","5","2","1","29.10.12"
"681279","192","Хмельницька область","сільська бібліотека, к.2
вул.Центральна, 1, с.Слобідка, Ярмолинецький р-н, Хмельницька обл., 32123","128","38","123","32","63","27","90","","0","63","27","90","3","87","1","16","51","0","1","14","2","2","0","29.10.12"
"681280","192","Хмельницька область","сільський будинок культури, к.2
вул.Лесі Українки, 29, с.Глушківці, Ярмолинецький р-н, Хмельницька обл., 32160","824","331","813","47","447","46","493","","0","447","46","493","26","467","10","93","189","2","17","141","5","6","4","29.10.12"
"681281","192","Хмельницька область","сільський будинок культури, к.2
вул.Б.Хмельницького, 29, с.Слобідка Глушковецька, Ярмолинецький р-н, Хмельницька обл., 32160","168","63","159","16","90","15","105","","0","90","15","105","5","100","1","12","51","1","3","26","2","2","2","29.10.12"
"681282","192","Хмельницька область","сільський клуб, к.2
вул.Суворова, 1, с.Жилинці, Ярмолинецький р-н, Хмельницька обл., 32131","612","277","463","47","292","43","335","","0","292","43","335","11","324","4","23","197","2","19","77","0","2","0","29.10.12"
"681283","192","Хмельницька область","ЛОК ""Яблуневий сад"", к.2
вул.Піонерська, 1, с.Жилинці (Левківці), Ярмолинецький р-н, Хмельницька обл., 32131","232","55","227","33","145","32","177","","0","145","32","177","4","173","4","29","98","0","3","36","1","1","1","29.10.12"
"681284","192","Хмельницька область","адмінбудинок сільської ради, к.2
вул.Перемоги, 6, с.Кадиївка, Ярмолинецький р-н, Хмельницька обл., 32112","408","132","404","22","256","20","276","","0","256","20","276","5","271","6","23","176","3","10","45","5","3","0","29.10.12"
"681285","192","Хмельницька область","сільський клуб, к.2
вул.Шкільна, 1, с.Волудринці, Ярмолинецький р-н, Хмельницька обл., 32112","264","96","254","22","146","22","168","","0","146","22","168","4","164","11","37","58","3","14","38","1","0","2","29.10.12"
"681286","192","Хмельницька область","ФАП, к.2
вул.Першотравнева, 8А, с.Слобідка-Кадиївська, Ярмолинецький р-н, Хмельницька обл., 32112","120","37","116","18","66","17","83","","0","66","17","83","5","78","0","20","39","1","1","8","5","0","4","29.10.12"
"681287","192","Хмельницька область","школа, к.2
вул.Кам’янецька, 16, с.Косогірка, Ярмолинецький р-н, Хмельницька обл., 32115","376","116","375","32","228","32","260","","0","228","32","260","14","246","2","14","140","1","10","70","4","4","1","29.10.12"
"681288","192","Хмельницька область","контора СТОВ ""Михайлівський"", к.2
вул.Центральна, 3, с.Михайлівка, Ярмолинецький р-н, Хмельницька обл., 32140","424","139","412","52","237","48","285","","0","237","48","285","3","282","7","39","133","4","18","58","11","8","4","29.10.12"
"681289","192","Хмельницька область","ветлікарня, к.2
вул.Степова, 2, с.Видошня, Ярмолинецький р-н, Хмельницька обл., 32140","144","36","139","12","97","11","108","","0","97","11","108","0","108","2","9","68","0","4","19","4","2","0","29.10.12"
"681290","192","Хмельницька область","сільський клуб, к.2
вул.Пушкіна, 1, с.Іванівка, Ярмолинецький р-н, Хмельницька обл., 32140","136","35","131","34","68","33","101","","0","68","33","101","2","99","2","10","59","1","2","14","5","4","2","29.10.12"
"681291","192","Хмельницька область","ФАП, к.2
вул.Лесі Українки, 54, с.Королівка, Ярмолинецький р-н, Хмельницька обл., 32140","120","27","118","31","65","28","93","","0","65","28","93","2","91","0","20","32","2","7","22","5","2","1","29.10.12"
"681292","192","Хмельницька область","сільський клуб, к.2
вул.Ветеранів, 23, с.Микитинці, Ярмолинецький р-н, Хмельницька обл., 32140","56","17","51","9","30","9","39","","0","30","9","39","0","39","0","12","3","2","3","14","3","1","1","31.10.12"
"681293","192","Хмельницька область","сільський будинок культури, к.2
вул.Б.Хмельницького, 5Б, с.Монастирок, Ярмолинецький р-н, Хмельницька обл., 32125","176","62","171","20","99","15","114","","0","99","15","114","6","108","3","21","67","1","1","10","1","1","3","29.10.12"
"681294","192","Хмельницька область","сільський клуб, к.2
вул.Центральна, 5А, с.Іванківці, Ярмолинецький р-н, Хмельницька обл., 32126","248","90","240","41","120","38","158","","0","120","38","158","4","154","5","27","72","2","13","25","5","3","2","29.10.12"
"681295","192","Хмельницька область","сільський клуб, к.2
вул.Шевченка, 19А, с.Михалківці, Ярмолинецький р-н, Хмельницька обл., 32125","232","86","228","26","123","23","146","","0","123","23","146","10","136","6","24","68","3","5","21","5","2","2","29.10.12"
"681296","192","Хмельницька область","сільський будинок культури, к.2
вул.40-річчя Перемоги, 1, с.Москалівка, Ярмолинецький р-н, Хмельницька обл., 32110","456","141","447","43","275","40","315","","0","275","40","315","10","305","16","23","200","6","6","44","6","3","1","29.10.12"
"681297","192","Хмельницька область","сільський клуб, к.2
вул.Котовського, 10, с.Верхівці, Ярмолинецький р-н, Хмельницька обл., 32110","120","36","122","28","58","26","84","","0","58","26","84","6","78","1","4","43","0","3","24","2","0","1","29.10.12"
"681298","192","Хмельницька область","сільський клуб, к.2
вул.Рибалко, 8, с.Коритна, Ярмолинецький р-н, Хмельницька обл., 32110","288","86","274","48","157","45","202","","0","157","45","202","6","196","5","55","72","2","6","51","4","1","0","29.10.12"
"681299","192","Хмельницька область","сільський будинок культури, к.2
вул.Центральна, 1, с.Пасічна, Ярмолинецький р-н, Хмельницька обл., 32133","216","58","209","18","144","14","158","","0","144","14","158","7","151","1","16","102","0","6","22","3","1","0","29.10.12"
"681300","192","Хмельницька область","ФАП, к.2
вул.Центральна, 1, с.Васильківці, Ярмолинецький р-н, Хмельницька обл., 32133","88","25","86","11","52","11","63","","0","52","11","63","1","62","1","19","29","1","2","7","1","1","1","29.10.12"
"681301","192","Хмельницька область","ФАП, к.2
вул.Центральна, 1, с.Магнишівка, Ярмолинецький р-н, Хмельницька обл., 32133","120","30","117","24","67","23","90","","0","67","23","90","2","88","1","8","60","1","3","12","0","1","2","29.10.12"
"681302","192","Хмельницька область","школа, к.2
вул.Центральна, 138А, с.Правдівка, Ярмолинецький р-н, Хмельницька обл., 32130","752","235","742","98","432","85","517","","0","432","85","517","5","512","9","94","195","7","22","166","5","13","1","29.10.12"
"681303","192","Хмельницька область","сільський клуб, к.2
пров.Сельського, 9А, с.Вихилівка, Ярмолинецький р-н, Хмельницька обл., 32130","176","61","168","35","83","32","115","","0","83","32","115","5","110","0","13","40","2","9","40","1","3","2","29.10.12"
"681304","192","Хмельницька область","школа, к.2
вул.Шкільна, 1, с.Проскурівка, Ярмолинецький р-н, Хмельницька обл., 32164","592","241","577","60","301","50","351","","0","301","50","351","7","344","12","23","169","7","19","94","14","6","0","29.10.12"
"681305","192","Хмельницька область","школа, к.2
вул.Романа Шухевича, 1, с.Корначівка, Ярмолинецький р-н, Хмельницька обл., 32165","232","86","226","25","126","20","146","","0","126","20","146","4","142","4","10","93","1","9","20","3","2","0","28.10.12"
"681306","192","Хмельницька область","будинок тваринника, к.2
вул.Лесі Українки, 1, с.Майдан-Морозівський, Ярмолинецький р-н, Хмельницька обл., 32165","80","15","80","12","58","7","65","","0","58","7","65","2","63","2","10","28","0","4","13","1","5","0","28.10.12"
"681307","192","Хмельницька область","сільський будинок культури, к.2
вул.Центральна, 39, с.Савинці, Ярмолинецький р-н, Хмельницька обл., 32156","488","111","491","62","315","62","377","","0","315","62","377","12","365","5","40","223","3","14","69","9","1","1","29.10.12"
"681308","192","Хмельницька область","школа, к.2
вул.Садова, 14, с.Скаржинці, Ярмолинецький р-н, Хмельницька обл., 32120","736","246","714","36","457","33","490","","0","457","33","490","12","478","6","49","203","5","21","185","5","2","2","29.10.12"
"681309","192","Хмельницька область","ФАП, к.1
вул.Садова, 1, с.Лехнівка, Ярмолинецький р-н, Хмельницька обл., 32120","240","80","238","25","138","22","160","","0","138","22","160","1","159","1","21","86","2","7","36","2","4","0","29.10.12"
"681310","192","Хмельницька область","школа, к.2
вул.В.Чорновола, 5А, с.Перегінка, Ярмолинецький р-н, Хмельницька обл., 32121","488","202","472","42","252","34","286","","0","252","34","286","4","282","8","36","91","1","18","117","4","3","4","29.10.12"
"681311","192","Хмельницька область","сільський будинок культури, к.2
вул.Центральна, 22А, с.Соколівка, Ярмолинецький р-н, Хмельницька обл., 32153","1232","437","1204","108","696","99","795","","0","696","99","795","15","780","16","70","356","9","43","260","9","12","5","29.10.12"
"681312","192","Хмельницька область","школа, к.2
вул.М.Грушевського, 27, с.Солобківці, Ярмолинецький р-н, Хмельницька обл., 32162","1672","657","1642","118","923","92","1015","","0","923","92","1015","28","987","18","83","451","8","80","306","22","6","13","29.10.12"
"681313","192","Хмельницька область","школа, к.2
вул.Подільська, 2А, с.Соснівка, Ярмолинецький р-н, Хмельницька обл., 32154","360","98","361","48","218","44","262","","0","218","44","262","2","260","1","35","140","6","5","51","12","7","3","29.10.12"
"681314","192","Хмельницька область","сільська рада, к.2
вул.Сугерова, 1, с.Стріхівці, Ярмолинецький р-н, Хмельницька обл., 32163","520","166","505","34","321","33","354","","0","321","33","354","13","341","3","20","232","2","14","60","6","2","2","29.10.12"
"681315","192","Хмельницька область","школа, к.2
вул.Соборна, 16, с.Сутківці, Ярмолинецький р-н, Хмельницька обл., 32134","840","291","827","119","433","116","549","","0","433","116","549","11","538","19","82","241","5","27","144","17","1","2","29.10.12"
"681316","192","Хмельницька область","школа, к.2
вул.Романа Шухевича, 27, с.Лисівка, Ярмолинецький р-н, Хмельницька обл., 32134","184","50","179","33","102","32","134","","0","102","32","134","5","129","3","23","45","2","4","44","2","5","1","29.10.12"
"681317","192","Хмельницька область","сільський клуб, к.2
вул.Молодіжна, 1, с.Тарасівка, Ярмолинецький р-н, Хмельницька обл., 32170","232","45","221","29","162","25","187","","0","162","25","187","5","182","5","18","130","1","9","15","4","0","0","28.10.12"
"681318","192","Хмельницька область","приміщення магазину, к.2
вул.Баранова, 15, с.Андріївка, Ярмолинецький р-н, Хмельницька обл., 32170","56","13","57","6","37","6","43","","0","37","6","43","2","41","0","8","20","0","0","12","1","0","0","29.10.12"
"681319","192","Хмельницька область","сільська рада, к.2
вул.Крупської, 57, с.Томашівка, Ярмолинецький р-н, Хмельницька обл., 32151","616","213","608","75","329","74","403","","0","329","74","403","20","383","19","40","195","4","26","88","3","7","1","29.10.12"
"681320","192","Хмельницька область","сільський клуб, к.2
вул.Леніна, 1, с.Нове Село, Ярмолинецький р-н, Хмельницька обл., 32152","560","200","559","64","307","53","360","","0","307","53","360","11","349","6","22","112","3","9","168","16","8","5","29.10.12"
"681321","192","Хмельницька область","сільський клуб, к.2
вул.Шкільна, 17, с.Шарівка, Ярмолинецький р-н, Хмельницька обл., 32132","888","284","867","74","539","65","604","","0","539","65","604","14","590","16","26","373","6","27","121","11","7","3","29.10.12"
"681322","192","Хмельницька область","сільський будинок культури, к.2
вул.Шевченка, 6, с.Ясенівка, Ярмолинецький р-н, Хмельницька обл., 32150","576","157","568","66","355","64","419","","0","355","64","419","9","410","12","32","265","2","15","73","3","7","1","29.10.12"
"681323","192","Хмельницька область","сільський клуб, к.2
вул.Нахімова, 1, с.Шевченка, Ярмолинецький р-н, Хмельницька обл., 32100","208","59","206","7","142","7","149","","0","142","7","149","8","141","0","25","84","0","3","28","0","1","0","29.10.12"
"681324","192","Хмельницька область","школа №2, к.1
вул.Чапаєва, 24, смт Ярмолинці, Ярмолинецький р-н, Хмельницька обл., 32100","2448","981","2408","43","1431","36","1467","","0","1431","36","1467","45","1422","38","120","704","16","118","357","38","22","9","29.10.12"
"681325","192","Хмельницька область","районний будинок культури, к.2
пл.600-річчя Ярмолинець, 3, смт Ярмолинці, Ярмолинецький р-н, Хмельницька обл., 32100","1944","771","1919","29","1148","25","1173","","0","1148","25","1173","23","1150","23","90","614","8","86","283","27","14","5","29.10.12"
"681326","192","Хмельницька область","школа №1, к.2
вул.Пушкіна, 1, смт Ярмолинці, Ярмолинецький р-н, Хмельницька обл., 32100","1792","736","1772","38","1022","34","1056","","0","1022","34","1056","38","1018","29","96","479","12","67","276","42","16","1","29.10.12"
"681327","192","Хмельницька область","школа, к.2
вул.Шкільна, 1, смт Ярмолинці, Ярмолинецький р-н, Хмельницька обл., 32101","1248","597","1213","4","649","2","651","","0","649","2","651","19","632","12","75","280","3","47","141","43","25","6","29.10.12"
"681328","192","Хмельницька область","обласна психіатрична лікарня, адмінбудинок, к.2
пров. Олімпійський, 2, с.Скаржинці, Ярмолинецький р-н, Хмельницька обл., 32120","1016","393","754","169","470","153","623","","0","470","153","623","68","555","34","32","307","25","48","50","14","33","12","29.10.12"
