"№ ВД","OBO","Назва регіону України","Місцезнаходження та адреса приміщення для голосування","1) К-сть одержаних бюлетенів","2) К-сть невикористаних бюлетенів","3) К-сть виборців, внесених до списку виборців","4) К-сть виборців, внесених до витягу зі списку виборців","5) К-сть виборців, які отримали бюлетені у приміщенні","6) К-сть виборців, які отримали за місцем перебування","7) Сумарна к-сть виборців, які отримали бюлетені","8) К-сть бюлетенів, що виявилися у кожній скринці","9) К-сть бюлетенів, що не підлягають врахуванню","10) К-сть виборців, які взяли участь у голос. у приміщенні для гол.","11) К-сть виборців, які взяли участь у голос. за місцем перебування","12) К-сть виборців, які взяли участь у голосуванні на виборчій дільниці","13) К-сть бюлетенів, визнаних недійсними","14) Сумарна к-сть голосів виборців ЗА","Артемчук
Анатолій
Володимирович","Буханевич
Олександр
Миколайович","Глушаков
Олексій
Олександрович","Злакоман
Сергій
Леонідович","Лісовик
Володимир
Олексійович","Нечипорук
Володимир
Павлович","Олуйко
Віталій
Миколайович","Омельчук
Ольга
Іванівна","Побережний
Анатолій
Іванович","Сабій
Ігор
Михайлович","Ткачук
Ігор
Васильович","Шинкарук
Володимир
Володимирович","Шуляк
Василь
Корнійович","Яцков
Борис
Олександрович","Дата підписання протоколу"
"680001","189","Хмельницька область","ФОП Матвієць Т.Є., приміщення для голосування
вул.Миру, 10, смт Білогір’я, Білогірський р-н, Хмельницька обл., 30200","1182","455","1166","58","674","53","727","","0","674","53","727","10","717","34","115","13","0","28","2","252","53","1","158","2","1","49","9","29.10.12"
"680002","189","Хмельницька область","районний будинок культури, спортивний зал
вул.Шевченка, 45, смт Білогір’я, Білогірський р-н, Хмельницька обл., 30200","2298","922","2266","50","1333","43","1376","","0","1333","43","1376","17","1359","64","131","25","1","72","1","444","110","9","328","16","2","139","17","29.10.12"
"680003","189","Хмельницька область","дитячий садок №2, приміщення для голосування
вул.Залізнична, 39, смт Білогір’я, Білогірський р-н, Хмельницька обл., 30200","1122","477","1104","61","594","51","645","","0","594","51","645","12","633","42","110","14","2","24","3","193","43","2","107","6","3","75","9","29.10.12"
"680004","189","Хмельницька область","сільський клуб, приміщення для голосування
вул.Зелена, 18, с.Карасиха, Білогірський р-н, Хмельницька обл., 30200","300","105","285","20","175","20","195","","0","175","20","195","2","193","23","47","5","0","7","2","64","7","0","26","1","0","9","2","29.10.12"
"680005","189","Хмельницька область","будинок культури, приміщення для голосування
вул.Центральна, 24, с.Тростянка, Білогірський р-н, Хмельницька обл., 30200","156","43","151","7","107","6","113","","0","107","6","113","6","107","8","37","3","1","3","2","26","4","0","3","0","2","18","0","28.10.12"
"680006","189","Хмельницька область","сільський клуб, приміщення для голосування
вул.Шевченка, 38, с.Велика Боровиця, Білогірський р-н, Хмельницька обл., 30211","312","100","310","17","197","15","212","","0","197","15","212","9","203","18","43","4","0","6","1","69","4","1","26","1","1","28","1","28.10.12"
"680007","189","Хмельницька область","сільський клуб, приміщення для голосування
вул.Центральна, 1, с.Іванівка, Білогірський р-н, Хмельницька обл., 30211","66","14","61","2","50","2","52","","0","50","2","52","1","51","8","13","0","0","4","2","11","1","0","4","0","1","7","0","29.10.12"
"680008","189","Хмельницька область","будинок культури, приміщення для голосування
вул.Миру, 20, с.Вікнини, Білогірський р-н, Хмельницька обл., 30216","222","70","218","13","142","10","152","","0","142","10","152","2","150","69","20","2","0","8","1","11","6","0","10","1","0","20","2","29.10.12"
"680009","189","Хмельницька область","початкова школа, приміщення для голосування
вул.Лісна, 2, с.Надишень, Білогірський р-н, Хмельницька обл., 30216","84","21","79","2","61","2","63","","0","61","2","63","1","62","2","20","0","0","4","1","18","4","0","3","2","0","7","1","29.10.12"
"680010","189","Хмельницька область","школа, приміщення для голосування
вул.Горинська, 39, с.Вільшаниця, Білогірський р-н, Хмельницька обл., 30230","222","43","220","16","165","14","179","","0","165","14","179","5","174","3","27","3","1","9","2","56","7","0","8","0","1","57","0","01.11.12"
"680011","189","Хмельницька область","сільський клуб, приміщення для голосування
вул.Центральна, 13, с.Вариводки, Білогірський р-н, Хмельницька обл., 30241","210","50","207","22","138","22","160","","0","138","22","160","0","160","32","43","2","0","8","1","33","11","1","12","0","0","17","0","01.11.12"
"680012","189","Хмельницька область","сільський клуб, приміщення для голосування
вул.Центральна, 16, с.Воробіївка, Білогірський р-н, Хмельницька обл., 30235","318","89","317","17","213","16","229","","0","213","16","229","4","225","15","25","1","0","6","0","148","2","0","8","0","0","19","1","28.10.12"
"680013","189","Хмельницька область","сільський клуб, приміщення для голосування
вул.Шевченка, 36, с.Погорільці, Білогірський р-н, Хмельницька обл., 30235","234","60","232","21","156","18","174","","0","156","18","174","2","172","19","32","5","0","0","1","64","2","0","13","0","0","36","0","29.10.12"
"680014","189","Хмельницька область","сільський клуб, приміщення для голосування
вул.Центральна, 30, с.Тихомель, Білогірський р-н, Хмельницька обл., 30233","216","75","209","19","125","16","141","","0","125","16","141","3","138","4","30","2","0","3","0","50","9","1","15","0","0","23","1","29.10.12"
"680015","189","Хмельницька область","будинок культури, приміщення для голосування
вул.Центральна, 55, с.В’язовець, Білогірський р-н, Хмельницька обл., 30236","660","167","647","37","457","36","493","","0","457","36","493","13","480","8","34","8","0","7","1","332","26","2","20","1","0","38","3","29.10.12"
"680016","189","Хмельницька область","магазин, приміщення для голосування
вул.Центральна, 15, с.Ставок, Білогірський р-н, Хмельницька обл., 30236","120","34","115","11","75","11","86","","0","75","11","86","4","82","0","15","1","0","5","0","46","2","0","5","0","0","8","0","29.10.12"
"680017","189","Хмельницька область","будинок культури, приміщення для голосування
вул.Миру, 16, с.Гулівці, Білогірський р-н, Хмельницька обл., 30207","360","108","352","28","227","25","252","","0","227","25","252","2","250","17","55","3","0","15","0","57","6","0","24","1","1","67","4","28.10.12"
"680018","189","Хмельницька область","магазин, приміщення для голосування
вул.Ткачука, 73, с.Жижниківці, Білогірський р-н, Хмельницька обл., 30207","210","50","203","8","152","8","160","","0","152","8","160","8","152","29","19","4","0","11","1","32","5","1","18","0","0","30","2","28.10.12"
"680019","189","Хмельницька область","будинок тваринника, приміщення для голосування
вул.Закринична, будинок тваринника, с.Синютки, Білогірський р-н, Хмельницька обл., 30207","162","54","152","9","101","7","108","","0","101","7","108","3","105","8","24","4","0","5","1","39","1","0","12","0","0","10","1","28.10.12"
"680020","189","Хмельницька область","будинок культури, приміщення для голосування
вул.Незалежності, 13, с.Денисівка, Білогірський р-н, Хмельницька обл., 30242","306","75","302","24","211","20","231","","0","211","20","231","6","225","25","48","6","0","6","3","34","13","2","61","2","4","21","0","03.11.12"
"680021","189","Хмельницька область","сільський клуб, приміщення для голосування
вул.Шевченка, 56, с.Данилівка, Білогірський р-н, Хмельницька обл., 30242","222","42","215","16","165","15","180","","0","165","15","180","0","180","26","38","2","0","1","0","24","11","0","33","2","2","41","0","29.10.12"
"680022","189","Хмельницька область","сільський клуб, приміщення для голосування
вул.Польова, 36, с.Калинівка, Білогірський р-н, Хмельницька обл., 30242","72","5","75","8","59","8","67","","0","59","8","67","1","66","10","12","1","0","2","3","10","0","0","8","0","1","19","0","28.10.12"
"680023","189","Хмельницька область","сільський клуб, приміщення для голосування
вул.Центральна, 1, с.Довгалівка, Білогірський р-н, Хмельницька обл., 30237","390","142","385","29","222","26","248","","0","222","26","248","7","241","17","36","1","0","3","1","103","6","1","42","0","0","31","0","05.11.12"
"680024","189","Хмельницька область","будинок культури, приміщення для голосування
вул.Садова, 1, с.Залужжя, Білогірський р-н, Хмельницька обл., 30226","372","113","374","37","225","34","259","","0","225","34","259","4","255","50","55","5","0","7","0","79","1","0","45","1","1","9","2","28.10.12"
"680025","189","Хмельницька область","магазин, приміщення для голосування
вул.Загора, 1А, с.Корниця, Білогірський р-н, Хмельницька обл., 30226","360","101","354","16","246","13","259","","0","246","13","259","7","252","29","76","10","0","7","0","46","11","0","34","0","1","32","6","29.10.12"
"680026","189","Хмельницька область","школа, приміщення для голосування
вул.Зарічна, 17, с.Шельвів, Білогірський р-н, Хмельницька обл., 30226","120","37","111","16","68","15","83","","0","68","15","83","5","78","12","25","1","0","9","0","20","0","0","6","0","0","3","2","29.10.12"
"680027","189","Хмельницька область","сільський клуб, приміщення для голосування
вул.Центральна, 17, с.Йосипівці, Білогірський р-н, Хмельницька обл., 30213","192","57","190","10","129","6","135","","0","129","6","135","4","131","22","36","0","0","2","2","25","3","1","15","1","0","23","1","29.10.12"
"680028","189","Хмельницька область","сільський клуб, приміщення для голосування
вул.Центральна, 2, с.Гурщина, Білогірський р-н, Хмельницька обл., 30213","60","17","59","5","38","5","43","","0","38","5","43","2","41","4","15","1","1","2","0","6","2","0","6","0","0","4","0","29.10.12"
"680029","189","Хмельницька область","сільський клуб, приміщення для голосування
вул.Миру, 75, с.Загірці, Білогірський р-н, Хмельницька обл., 30213","90","22","87","5","63","5","68","","0","63","5","68","0","68","8","8","1","0","3","0","25","2","1","5","0","1","12","2","29.10.12"
"680030","189","Хмельницька область","школа, приміщення для голосування
вул.Центральна, 14, с.Квітневе, Білогірський р-н, Хмельницька обл., 30244","288","73","285","14","201","14","215","","0","201","14","215","2","213","14","23","4","0","6","0","94","7","0","10","0","3","51","1","29.10.12"
"680031","189","Хмельницька область","сільський клуб, приміщення для голосування
вул.Шкільна, 7, с.Соснівка, Білогірський р-н, Хмельницька обл., 30244","432","114","432","20","299","19","318","","0","299","19","318","5","313","66","25","6","1","6","2","140","9","1","16","1","2","35","3","29.10.12"
"680032","189","Хмельницька область","сільський клуб, приміщення для голосування
вул.Центральна, 30, с.Весняне, Білогірський р-н, Хмельницька обл., 30244","186","42","177","13","132","12","144","","0","132","12","144","3","141","17","13","1","1","6","1","54","4","7","9","0","0","28","0","29.10.12"
"680033","189","Хмельницька область","сільський клуб, приміщення для голосування
вул.Центральна, 4, с.Коритне, Білогірський р-н, Хмельницька обл., 30217","258","66","251","11","182","10","192","","0","182","10","192","5","187","7","29","7","0","54","6","33","6","0","25","0","1","19","0","29.10.12"
"680034","189","Хмельницька область","сільський клуб, приміщення для голосування
вул.Зарічна, 53, с.Ювківці, Білогірський р-н, Хмельницька обл., 30217","72","21","68","2","51","0","51","","0","51","0","51","0","51","5","3","0","0","7","0","3","1","0","4","0","0","28","0","28.10.12"
"680035","189","Хмельницька область","сільська рада, приміщення для голосування
вул.Десятинська, 23, с.Кур’янки, Білогірський р-н, Хмельницька обл., 30215","156","57","153","2","98","1","99","","0","98","1","99","1","98","17","32","0","0","5","2","21","2","0","7","1","0","11","0","29.10.12"
"680036","189","Хмельницька область","школа, приміщення для голосування
вул.Піддубинська, 67, с.Шимківці, Білогірський р-н, Хмельницька обл., 30215","294","72","290","31","191","31","222","","0","191","31","222","4","218","23","89","1","0","9","1","30","9","1","37","0","0","18","0","29.10.12"
"680037","189","Хмельницька область","сільський клуб, приміщення для голосування
вул.Березівська, 10, с.Держаки, Білогірський р-н, Хмельницька обл., 30215","66","17","63","2","48","1","49","","0","48","1","49","0","49","1","11","2","0","3","1","15","2","0","0","0","0","13","1","28.10.12"
"680038","189","Хмельницька область","сільський клуб, приміщення для голосування
вул.Омельчука, 22А, с.Мала Боровиця, Білогірський р-н, Хмельницька обл., 30210","198","49","191","11","138","11","149","","0","138","11","149","3","146","30","17","4","2","8","4","34","12","0","8","0","1","26","0","28.10.12"
"680039","189","Хмельницька область","сільський клуб, приміщення для голосування
вул.Майборського, 24, с.Зіньки, Білогірський р-н, Хмельницька обл., 30210","174","45","167","18","114","15","129","","0","114","15","129","2","127","21","37","3","3","4","2","17","3","2","8","0","1","26","0","29.10.12"
"680040","189","Хмельницька область","сільський клуб, приміщення для голосування
вул.Дем’янчука, 30А, с.Карпилівка, Білогірський р-н, Хмельницька обл., 30210","192","59","187","28","106","27","133","","0","106","27","133","0","133","9","22","2","0","8","2","26","13","1","16","0","0","32","2","28.10.12"
"680041","189","Хмельницька область","будинок культури, приміщення для голосування
вул.Центральна, 4, с.Миклаші, Білогірський р-н, Хмельницька обл., 30241","348","99","341","29","223","26","249","","0","223","26","249","6","243","36","40","7","1","16","3","76","3","0","30","1","0","29","1","29.10.12"
"680042","189","Хмельницька область","будинок культури, приміщення для голосування
вул.Шевченка, 32, с.Мокроволя, Білогірський р-н, Хмельницька обл., 30208","588","160","587","51","377","51","428","","0","377","51","428","5","423","22","67","15","1","26","4","113","26","4","99","5","35","2","4","29.10.12"
"680043","189","Хмельницька область","сільський клуб, приміщення для голосування
вул.Шевченка, 4, с.Жемелинці, Білогірський р-н, Хмельницька обл., 30209","510","144","504","32","334","32","366","","0","334","32","366","6","360","17","33","6","0","35","4","119","22","0","61","5","4","53","1","28.10.12"
"680044","189","Хмельницька область","дитячий садок, приміщення для голосування
вул.Шевченка, 14, с.Окіп, Білогірський р-н, Хмельницька обл., 30245","342","78","337","16","250","14","264","","0","250","14","264","10","254","20","11","7","0","21","2","134","12","1","19","0","0","25","2","03.11.12"
"680045","189","Хмельницька область","будинок культури, приміщення для голосування
вул.Сонячна, 34, с.Переросле, Білогірський р-н, Хмельницька обл., 30214","366","109","361","30","230","27","257","","0","230","27","257","3","254","59","42","4","1","14","3","76","0","0","37","0","1","16","1","29.10.12"
"680046","189","Хмельницька область","школа, приміщення для голосування
вул.Шкільна, 3, с.Козин, Білогірський р-н, Хмельницька обл., 30214","156","44","150","11","102","10","112","","0","102","10","112","3","109","17","26","7","0","6","0","37","2","0","9","0","2","3","0","29.10.12"
"680047","189","Хмельницька область","магазин, приміщення для голосування
вул.Молодіжна, 37, с.Червоне, Білогірський р-н, Хмельницька обл., 30214","138","33","135","4","101","4","105","","0","101","4","105","1","104","17","19","5","0","8","0","33","1","0","7","0","1","13","0","29.10.12"
"680048","189","Хмельницька область","будинок культури, приміщення для голосування
вул.Садова, 4, с.Семенів, Білогірський р-н, Хмельницька обл., 30243","462","108","454","38","318","36","354","","0","318","36","354","4","350","15","61","4","2","20","4","122","28","1","49","4","2","37","1","28.10.12"
"680049","189","Хмельницька область","будинок культури, приміщення для голосування
вул.Івана Франка, 18А, с.Сивки, Білогірський р-н, Хмельницька обл., 30224","312","76","298","30","209","27","236","","0","209","27","236","5","231","40","41","7","1","8","2","32","12","2","52","0","1","31","2","29.10.12"
"680050","189","Хмельницька область","будинок культури, приміщення для голосування
вул.Івана Франка, 6А, с.Міжгір’я, Білогірський р-н, Хмельницька обл., 30224","126","30","124","12","87","9","96","","0","87","9","96","1","95","0","34","1","0","9","1","17","1","1","8","0","0","23","0","29.10.12"
"680051","189","Хмельницька область","сільський клуб, приміщення для голосування
вул.Центральна, 77, с.Ставищани, Білогірський р-н, Хмельницька обл., 30222","252","60","251","24","171","21","192","","0","171","21","192","0","192","35","34","8","0","6","1","33","0","0","17","0","2","54","2","29.10.12"
"680052","189","Хмельницька область","будинок культури, приміщення для голосування
вул.Долинська, 93, с.Кащенці, Білогірський р-н, Хмельницька обл., 30223","408","115","403","50","249","44","293","","0","249","44","293","6","287","37","80","16","2","8","1","54","15","1","44","2","2","20","5","28.10.12"
"680053","189","Хмельницька область","приватний будинок, приміщення для голосування
вул.Центральна, 12, с.Баймаки, Білогірський р-н, Хмельницька обл., 30223","108","31","107","17","60","17","77","","0","60","17","77","0","77","3","23","2","0","8","0","14","2","0","7","0","0","18","0","28.10.12"
"680054","189","Хмельницька область","будинок культури, приміщення для голосування
вул.Центральна, 10, с.Сушівці, Білогірський р-н, Хмельницька обл., 30240","264","63","265","24","178","23","201","","0","178","23","201","8","193","9","36","4","0","3","6","81","3","1","29","0","2","17","2","28.10.12"
"680055","189","Хмельницька область","сільський клуб, приміщення для голосування
вул.Лесі Українки, 25, с.Водички, Білогірський р-н, Хмельницька обл., 30241","108","25","104","10","73","10","83","","0","73","10","83","0","83","5","16","1","1","1","1","36","1","1","6","0","1","13","0","28.10.12"
"680056","189","Хмельницька область","будинок культури, приміщення для голосування
вул.Центральна, 42, с.Хорошів, Білогірський р-н, Хмельницька обл., 30220","480","106","480","46","328","46","374","","0","328","46","374","10","364","61","126","14","0","10","7","49","14","2","60","3","0","16","2","01.11.12"
"680057","189","Хмельницька область","сільський клуб, приміщення для голосування
вул.Центральна, 43, с.Степанівка, Білогірський р-н, Хмельницька обл., 30220","294","54","282","28","213","27","240","","0","213","27","240","6","234","19","29","4","1","10","4","67","5","5","72","2","1","14","1","29.10.12"
"680058","189","Хмельницька область","сільський клуб, приміщення для голосування
вул.Центральна, 48, с.Малі Калетинці, Білогірський р-н, Хмельницька обл., 30220","186","56","187","10","120","10","130","","0","120","10","130","5","125","26","21","4","0","6","0","23","0","0","15","0","3","26","1","01.11.12"
"680059","189","Хмельницька область","сільська рада, приміщення для голосування
вул.Леніна, 2, с.Юрівка, Білогірський р-н, Хмельницька обл., 30225","318","96","307","35","191","31","222","","0","191","31","222","4","218","17","58","4","0","8","4","67","9","0","17","4","0","30","0","29.10.12"
"680060","189","Хмельницька область","магазин, приміщення для голосування
вул.Радянська, 3, с.Шуньки, Білогірський р-н, Хмельницька обл., 30225","288","92","282","24","173","23","196","","0","173","23","196","2","194","12","37","5","1","3","1","61","2","1","40","0","3","22","6","29.10.12"
"680061","189","Хмельницька область","будинок культури, приміщення для голосування
вул.Шевченка, 23, с.Великі Калетинці, Білогірський р-н, Хмельницька обл., 30225","234","59","230","37","138","37","175","","0","138","37","175","5","170","25","21","1","0","12","0","46","1","0","23","1","1","39","0","01.11.12"
"680062","189","Хмельницька область","будинок культури, приміщення для голосування
вул.Леніна, 32, смт Ямпіль, Білогірський р-н, Хмельницька обл., 30231","1506","578","1492","49","885","43","928","","0","885","43","928","6","922","51","270","8","0","13","3","344","37","4","118","1","0","73","0","29.10.12"
"680063","189","Хмельницька область","школа, приміщення для голосування
вул.Грушевського, 58, с.Дідківці, Білогірський р-н, Хмельницька обл., 30232","492","132","489","31","334","26","360","","0","334","26","360","4","356","17","106","3","1","9","4","114","12","5","53","1","2","26","3","04.11.12"
"680064","189","Хмельницька область","ФАП, приміщення для голосування
вул.Гончарова, 20, с.Лепесівка, Білогірський р-н, Хмельницька обл., 30233","582","169","580","53","361","52","413","","0","361","52","413","5","408","26","74","8","2","10","2","153","17","3","74","3","2","33","1","29.10.12"
"680065","189","Хмельницька область","сільський клуб, приміщення для голосування
вул.Шевченка, 7, с.Паньківці, Білогірський р-н, Хмельницька обл., 30233","456","120","448","28","308","28","336","","0","308","28","336","7","329","24","94","7","0","2","1","103","10","0","48","1","1","37","1","04.11.12"
"680388","189","Хмельницька область","школа, коридор, 1-й поверх
вул.Івана Франка, 2А, с.Білеве, Ізяславський р-н, Хмельницька обл., 30352","480","187","483","43","253","40","293","","0","253","40","293","6","287","44","19","12","0","4","2","42","37","31","20","1","2","42","31","28.10.12"
"680389","189","Хмельницька область","школа, актова зала
вул.Березна, 12, с.Припутні, Ізяславський р-н, Хмельницька обл., 30352","414","182","410","46","186","46","232","","0","186","46","232","7","225","31","23","5","1","7","1","47","18","25","15","2","1","35","14","31.10.12"
"680390","189","Хмельницька область","сільський будинок культури, фойє
вул.Центральна, 27, с.Білогородка, Ізяславський р-н, Хмельницька обл., 30343","1224","504","1233","50","680","40","720","","0","680","40","720","19","701","21","57","12","0","14","5","74","81","25","125","62","3","137","85","29.10.12"
"680391","189","Хмельницька область","сільський клуб, зал
вул.Миру, 18, с.Білотин, Ізяславський р-н, Хмельницька обл., 30322","132","51","132","20","61","20","81","","0","61","20","81","3","78","9","1","2","0","0","0","20","7","3","12","1","0","16","7","29.10.12"
"680392","189","Хмельницька область","сільський клуб, зал
вул.Радянська, 1, с.Комини, Ізяславський р-н, Хмельницька обл., 30322","114","26","113","3","85","3","88","","0","85","3","88","5","83","7","4","3","0","5","0","27","3","1","2","0","0","28","3","28.10.12"
"680393","189","Хмельницька область","сільський будинок культури, фойє
вул.Леніна, 5, с.Борисів, Ізяславський р-н, Хмельницька обл., 30326","924","341","908","54","529","54","583","","0","529","54","583","21","562","39","160","15","5","14","3","103","24","32","54","3","0","34","76","29.10.12"
"680394","189","Хмельницька область","школа, клас математики
вул.Лісна, 8, с.Сторониче, Ізяславський р-н, Хмельницька обл., 30326","78","28","76","0","50","0","50","","0","50","0","50","2","48","2","9","2","0","0","0","10","0","1","3","0","1","9","11","28.10.12"
"680395","189","Хмельницька область","школа, актовий зал
вул.Гагаріна, 28, с.Великі Пузирки, Ізяславський р-н, Хмельницька обл., 30375","390","163","387","27","202","25","227","","0","202","25","227","5","222","20","7","6","0","9","3","42","6","1","91","1","0","22","14","02.11.12"
"680396","189","Хмельницька область","магазин, торговий зал
вул.Центральна, 1А, с.Двірець, Ізяславський р-н, Хмельницька обл., 30341","384","106","370","31","247","31","278","","0","247","31","278","11","267","20","74","11","0","6","1","61","11","4","29","5","2","36","7","28.10.12"
"680397","189","Хмельницька область","магазин, зал
вул.Миру, 1, с.Білижинці, Ізяславський р-н, Хмельницька обл., 30341","144","43","142","10","91","10","101","","0","91","10","101","3","98","5","26","2","0","0","1","40","9","0","1","2","0","4","8","05.11.12"
"680398","189","Хмельницька область","сільський клуб, глядацький зал
вул.Центральна, 12, с.Дертка, Ізяславський р-н, Хмельницька обл., 30312","174","51","168","20","104","19","123","","0","104","19","123","5","118","15","41","5","0","1","0","22","9","0","10","0","0","11","4","29.10.12"
"680399","189","Хмельницька область","сільський клуб, глядацький зал
вул.1 Травня, 15А, с.Лісна, Ізяславський р-н, Хмельницька обл., 30312","84","17","82","8","59","8","67","","0","59","8","67","3","64","6","14","0","0","2","1","7","5","0","19","0","0","10","0","28.10.12"
"680400","189","Хмельницька область","адміністративна будівля, кімната ФАП
вул.Жовтнева, 23, с.Михайлівка, Ізяславський р-н, Хмельницька обл., 30312","42","22","35","5","16","4","20","","0","16","4","20","0","20","0","0","8","1","1","0","0","0","1","1","2","0","6","0","28.10.12"
"680401","189","Хмельницька область","школа, кімната трудового навчання
вул.Гагаріна, 44, с.Завадинці, Ізяславський р-н, Хмельницька обл., 30340","180","46","174","9","125","9","134","","0","125","9","134","5","129","6","13","2","0","2","2","50","6","11","10","2","3","18","4","28.10.12"
"680402","189","Хмельницька область","сільський клуб, зал
вул.Миру, 20, с.Калетинці, Ізяславський р-н, Хмельницька обл., 30340","108","34","104","9","68","6","74","","0","68","6","74","0","74","9","4","3","0","10","0","30","0","4","3","0","0","5","6","28.10.12"
"680403","189","Хмельницька область","сільський клуб, зал
вул.Горинська, 10, с.Дібрівка, Ізяславський р-н, Хмельницька обл., 30340","78","24","77","3","51","3","54","","0","51","3","54","0","54","14","10","0","0","1","0","13","0","2","2","1","1","0","10","01.11.12"
"680404","189","Хмельницька область","школа-гімназія №5, фойє
вул.Незалежності, 4, м.Ізяслав, Ізяславський р-н, Хмельницька обл., 30300","1224","499","1222","20","706","19","725","","0","706","19","725","19","706","10","81","18","0","31","3","81","27","45","188","2","2","40","178","29.10.12"
"680405","189","Хмельницька область","школа №1, коридор
вул.Незалежності, 24, м.Ізяслав, Ізяславський р-н, Хмельницька обл., 30300","1902","828","1889","38","1043","31","1074","","0","1043","31","1074","26","1048","44","111","23","1","14","8","88","79","74","213","1","2","37","353","29.10.12"
"680406","189","Хмельницька область","дитяча школа мистецтв, коридор
вул.Шевченка, 10, м.Ізяслав, Ізяславський р-н, Хмельницька обл., 30300","1518","754","1506","13","753","11","764","","0","753","11","764","15","749","30","86","21","1","15","0","82","24","54","179","3","1","18","235","29.10.12"
"680407","189","Хмельницька область","районний будинок культури, коридор
вул.Шевченка, 40А, м.Ізяслав, Ізяславський р-н, Хмельницька обл., 30300","1692","797","1680","20","876","19","895","","0","876","19","895","32","863","44","69","26","0","53","4","112","59","97","157","7","2","19","214","28.10.12"
"680408","189","Хмельницька область","школа-ліцей №2, фойє, коридор
вул.Станіславського, 4, м.Ізяслав, Ізяславський р-н, Хмельницька обл., 30300","1290","586","1281","24","685","19","704","","0","685","19","704","13","691","31","74","16","0","35","1","98","39","60","139","0","10","20","168","29.10.12"
"680409","189","Хмельницька область","школа-дитячий ясла-садок №7, класні кімнати 1 класу
вул.Жовтнева, 106, м.Ізяслав, Ізяславський р-н, Хмельницька обл., 30300","1500","728","1487","9","768","4","772","","0","768","4","772","20","752","19","118","11","0","12","2","64","43","52","197","5","2","23","204","29.10.12"
"680410","189","Хмельницька область","адміністративна будівля, каб.2, 3, 4, 5
вул.Острозька, 2, м.Ізяслав, Ізяславський р-н, Хмельницька обл., 30300","1902","829","1886","19","1059","14","1073","","0","1059","14","1073","15","1058","25","150","25","1","22","7","135","45","80","206","3","5","41","313","29.10.12"
"680411","189","Хмельницька область","школа №4, класні кімнати 2, 3, 4, 5 класів
вул.Б.Хмельницького, 15, м.Ізяслав, Ізяславський р-н, Хмельницька обл., 30300","1308","632","1290","10","667","9","676","","0","667","9","676","20","656","34","82","14","1","15","3","57","23","57","106","5","1","23","235","29.10.12"
"680412","189","Хмельницька область","сільський будинок культури, фойє
вул.Г.Кірпи, 78, с.Клубівка, Ізяславський р-н, Хмельницька обл., 30350","1500","689","1478","37","774","37","811","","0","774","37","811","33","778","30","255","17","3","32","5","116","53","50","84","11","6","42","74","29.10.12"
"680413","189","Хмельницька область","школа, вестибюль, коридор
вул.Шевченка, 12А, с.Васьківці, Ізяславський р-н, Хмельницька обл., 30350","480","188","472","26","268","24","292","","0","268","24","292","6","286","36","64","10","0","5","1","31","23","8","33","1","2","6","66","29.10.12"
"680414","189","Хмельницька область","школа, кабінет 3 класу
вул.Прикордонна, 5, с.Кунів, Ізяславський р-н, Хмельницька обл., 30310","402","96","405","28","280","26","306","","0","280","26","306","14","292","27","34","7","2","5","5","119","45","3","0","24","0","10","11","29.10.12"
"680415","189","Хмельницька область","фельдшерсько-акушерський пункт, оглядова кімната
вул.Островського, 16А, с.Долоччя, Ізяславський р-н, Хмельницька обл., 30310","120","30","122","24","68","22","90","","0","68","22","90","5","85","1","22","2","0","2","3","32","7","1","1","1","0","11","2","28.10.12"
"680416","189","Хмельницька область","школа, кабінет географії
вул.Тельмана, 1, с.Кам’янка, Ізяславський р-н, Хмельницька обл., 30310","252","73","254","24","157","22","179","","0","157","22","179","5","174","21","21","5","0","14","1","55","8","5","13","0","3","18","10","29.10.12"
"680417","189","Хмельницька область","школа, фойє
вул.Шевченка, 13, с.Ліщани, Ізяславський р-н, Хмельницька обл., 30363","564","208","563","51","307","49","356","","0","307","49","356","18","338","20","64","8","0","6","1","61","20","35","29","1","1","29","63","29.10.12"
"680418","189","Хмельницька область","фельдшерський пункт, прийомна
вул.Пушкіна, 5, с.Бейзими, Ізяславський р-н, Хмельницька обл., 30363","222","76","220","23","125","21","146","","0","125","21","146","4","142","34","16","1","1","3","1","12","5","6","13","0","2","31","17","04.11.12"
"680419","189","Хмельницька область","сільський клуб, зал засідань
вул.Перемоги, 2, с.Лютарка, Ізяславський р-н, Хмельницька обл., 30324","342","101","340","28","213","28","241","","0","213","28","241","10","231","17","22","8","0","7","1","64","25","12","16","1","1","24","33","29.10.12"
"680420","189","Хмельницька область","сільський клуб, зал засідань
вул.Шевченка, 20, с.Мокрець, Ізяславський р-н, Хмельницька обл., 30324","276","95","278","26","155","26","181","","0","155","26","181","8","173","25","20","1","0","9","0","22","16","12","25","1","0","7","35","29.10.12"
"680421","189","Хмельницька область","школа, коридор
вул.Миру, 3, с.Михля, Ізяславський р-н, Хмельницька обл., 30324","666","262","674","36","370","34","404","","0","370","34","404","11","393","11","53","7","0","10","2","78","37","34","44","3","1","24","89","29.10.12"
"680422","189","Хмельницька область","школа, спортивний зал
вул.Центральна, 3, с.Мислятин, Ізяславський р-н, Хмельницька обл., 30344","456","170","447","23","263","23","286","","0","263","23","286","10","276","11","45","4","0","3","3","28","9","8","58","1","1","51","54","28.10.12"
"680423","189","Хмельницька область","школа, спортивний зал
вул.Юрія Франкова, 28, с.Більчин, Ізяславський р-н, Хмельницька обл., 30344","330","103","328","27","202","25","227","","0","202","25","227","7","220","7","66","3","0","12","2","31","6","27","9","0","0","6","51","28.10.12"
"680424","189","Хмельницька область","школа, коридор, 1-й поверх
вул.Миру, 2А, с.Михнів, Ізяславський р-н, Хмельницька обл., 30346","666","280","666","4","382","4","386","","0","382","4","386","11","375","52","54","10","1","2","6","42","29","26","68","0","5","24","56","29.10.12"
"680425","189","Хмельницька область","сільський клуб, глядацький зал
вул.Перемоги, 50А, с.Покощівка, Ізяславський р-н, Хмельницька обл., 30346","180","45","181","4","131","4","135","","0","131","4","135","6","129","17","50","2","0","4","0","14","15","2","4","0","0","6","15","29.10.12"
"680426","189","Хмельницька область","сільський клуб, дискотечний зал
вул.Центральна, 24А, с.Закружці, Ізяславський р-н, Хмельницька обл., 30346","126","37","125","4","85","4","89","","0","85","4","89","4","85","5","7","4","0","2","2","17","6","6","5","4","4","9","14","28.10.12"
"680427","189","Хмельницька область","будинок культури, глядацький зал
вул.Чулкова, 9, с.М’якоти, Ізяславський р-н, Хмельницька обл., 30314","858","349","851","63","452","57","509","","0","452","57","509","9","500","90","131","23","1","3","2","33","33","33","91","6","5","21","28","29.10.12"
"680428","189","Хмельницька область","сільський клуб, глядацький зал
вул.Матросова, 29, с.Добрин, Ізяславський р-н, Хмельницька обл., 30316","342","109","335","32","202","31","233","","0","202","31","233","2","231","69","26","3","1","7","1","13","13","5","70","1","0","16","6","29.10.12"
"680429","189","Хмельницька область","сільський клуб, глядацький зал
вул.Б.Хмельницького, 3, с.Велика Радогощ, Ізяславський р-н, Хмельницька обл., 30315","270","82","266","17","174","14","188","","0","174","14","188","3","185","60","69","1","0","6","0","21","9","5","1","0","1","9","3","01.11.12"
"680430","189","Хмельницька область","сільський клуб, глядацький зал
вул.І.Франка, 39, с.Мала Радогощ, Ізяславський р-н, Хмельницька обл., 30315","78","23","74","4","51","4","55","","0","51","4","55","2","53","15","11","0","0","0","0","5","3","7","2","0","0","8","2","28.10.12"
"680431","189","Хмельницька область","школа, спортивний зал
вул.Леніна, 1, с.Нове Село, Ізяславський р-н, Хмельницька обл., 30374","564","209","563","48","307","48","355","","0","307","48","355","15","340","14","175","9","1","5","3","19","18","4","38","0","0","46","8","28.10.12"
"680432","189","Хмельницька область","сільський клуб, актовий зал
вул.Центральна, 5, с.Свириди, Ізяславський р-н, Хмельницька обл., 30374","144","22","144","15","107","15","122","","0","107","15","122","5","117","19","37","0","0","5","0","22","4","3","14","1","1","8","3","28.10.12"
"680433","189","Хмельницька область","школа-гімназія, актовий зал
вул.Бортника, 19, с.Плужне, Ізяславський р-н, Хмельницька обл., 30320","1152","468","1135","74","619","65","684","","0","619","65","684","25","659","140","41","15","1","8","0","84","14","32","144","1","2","38","139","29.10.12"
"680434","189","Хмельницька область","будинок культури, зал
вул.Островського, 9, с.Плужне, Ізяславський р-н, Хмельницька обл., 30320","894","392","887","48","454","48","502","","0","454","48","502","7","495","108","35","4","2","8","2","90","15","24","104","2","0","12","89","29.10.12"
"680435","189","Хмельницька область","сільський клуб, зал
вул.Центральна, 74, с.Хотень Перший, Ізяславський р-н, Хмельницька обл., 30321","222","71","222","25","131","20","151","","0","131","20","151","6","145","18","13","1","0","1","4","39","10","16","17","1","0","18","7","29.10.12"
"680436","189","Хмельницька область","школа, спортивний зал
вул.Центральна, 1А, с.Поліське, Ізяславський р-н, Хмельницька обл., 30340","480","154","477","29","302","24","326","","0","302","24","326","14","312","44","67","8","0","5","3","27","7","24","38","1","2","35","51","29.10.12"
"680437","189","Хмельницька область","школа, спортивний зал
вул.Леніна, 3, с.Радошівка, Ізяславський р-н, Хмельницька обл., 30330","1164","525","1169","54","592","47","639","","0","592","47","639","25","614","57","152","11","1","5","3","61","86","36","102","9","1","29","61","29.10.12"
"680438","189","Хмельницька область","сільський клуб, хол
вул.Якіра, 1, с.Путринці, Ізяславський р-н, Хмельницька обл., 30330","270","117","270","18","137","16","153","","0","137","16","153","6","147","17","12","6","2","7","4","17","10","10","17","3","0","11","31","28.10.12"
"680439","189","Хмельницька область","будинок культури, актовий зал
вул.Польова, 81, с.Ріпки, Ізяславський р-н, Хмельницька обл., 30356","498","200","505","37","268","30","298","","0","268","30","298","11","287","19","11","6","0","4","2","52","38","15","34","1","0","41","64","02.11.12"
"680440","189","Хмельницька область","будинок культури, фойє
вул.Садова, 4, с.Сахнівці, Ізяславський р-н, Хмельницька обл., 30364","246","87","242","3","157","2","159","","0","157","2","159","4","155","2","3","3","0","3","1","10","5","2","99","1","0","9","17","28.10.12"
"680441","189","Хмельницька область","школа, фойє
вул.Жовтнева, 4, с.Влашанівка, Ізяславський р-н, Хмельницька обл., 30364","204","73","201","8","123","8","131","","0","123","8","131","3","128","2","9","0","0","1","1","15","11","1","75","0","1","7","5","29.10.12"
"680442","189","Хмельницька область","сільський клуб, глядацький зал
вул.Ватутіна, 16, с.Кропивна, Ізяславський р-н, Хмельницька обл., 30364","204","63","200","9","132","9","141","","0","132","9","141","6","135","10","19","2","2","2","1","28","15","5","35","3","0","2","11","28.10.12"
"680443","189","Хмельницька область","школа, спортивний зал
вул.Центральна, 37, с.Сошне, Ізяславський р-н, Хмельницька обл., 30300","324","108","320","32","184","32","216","","0","184","32","216","10","206","23","40","5","1","5","1","26","7","19","23","0","1","8","47","29.10.12"
"680444","189","Хмельницька область","фельдшерський пункт, кімната акушерки
вул.Молодіжна, 7, с.Криволука, Ізяславський р-н, Хмельницька обл., 30300","72","23","68","6","43","6","49","","0","43","6","49","2","47","1","3","0","0","3","0","4","1","0","3","0","0","20","12","28.10.12"
"680445","189","Хмельницька область","школа, клас
вул.Леніна, 2, с.Теліжинці, Ізяславський р-н, Хмельницька обл., 30365","360","170","361","11","180","10","190","","0","180","10","190","9","181","3","15","7","1","4","1","26","7","11","51","0","0","35","20","28.10.12"
"680446","189","Хмельницька область","приватна будівля, зал
вул.Шевченка, 10, с.Мирне, Ізяславський р-н, Хмельницька обл., 30365","84","17","81","6","61","6","67","","0","61","6","67","1","66","11","6","4","0","0","0","12","3","0","9","3","0","3","15","28.10.12"
"680447","189","Хмельницька область","фельдшерсько-акушерський пункт, приймальня
вул.Б.Хмельницького, 19, с.Пильки, Ізяславський р-н, Хмельницька обл., 30365","132","35","133","7","90","7","97","","0","90","7","97","2","95","1","17","1","1","3","0","20","13","3","13","1","0","7","15","31.10.12"
"680448","189","Хмельницька область","школа, клас
вул.Комсомольська, 22, с.Чижівка, Ізяславський р-н, Хмельницька обл., 30365","162","52","160","5","105","5","110","","0","105","5","110","4","106","2","24","1","1","2","2","27","5","4","18","0","0","12","8","28.10.12"
"680449","189","Хмельницька область","будинок культури, актовий зал
вул.Центральна, 47, с.Тернавка, Ізяславський р-н, Хмельницька обл., 30372","318","95","310","26","197","26","223","","0","197","26","223","8","215","45","17","3","2","3","4","33","17","10","24","3","2","47","5","04.11.12"
"680450","189","Хмельницька область","школа, спортивний зал
вул.Жовтнева, 1А, с.Сохужинці, Ізяславський р-н, Хмельницька обл., 30372","216","85","217","25","113","18","131","","0","113","18","131","3","128","8","26","2","0","6","0","19","12","5","20","1","0","25","4","28.10.12"
"680451","189","Хмельницька область","школа, актовий зал
вул.Молодіжна, 33, с.Тишевичі, Ізяславський р-н, Хмельницька обл., 30354","192","77","188","19","96","19","115","","0","96","19","115","3","112","2","21","0","0","2","0","26","7","7","9","1","3","22","12","29.10.12"
"680452","189","Хмельницька область","школа, класна кімната
вул.Мирна, 1А, с.Зубарі, Ізяславський р-н, Хмельницька обл., 30354","246","82","242","15","149","15","164","","0","149","15","164","4","160","5","24","6","2","2","0","27","6","7","18","0","2","45","16","03.11.12"
"680453","189","Хмельницька область","школа, спортивний зал
вул.Шкільна, 4, с.Топори, Ізяславський р-н, Хмельницька обл., 30362","210","70","208","7","135","5","140","","0","135","5","140","4","136","10","11","1","0","5","0","41","21","3","17","1","0","12","14","29.10.12"
"680454","189","Хмельницька область","сільський клуб, актовий зал
вул.Зарічна, 2А, с.Топірчики, Ізяславський р-н, Хмельницька обл., 30362","132","37","129","13","83","12","95","","0","83","12","95","2","93","3","13","2","1","2","0","32","10","4","15","0","0","6","5","29.10.12"
"680455","189","Хмельницька область","школа, спортивний зал
вул.Жовтнева, 1, с.Христівка, Ізяславський р-н, Хмельницька обл., 30370","318","86","315","14","219","13","232","","0","219","13","232","6","226","30","35","6","0","3","2","27","18","4","9","2","0","45","45","28.10.12"
"680456","189","Хмельницька область","школа, фойє
вул.Центральна, 1, с.Сморшки, Ізяславський р-н, Хмельницька обл., 30370","180","55","173","23","104","21","125","","0","104","21","125","5","120","12","71","2","0","1","1","12","1","3","0","0","0","13","4","29.10.12"
"680457","189","Хмельницька область","школа, кл.1, 2
вул.Петровського, 110, с.Шекеринці, Ізяславський р-н, Хмельницька обл., 30317","390","129","384","43","226","35","261","","0","226","35","261","9","252","106","9","6","0","3","0","28","13","18","55","3","0","8","3","28.10.12"
"680458","189","Хмельницька область","фельдшерсько-акушерський пункт, фойє
вул.Б.Хмельницького, 40, с.Стара Гутиська, Ізяславський р-н, Хмельницька обл., 30317","78","21","74","16","41","16","57","","0","41","16","57","1","56","36","0","2","0","1","0","2","6","1","2","0","0","3","3","29.10.12"
"680459","189","Хмельницька область","школа, спортивний зал
вул.Центральна, 34, с.Щурівці, Ізяславський р-н, Хмельницька обл., 30360","342","123","336","24","198","21","219","","0","198","21","219","9","210","14","12","7","2","4","0","9","4","6","119","1","0","14","18","28.10.12"
"680460","189","Хмельницька область","школа, їдальня
вул.Центральна, 1, с.Щурівчики, Ізяславський р-н, Хмельницька обл., 30360","168","44","163","13","113","11","124","","0","113","11","124","6","118","7","6","1","1","3","1","10","4","5","50","0","0","10","20","28.10.12"
"680461","189","Хмельницька область","сільський клуб, глядацький зал
вул.Центральна, 5, с.Підлісці, Ізяславський р-н, Хмельницька обл., 30360","186","45","180","16","125","16","141","","0","125","16","141","3","138","4","13","6","2","2","1","22","19","6","38","1","0","16","8","28.10.12"
"680462","189","Хмельницька область","клуб для засуджених
вул.Гагаріна, 2, м.Ізяслав, Ізяславський р-н, Хмельницька обл., 30300","630","59","572","0","571","0","571","","0","571","0","571","62","509","11","51","33","6","8","8","202","127","6","25","12","3","3","14","29.10.12"
"680463","189","Хмельницька область","клуб житлової зони
вул.Гагаріна, 4, м.Ізяслав, Ізяславський р-н, Хмельницька обл., 30300","864","59","805","0","805","0","805","","0","805","0","805","126","679","28","34","38","15","13","10","383","85","7","10","11","10","12","23","29.10.12"
"680578","189","Хмельницька область","міський будинок культури, зал
вул.М.Грушевського, 189, м.Красилів, Красилівський р-н, Хмельницька обл., 31000","1806","787","1778","13","1009","10","1019","","0","1009","10","1019","17","1002","30","174","69","0","16","15","156","109","4","256","14","3","149","7","29.10.12"
"680579","189","Хмельницька область","школа №2, актовий зал
вул.М.Грушевського, 187, м.Красилів, Красилівський р-н, Хмельницька обл., 31000","1548","689","1528","33","828","31","859","","0","828","31","859","29","830","26","110","58","2","33","18","136","85","8","243","4","1","104","2","04.11.12"
"680580","189","Хмельницька область","школа №3, актовий зал
вул.Центральна, 44, м.Красилів, Красилівський р-н, Хмельницька обл., 31000","2418","1154","2382","35","1241","23","1264","","0","1241","23","1264","30","1234","46","261","79","5","22","21","214","111","15","299","10","6","137","8","28.10.12"
"680581","189","Хмельницька область","школа №4, актовий зал
вул.Шкільна, 8, м.Красилів, Красилівський р-н, Хмельницька обл., 31000","2454","1171","2417","34","1257","26","1283","","0","1257","26","1283","30","1253","77","218","104","4","29","13","220","117","5","267","21","4","168","6","29.10.12"
"680582","189","Хмельницька область","управління АПР РДА, зал засідань
вул.Театральна, 3, м.Красилів, Красилівський р-н, Хмельницька обл., 31000","1920","844","1913","30","1049","27","1076","","0","1049","27","1076","28","1048","32","141","71","2","27","25","175","81","5","272","12","9","192","4","29.10.12"
"680583","189","Хмельницька область","районний будинок культури, зал
вул.Театральна, 5, м.Красилів, Красилівський р-н, Хмельницька обл., 31000","2268","1028","2260","53","1199","41","1240","","0","1199","41","1240","31","1209","41","144","75","1","36","19","189","119","7","373","14","8","174","9","29.10.12"
"680584","189","Хмельницька область","школа №1, актовий зал
вул.Центральна, 38, м.Красилів, Красилівський р-н, Хмельницька обл., 31000","1698","805","1685","24","878","15","893","","0","878","15","893","23","870","26","147","65","2","23","16","138","96","1","236","9","1","106","4","29.10.12"
"680585","189","Хмельницька область","школа №5, фойє
вул.Центральна, 38А, м.Красилів, Красилівський р-н, Хмельницька обл., 31000","2100","975","2073","36","1095","30","1125","","0","1095","30","1125","30","1095","43","156","99","0","30","23","175","107","4","294","10","4","140","10","29.10.12"
"680586","189","Хмельницька область","будинок творчості, к.1
пл.Леніна, 3, смт Антоніни, Красилівський р-н, Хмельницька обл., 31022","852","270","838","50","538","44","582","","0","538","44","582","7","575","15","93","28","0","9","4","112","58","7","178","3","5","57","6","29.10.12"
"680587","189","Хмельницька область","школа, фойє
пл.Леніна, 16, смт Антоніни, Красилівський р-н, Хмельницька обл., 31022","996","343","986","45","609","44","653","","0","609","44","653","10","643","39","70","27","4","8","3","149","46","9","183","4","3","96","2","29.10.12"
"680588","189","Хмельницька область","сільський клуб, актовий зал
вул.Леніна, 1, с.Закриниччя, Красилівський р-н, Хмельницька обл., 31022","438","125","435","29","285","28","313","","0","285","28","313","8","305","11","62","9","0","3","20","70","25","2","69","1","3","29","1","29.10.12"
"680589","189","Хмельницька область","сільський клуб, актовий зал
вул.Леніна, 4, с.Рублянка, Красилівський р-н, Хмельницька обл., 31022","186","60","180","8","118","8","126","","0","118","8","126","4","122","3","6","2","1","1","1","27","11","1","2","0","1","65","1","29.10.12"
"680590","189","Хмельницька область","сільський клуб, фойє
вул.Леніна, 1, с.Васьківчики, Красилівський р-н, Хмельницька обл., 31012","222","62","218","13","147","13","160","","0","147","13","160","5","155","1","5","7","1","3","0","22","4","3","2","0","7","100","0","29.10.12"
"680591","189","Хмельницька область","сільський клуб, фойє
вул.Леніна, 1, с.Зелена, Красилівський р-н, Хмельницька обл., 31012","192","49","188","10","133","10","143","","0","133","10","143","5","138","2","10","2","1","1","1","30","1","0","19","0","4","66","1","29.10.12"
"680592","189","Хмельницька область","сільський будинок культури, актовий зал
вул.Леніна, 32, с.Великі Зозулинці, Красилівський р-н, Хмельницька обл., 31036","582","231","569","69","285","66","351","","0","285","66","351","5","346","16","37","7","1","2","10","108","36","4","33","2","2","86","2","29.10.12"
"680593","189","Хмельницька область","СК ""Маяк"", актовий зал
вул.Лесі Українки, 12, с.Малі Зозулинці, Красилівський р-н, Хмельницька обл., 31036","222","108","219","18","99","15","114","","0","99","15","114","2","112","7","8","3","0","2","2","16","4","0","15","2","2","50","1","29.10.12"
"680594","189","Хмельницька область","сільський клуб, актовий зал
вул.Карла Маркса, 2, с.Улянівка, Красилівський р-н, Хмельницька обл., 31036","78","26","76","10","44","8","52","","0","44","8","52","2","50","2","6","2","0","1","0","18","4","0","2","1","0","14","0","28.10.12"
"680595","189","Хмельницька область","сільська рада, зал засідань
вул.Центральна, 20, с.Велика Медведівка, Красилівський р-н, Хмельницька обл., 31020","240","66","231","27","147","27","174","","0","147","27","174","7","167","2","12","7","0","0","3","66","7","0","13","1","0","52","4","29.10.12"
"680596","189","Хмельницька область","сільський клуб, актовий зал
вул.Шевченка, 15, с.Красівка, Красилівський р-н, Хмельницька обл., 31020","114","23","109","2","89","2","91","","0","89","2","91","4","87","1","13","3","0","2","1","28","6","0","24","0","1","7","1","28.10.12"
"680597","189","Хмельницька область","школа, спортивний зал
вул.Центральна, 25, с.Великі Орлинці, Красилівський р-н, Хмельницька обл., 31024","426","132","418","29","265","29","294","","0","265","29","294","10","284","5","80","9","0","6","6","65","8","0","39","0","2","63","1","29.10.12"
"680598","189","Хмельницька область","сільський клуб, актовий зал
вул.Шевченка, 1, с.Ключівка, Красилівський р-н, Хмельницька обл., 31024","246","75","240","11","161","10","171","","0","161","10","171","4","167","9","50","8","1","8","6","43","9","1","17","1","0","14","0","29.10.12"
"680599","189","Хмельницька область","будинок культури, фойє
вул.Леніна, 16, с.Велика Салиха, Красилівський р-н, Хмельницька обл., 31021","324","118","322","28","178","28","206","","0","178","28","206","9","197","4","12","4","0","5","7","54","40","0","33","4","3","29","2","03.11.12"
"680600","189","Хмельницька область","школа, фойє
вул.Молодіжна, 5А, с.Пашутинці, Красилівський р-н, Хмельницька обл., 31075","192","54","190","25","113","25","138","","0","113","25","138","2","136","4","16","8","0","3","4","68","12","2","4","2","2","8","3","29.10.12"
"680601","189","Хмельницька область","сільський клуб, актовий зал
вул.Жовтнева, 42Г, с.Берегелі, Красилівський р-н, Хмельницька обл., 31075","72","21","69","16","38","13","51","","0","38","13","51","2","49","0","8","7","0","0","1","22","1","0","0","1","0","9","0","04.11.12"
"680602","189","Хмельницька область","сільська бібліотека, зал урочистих подій
вул.Центральна, 44, с.Веселівка, Красилівський р-н, Хмельницька обл., 31075","144","48","141","22","75","21","96","","0","75","21","96","7","89","7","16","10","1","5","3","38","4","3","0","0","0","2","0","28.10.12"
"680603","189","Хмельницька область","будинок культури, спортивний зал
вул.Шкільна, 4, с.Волиця, Красилівський р-н, Хмельницька обл., 31054","612","143","609","34","437","32","469","","0","437","32","469","21","448","6","81","18","1","6","16","80","23","3","177","4","0","31","2","29.10.12"
"680604","189","Хмельницька область","сільський клуб, фойє
вул.50 років Жовтня, 39, с.Дубище, Красилівський р-н, Хмельницька обл., 31054","288","107","282","22","162","19","181","","0","162","19","181","10","171","7","33","10","0","1","3","41","13","1","47","3","0","9","3","29.10.12"
"680605","189","Хмельницька область","сільський клуб, фойє
вул.Леніна, 41А, с.Воскодавинці, Красилівський р-н, Хмельницька обл., 31052","246","74","240","25","153","19","172","","0","153","19","172","6","166","6","19","5","4","2","4","59","9","0","39","0","2","17","0","29.10.12"
"680606","189","Хмельницька область","будинок культури, фойє
вул.Центральна, школа, с.Глібки, Красилівський р-н, Хмельницька обл., 31051","276","86","273","34","157","33","190","","0","157","33","190","4","186","5","14","4","2","0","4","67","12","1","26","1","0","49","1","02.11.12"
"680607","189","Хмельницька область","школа, к.1
вул.Жовтнева, 22, с.Гриценки, Красилівський р-н, Хмельницька обл., 31015","246","62","241","17","167","17","184","","0","167","17","184","3","181","3","41","6","1","2","1","30","4","1","12","1","4","74","1","29.10.12"
"680608","189","Хмельницька область","сільський клуб, фойє
вул.Леніна, 67, с.Тріски, Красилівський р-н, Хмельницька обл., 31015","216","65","217","14","137","14","151","","0","137","14","151","5","146","9","51","8","2","1","2","16","5","0","2","1","0","49","0","28.10.12"
"680609","189","Хмельницька область","школа, к.5
вул.Фрунзе, 1, с.Якимівці, Красилівський р-н, Хмельницька обл., 31015","168","65","159","15","88","15","103","","0","88","15","103","5","98","3","23","4","0","1","2","24","3","1","2","0","1","34","0","29.10.12"
"680610","189","Хмельницька область","сільський клуб, актовий зал
вул.Центральна, 3, с.Дружне, Красилівський р-н, Хмельницька обл., 31046","714","304","710","29","381","29","410","","0","381","29","410","19","391","13","52","12","1","6","4","115","18","1","130","2","1","32","4","29.10.12"
"680611","189","Хмельницька область","школа, фойє
вул.Леніна, 42, с.Западинці, Красилівський р-н, Хмельницька обл., 31072","654","276","642","56","323","55","378","","0","323","55","378","16","362","43","48","14","1","6","17","97","32","3","33","5","4","57","2","29.10.12"
"680612","189","Хмельницька область","сільський клуб, актовий зал
вул.Островського, 37, с.Баглайки, Красилівський р-н, Хмельницька обл., 31072","156","40","155","6","110","6","116","","0","110","6","116","10","106","15","21","10","1","3","3","35","4","0","9","1","0","3","1","29.10.12"
"680613","189","Хмельницька область","сільський будинок культури, фойє
пл.Леніна, 3, с.Заслучне, Красилівський р-н, Хмельницька обл., 31050","1032","432","1002","65","537","63","600","","0","537","63","600","20","580","31","70","31","2","8","15","70","37","0","258","5","0","50","3","29.10.12"
"680614","189","Хмельницька область","школа, спортивний зал
вул.Шкільна, 3, с.Писарівка, Красилівський р-н, Хмельницька обл., 31050","240","74","240","18","149","17","166","","0","149","17","166","6","160","4","11","12","1","9","2","63","4","1","41","1","0","10","1","29.10.12"
"680615","189","Хмельницька область","будинок культури, фойє
вул.Садова, 1, с.Заставки, Красилівський р-н, Хмельницька обл., 31045","450","106","452","14","330","14","344","","0","330","14","344","8","336","24","46","8","0","13","9","76","13","1","100","1","4","39","2","01.11.12"
"680616","189","Хмельницька область","школа, спортивний зал
вул.Валі Котика, 1А, с.Корчівка, Красилівський р-н, Хмельницька обл., 31031","534","122","526","49","363","49","412","","0","362","49","411","8","403","21","182","10","1","3","1","100","7","0","12","0","2","61","3","06.11.12"
"680617","189","Хмельницька область","школа, їдальня
вул.Першотравнева, 5А, с.Котюржинці, Красилівський р-н, Хмельницька обл., 31060","252","75","250","27","151","26","177","","0","151","26","177","10","167","4","14","8","0","3","1","54","12","0","32","1","4","32","2","29.10.12"
"680618","189","Хмельницька область","сільський клуб, актовий зал
вул.Устинова, 6А, с.Марківці, Красилівський р-н, Хмельницька обл., 31060","174","39","173","33","102","33","135","","0","102","33","135","3","132","15","20","1","0","3","1","35","7","0","16","0","2","32","0","29.10.12"
"680619","189","Хмельницька область","школа, спортивний зал
вул.Горького, 14, с.Кременчуки, Красилівський р-н, Хмельницька обл., 31026","1242","445","1232","104","702","95","797","","0","702","95","797","24","773","11","158","39","2","13","15","142","46","4","188","7","7","134","7","01.11.12"
"680620","189","Хмельницька область","сільський клуб, фойє
вул.Мічуріна, сільський клуб, с.Медці, Красилівський р-н, Хмельницька обл., 31026","144","42","139","9","93","9","102","","0","93","9","102","12","90","2","13","1","1","4","1","36","2","1","12","0","1","15","1","03.11.12"
"680621","189","Хмельницька область","школа, фойє
вул.Центральна, 17, с.Великі Юначки, Красилівський р-н, Хмельницька обл., 31026","192","65","186","18","110","17","127","","0","110","17","127","4","123","1","12","3","0","1","4","24","10","3","31","0","2","32","0","28.10.12"
"680622","189","Хмельницька область","сільський клуб, актовий зал
вул.Центральна, сільський клуб, с.Малі Юначки, Красилівський р-н, Хмельницька обл., 31026","168","53","166","11","104","11","115","","0","104","11","115","4","111","1","6","2","0","3","2","31","5","0","1","2","1","56","1","28.10.12"
"680623","189","Хмельницька область","фельдшерський пункт, к.2
вул.Центральна, 31, вул.Криворудка, Красилівський р-н, Хмельницька обл., 31011","264","96","259","24","145","23","168","","0","145","23","168","2","166","17","55","0","0","5","1","39","3","0","13","0","1","30","2","29.10.12"
"680624","189","Хмельницька область","сільський клуб, фойє
вул.Першотравнева, 37, с.Кучманівка, Красилівський р-н, Хмельницька обл., 31011","144","39","139","4","101","4","105","","0","101","4","105","4","101","20","16","2","0","1","0","42","1","0","4","0","0","14","1","03.11.12"
"680625","189","Хмельницька область","будинок тваринника, їдальня
пров.Колгоспний, 23, с.Кузьмин, Красилівський р-н, Хмельницька обл., 31047","798","301","787","61","441","56","497","","0","441","56","497","9","488","20","41","20","3","3","42","93","108","1","49","3","5","99","1","28.10.12"
"680626","189","Хмельницька область","будинок культури, фойє
вул.Радянська, будинок культури, с.Кузьмин, Красилівський р-н, Хмельницька обл., 31047","714","282","702","30","402","30","432","","0","402","30","432","11","421","19","85","26","2","7","29","59","50","2","47","4","3","86","2","29.10.12"
"680627","189","Хмельницька область","будинок культури, фойє
вул.Приморська, 84, с.Кульчини, Красилівський р-н, Хмельницька обл., 31040","738","228","729","49","462","48","510","","0","462","48","510","11","499","31","131","21","1","7","30","84","26","2","51","5","2","103","5","29.10.12"
"680628","189","Хмельницька область","сільський клуб, фойє
вул.Жовтнева, 42А, с.Кульчинки, Красилівський р-н, Хмельницька обл., 31041","528","130","523","48","354","44","398","","0","354","44","398","8","390","24","93","11","2","7","15","78","18","1","104","1","3","32","1","28.10.12"
"680629","189","Хмельницька область","будинок культури, актовий зал
вул.Подільська, 12, с.Лагодинці, Красилівський р-н, Хмельницька обл., 31042","696","206","688","64","431","59","490","","0","431","59","490","24","466","21","62","13","2","4","46","146","14","3","53","1","5","92","4","28.10.12"
"680630","189","Хмельницька область","фельдшерський пункт, к.1
вул.Жовтнева, 2А, с.Ледянка, Красилівський р-н, Хмельницька обл., 31013","132","17","136","10","105","10","115","","0","105","10","115","0","115","3","13","4","1","2","1","15","0","0","11","1","1","62","1","28.10.12"
"680631","189","Хмельницька область","сільська рада, актовий зал
вул.Центральна, 1, с.Федорівка, Красилівський р-н, Хмельницька обл., 31013","144","26","143","15","103","15","118","","0","103","15","118","0","118","11","5","0","0","1","0","13","15","0","1","0","0","72","0","28.10.12"
"680632","189","Хмельницька область","фельдшерський пункт, к.1
вул.Травнева, 1А, с.Трусилівка, Красилівський р-н, Хмельницька обл., 31014","120","26","115","10","84","10","94","","0","84","10","94","1","93","16","15","0","0","3","0","21","5","0","3","0","1","29","0","04.11.12"
"680633","189","Хмельницька область","сільський клуб, актовий зал
вул.Щорса, 10, с.Малі Пузирки, Красилівський р-н, Хмельницька обл., 31014","348","90","341","22","236","22","258","","0","236","22","258","2","256","2","98","2","0","0","3","14","3","0","8","1","6","119","0","04.11.12"
"680634","189","Хмельницька область","сільський клуб, к.1
вул.Центральна, сільський клуб, с.Велика Клітна, Красилівський р-н, Хмельницька обл., 31033","384","111","379","34","241","32","273","","0","241","32","273","8","265","4","33","7","2","9","4","23","8","7","13","4","5","145","1","29.10.12"
"680635","189","Хмельницька область","сільський клуб, актовий зал
вул.Центральна, сільський клуб, с.Кошелівка, Красилівський р-н, Хмельницька обл., 31033","330","116","328","26","189","25","214","","0","189","25","214","8","206","5","8","5","0","1","2","2","23","2","13","2","0","142","1","29.10.12"
"680636","189","Хмельницька область","фельдшерсько-акушерський пункт, к.1
вул.Шкільна, 18А, с.Мала Клітна, Красилівський р-н, Хмельницька обл., 31033","192","65","189","23","104","23","127","","0","104","23","127","4","123","10","5","3","0","3","12","12","8","0","11","2","1","49","7","29.10.12"
"680637","189","Хмельницька область","будинок культури, фойє
вул.Центральна, будинок культури, с.Волиця Друга, Красилівський р-н, Хмельницька обл., 31033","240","66","233","34","140","34","174","","0","140","34","174","5","169","4","8","4","0","2","3","10","17","2","4","0","2","113","0","29.10.12"
"680638","189","Хмельницька область","будинок культури, актовий зал
вул.Центральна, будинок культури, с.Манівці, Красилівський р-н, Хмельницька обл., 31028","444","116","432","46","283","45","328","","0","283","45","328","10","318","3","14","8","1","1","12","80","8","1","126","5","3","50","6","29.10.12"
"680639","189","Хмельницька область","школа, актовий зал
вул.Леніна, 83Б, с.Митинці, Красилівський р-н, Хмельницька обл., 31062","456","121","456","45","290","45","335","","0","290","45","335","6","329","22","13","25","2","6","4","75","27","3","40","4","9","97","2","29.10.12"
"680640","189","Хмельницька область","фельдшерський пункт, к.1
вул.Жовтнева, 45, с.Вереміївка, Красилівський р-н, Хмельницька обл., 31062","240","76","236","49","123","41","164","","0","123","41","164","7","157","17","17","4","2","5","2","58","4","4","7","6","3","21","7","29.10.12"
"680641","189","Хмельницька область","сільська бібліотека, читальний зал
вул.К.Маркса, 13Б, с.Хотьківці, Красилівський р-н, Хмельницька обл., 31062","240","90","234","16","134","16","150","","0","134","16","150","5","145","26","7","13","0","4","3","42","12","1","17","3","0","17","0","03.11.12"
"680642","189","Хмельницька область","фельдшерський пункт, фойє
вул.Фрунзе, 15, с.Заруддя, Красилівський р-н, Хмельницька обл., 31062","84","25","79","13","46","13","59","","0","46","13","59","1","58","1","7","9","2","0","1","14","2","1","4","2","1","14","0","29.10.12"
"680643","189","Хмельницька область","будинок культури, актовий зал
вул.І-го Травня, 2Б, с.Михайлівці, Красилівський р-н, Хмельницька обл., 31073","378","108","375","24","247","23","270","","0","247","23","270","8","262","26","16","10","1","13","9","37","10","4","25","2","4","105","0","29.10.12"
"680644","189","Хмельницька область","фельдшерський пункт, к.1
вул.Жовтнева, 4, с.Мотрунки, Красилівський р-н, Хмельницька обл., 31073","318","131","314","26","164","23","187","","0","164","23","187","4","183","14","17","9","3","1","10","24","11","1","18","2","6","66","1","29.10.12"
"680645","189","Хмельницька область","школа, актовий зал
вул.Колгоспна, 24, с.Печеське, Красилівський р-н, Хмельницька обл., 31044","666","206","660","50","412","48","460","","0","412","48","460","8","452","13","58","18","1","6","3","45","33","3","133","2","3","128","6","29.10.12"
"680646","189","Хмельницька область","школа, спортивний зал
вул.Центральна, 66, с.Росолівці, Красилівський р-н, Хмельницька обл., 31043","498","222","486","24","253","23","276","","0","253","23","276","17","259","9","56","13","1","5","16","64","4","3","24","2","4","53","5","29.10.12"
"680647","189","Хмельницька область","школа, актовий зал
вул.40 років Перемоги, 28А, с.Севрюки, Красилівський р-н, Хмельницька обл., 31030","348","87","337","31","230","31","261","","0","230","31","261","6","255","22","13","5","0","4","1","84","4","0","10","0","7","105","0","29.10.12"
"680648","189","Хмельницька область","сільський клуб, зал
вул.Леніна, 24, с.Решнівка, Красилівський р-н, Хмельницька обл., 31030","108","20","108","7","81","7","88","","0","81","7","88","2","86","0","4","4","1","1","1","27","0","2","1","0","1","43","1","29.10.12"
"680649","189","Хмельницька область","школа, фойє
вул.Перемоги, 1, с.Терешки, Красилівський р-н, Хмельницька обл., 31011","312","86","306","35","191","35","226","","0","191","35","226","9","217","9","5","7","1","3","1","53","7","2","25","1","2","99","2","30.10.12"
"680650","189","Хмельницька область","фельдшерсько-акушерський пункт, к.1
вул.Перемоги, 5А, с.Маленки, Красилівський р-н, Хмельницька обл., 31011","246","62","243","20","164","20","184","","0","164","20","184","5","179","5","10","6","0","7","1","59","9","0","29","2","3","47","1","29.10.12"
"680651","189","Хмельницька область","будинок культури, актовий зал
вул.Набережна, 4А, с.Чепелівка, Красилівський р-н, Хмельницька обл., 31056","810","323","796","27","460","27","487","","0","460","27","487","13","474","54","109","13","1","7","8","106","50","15","72","5","4","26","4","28.10.12"
"680652","189","Хмельницька область","школа, їдальня
вул.Шкільна, 1, с.Чернелівка, Красилівський р-н, Хмельницька обл., 31052","774","336","763","73","368","70","438","","0","368","70","438","8","430","32","63","14","1","5","11","62","73","1","113","4","3","46","2","31.10.12"
"680653","189","Хмельницька область","сільський клуб, актовий зал
вул.Калініна, сільський клуб, с.Мончинці, Красилівський р-н, Хмельницька обл., 31052","276","74","269","25","177","25","202","","0","177","25","202","12","190","1","15","8","0","2","1","84","10","1","9","1","3","53","2","04.11.12"
"680654","189","Хмельницька область","сільський клуб, актовий зал
вул.Площа, сільський клуб, с.Пилипи, Красилівський р-н, Хмельницька обл., 31052","120","39","110","6","75","6","81","","0","75","6","81","3","78","3","5","2","0","0","0","17","2","0","26","0","1","21","1","05.11.12"
"680655","189","Хмельницька область","сільський клуб, актовий зал
вул.Булаєнка, сільський клуб, с.Сорокодуби, Красилівський р-н, Хмельницька обл., 31052","216","67","212","13","137","12","149","","0","137","12","149","11","138","3","15","9","2","10","7","32","22","2","4","1","1","30","0","03.11.12"
"680656","189","Хмельницька область","школа, спортивний зал
вул.Жовтнева, 3А, с.Щиборівка, Красилівський р-н, Хмельницька обл., 31070","606","198","597","27","381","27","408","","0","381","27","408","11","397","22","48","25","3","9","12","129","34","2","76","7","1","25","4","29.10.12"
"680657","189","Хмельницька область","школа, актовий зал
вул.Центральна, 52, с.Радісне, Красилівський р-н, Хмельницька обл., 31073","702","219","694","26","457","26","483","","0","457","26","483","18","465","25","124","32","0","4","9","102","22","4","76","0","2","61","4","29.10.12"
"680658","189","Хмельницька область","сільський клуб, фойє
вул.Дорожна, 1А, с.Каламаринка, Красилівський р-н, Хмельницька обл., 31070","204","54","200","18","132","18","150","","0","132","18","150","5","145","7","41","7","1","2","3","30","17","0","12","3","0","19","3","29.10.12"
"680659","189","Хмельницька область","школа, к.1
вул.Зелена, 1Б, с.Мовчани, Красилівський р-н, Хмельницька обл., 31073","228","41","226","20","168","19","187","","0","168","19","187","7","180","10","32","6","1","18","9","66","6","1","15","2","0","14","0","29.10.12"
"680660","189","Хмельницька область","будинок культури, актовий зал
вул.Лесі Українки, 1Б, с.Яворівці, Красилівський р-н, Хмельницька обл., 31055","498","141","487","40","317","40","357","","0","317","40","357","12","345","41","53","13","2","6","11","52","31","1","82","1","3","46","3","03.11.12"
"680661","189","Хмельницька область","сільський клуб, актовий зал
вул.Клубна, 1А, с.Слобідка-Красилівська, Красилівський р-н, Хмельницька обл., 31000","504","156","497","57","295","53","348","","0","295","53","348","9","339","33","87","17","2","13","6","52","26","2","54","1","0","45","1","03.11.12"
"680662","189","Хмельницька область","центральна районна лікарня, актовий зал
вул.М.Грушевського, 140, м.Красилів, Красилівський р-н, Хмельницька обл., 31000","264","245","29","27","1","18","19","","0","1","18","19","1","18","2","2","1","1","2","0","3","2","0","3","0","0","2","0","04.11.12"
"680663","189","Хмельницька область","районна лікарня, актовий зал
вул.Дімітрова, 15, смт Антоніни, Красилівський р-н, Хмельницька обл., 31022","30","21","13","9","3","6","9","","0","3","6","9","0","9","1","4","0","0","0","1","1","0","0","1","0","0","1","0","29.10.12"
"681012","189","Хмельницька область","школа, спортивна зала
вул.Леніна, 8, смт Базалія, Теофіпольський р-н, Хмельницька обл., 30650","1476","547","1465","96","842","87","929","","0","842","87","929","28","901","127","221","36","2","22","3","170","64","5","104","10","5","125","7","29.10.12"
"681013","189","Хмельницька область","будинок культури, приміщення для голосування
вул.Центральна, 10, с.Бережинці, Теофіпольський р-н, Хмельницька обл., 30621","258","52","250","22","184","22","206","","0","184","22","206","8","198","21","121","1","0","2","0","6","2","0","19","0","1","25","0","28.10.12"
"681014","189","Хмельницька область","сільський клуб, приміщення для голосування
вул.Першотравнева, 1, с.Рідка, Теофіпольський р-н, Хмельницька обл., 30621","138","34","137","6","98","6","104","","0","98","6","104","2","102","15","55","1","0","1","0","6","4","0","6","0","1","13","0","28.10.12"
"681015","189","Хмельницька область","будинок культури, к.2
вул.Центральна, 5, с.Борщівка, Теофіпольський р-н, Хмельницька обл., 30650","288","82","280","19","189","17","206","","0","189","17","206","4","202","25","30","3","2","0","1","30","6","3","17","0","3","80","2","29.10.12"
"681016","189","Хмельницька область","сільська рада, приміщення для голосування
вул.Центральна, 1, с.Великий Лазучин, Теофіпольський р-н, Хмельницька обл., 30644","294","79","289","18","199","16","215","","0","199","16","215","2","213","14","12","0","0","0","9","9","0","0","22","0","1","146","0","28.10.12"
"681017","189","Хмельницька область","сільський клуб, приміщення для голосування
вул.Центральна, 7, с.Малий Лазучин, Теофіпольський р-н, Хмельницька обл., 30640","150","50","142","5","96","4","100","","0","96","4","100","1","99","7","2","0","0","0","9","20","0","0","5","0","0","56","0","28.10.12"
"681018","189","Хмельницька область","будинок культури, актова зала
вул.Леніна, 47, с.Волиця, Теофіпольський р-н, Хмельницька обл., 30627","606","181","602","32","394","31","425","","0","394","31","425","12","413","45","148","9","2","6","0","39","25","3","34","3","2","92","5","29.10.12"
"681019","189","Хмельницька область","сільська рада, приміщення для голосування
вул.Леніна, 6, с.Волиця-Польова, Теофіпольський р-н, Хмельницька обл., 30626","606","157","606","41","411","38","449","","0","411","38","449","16","433","58","209","13","1","4","0","34","40","0","37","0","2","33","2","30.10.12"
"681020","189","Хмельницька область","сільська рада, каб.1
вул.Центральна, 5А, с.Воронівці, Теофіпольський р-н, Хмельницька обл., 30631","390","88","386","47","258","44","302","","0","258","44","302","2","300","28","169","8","0","4","4","27","9","0","15","0","0","35","1","29.10.12"
"681021","189","Хмельницька область","сільський клуб, к.1
вул.Тернопільська, 22А, с.Немиринці, Теофіпольський р-н, Хмельницька обл., 30632","162","29","160","24","112","21","133","","0","112","21","133","0","133","38","34","2","0","1","0","11","1","0","12","0","0","34","0","06.11.12"
"681022","189","Хмельницька область","будинок культури, приміщення для голосування
вул.Гагаріна, 34А, с.Гаврилівка, Теофіпольський р-н, Хмельницька обл., 30634","510","141","504","22","348","21","369","","0","348","21","369","9","360","46","179","2","1","4","3","29","8","1","32","0","1","52","2","29.10.12"
"681023","189","Хмельницька область","сільський клуб, приміщення для голосування
вул.Відродження, 25А, с.Караїна, Теофіпольський р-н, Хмельницька обл., 30634","108","22","107","4","82","4","86","","0","82","4","86","2","84","1","17","3","0","8","0","18","4","0","23","0","2","8","0","04.11.12"
"681024","189","Хмельницька область","сільський клуб, приміщення для голосування
вул.Леніна, 19А, с.Ленінське, Теофіпольський р-н, Хмельницька обл., 30634","96","22","89","2","73","1","74","","0","73","1","74","3","71","17","8","2","0","1","3","9","3","0","14","0","0","12","2","28.10.12"
"681025","189","Хмельницька область","сільський клуб, приміщення для голосування
вул.Леніна, 2А, с.Медисівка, Теофіпольський р-н, Хмельницька обл., 30634","210","49","207","18","143","18","161","","0","143","18","161","3","158","35","59","1","0","3","0","21","1","3","16","0","1","17","1","28.10.12"
"681026","189","Хмельницька область","будинок культури, приміщення для голосування
вул.Радянська, 5Б, с.Гальчинці, Теофіпольський р-н, Хмельницька обл., 30637","516","120","501","43","356","40","396","","0","356","40","396","8","388","66","104","19","2","17","6","48","10","2","54","4","1","50","5","31.10.12"
"681027","189","Хмельницька область","сільський клуб, приміщення для голосування
вул.Цетральна, 2А, с.Єлизаветпіль, Теофіпольський р-н, Хмельницька обл., 30637","180","43","179","16","121","16","137","","0","121","16","137","6","131","42","27","1","1","0","6","13","6","0","12","1","2","19","1","29.10.12"
"681028","189","Хмельницька область","сільський клуб, приміщення для голосування
вул.Центральна, 18А, с.Новоіванівка, Теофіпольський р-н, Хмельницька обл., 30637","168","50","163","35","87","31","118","","0","87","31","118","0","118","10","16","3","0","5","0","27","7","0","16","0","0","32","2","06.11.12"
"681029","189","Хмельницька область","школа, приміщення для голосування
вул.Кооперативна, 29, с.Ільківці, Теофіпольський р-н, Хмельницька обл., 30630","222","73","216","10","140","9","149","","0","140","9","149","2","147","19","34","7","0","0","0","24","8","1","20","0","4","30","0","29.10.12"
"681030","189","Хмельницька область","школа, приміщення для голосування
вул.Центральна, 9А, с.Колісець, Теофіпольський р-н, Хмельницька обл., 30633","360","88","365","22","250","22","272","","0","250","22","272","2","270","47","80","6","0","3","3","42","14","3","15","0","0","57","0","30.10.12"
"681031","189","Хмельницька область","школа, приміщення для голосування
вул.Жовтнева, 58, с.Карабіївка, Теофіпольський р-н, Хмельницька обл., 30640","390","88","392","26","279","23","302","","0","279","23","302","9","293","9","117","7","1","3","0","27","1","1","64","0","2","61","0","29.10.12"
"681032","189","Хмельницька область","будинок культури, приміщення для голосування
вул.ім.капітана Данилюка С.М., 81, с.Кунча, Теофіпольський р-н, Хмельницька обл., 30609","594","120","589","51","424","50","474","","0","424","50","474","6","468","67","36","19","1","3","14","104","30","1","86","1","4","99","3","31.10.12"
"681033","189","Хмельницька область","сільський клуб, приміщення для голосування
вул.Пархоменка, 37, с.Дмитрівка, Теофіпольський р-н, Хмельницька обл., 30609","168","26","167","20","123","19","142","","0","123","19","142","5","137","15","18","4","1","0","0","35","2","0","39","0","0","23","0","04.11.12"
"681034","189","Хмельницька область","будинок культури, приміщення для голосування
вул.Молодіжна, 12А, с.Лідихівка, Теофіпольський р-н, Хмельницька обл., 30623","216","41","215","11","165","10","175","","0","165","10","175","7","168","13","23","1","0","5","2","19","1","10","10","1","4","78","1","06.11.12"
"681035","189","Хмельницька область","магазин, приміщення для голосування
вул.Центральна, 25А, с.Заруддя, Теофіпольський р-н, Хмельницька обл., 30623","198","26","194","21","152","20","172","","0","152","20","172","3","169","19","16","4","0","4","5","25","7","4","26","3","2","52","2","28.10.12"
"681036","189","Хмельницька область","школа, приміщення для голосування
вул.Леніна, 40А, с.Строки, Теофіпольський р-н, Хмельницька обл., 30624","300","70","295","15","218","12","230","","0","218","12","230","4","226","9","98","8","0","1","1","8","6","2","21","1","1","69","1","30.10.12"
"681037","189","Хмельницька область","сільський клуб, приміщення для голосування
вул.Центральна, 21А, с.Троянівка, Теофіпольський р-н, Хмельницька обл., 30623","186","45","182","8","133","8","141","","0","133","8","141","4","137","9","54","2","0","2","3","14","6","0","4","0","2","41","0","28.10.12"
"681038","189","Хмельницька область","будинок культури, приміщення для голосування
вул.Леніна, 40, с.Михиринці, Теофіпольський р-н, Хмельницька обл., 30648","366","91","367","26","252","23","275","","0","252","23","275","11","264","16","84","8","1","8","6","49","4","0","15","0","1","71","1","28.10.12"
"681039","189","Хмельницька область","сільський клуб, приміщення для голосування
вул.Радянська, 21, с.Малі Жеребки, Теофіпольський р-н, Хмельницька обл., 30648","96","23","94","14","59","14","73","","0","59","14","73","2","71","13","23","2","0","2","0","8","0","0","1","0","0","22","0","28.10.12"
"681040","189","Хмельницька область","школа, приміщення для голосування
вул.Шкільна, 1, с.Михнівка, Теофіпольський р-н, Хмельницька обл., 30641","528","197","523","19","314","17","331","","0","314","17","331","11","320","15","106","17","0","5","5","49","8","0","40","1","2","68","4","29.10.12"
"681041","189","Хмельницька область","будинок культури, приміщення для голосування
вул.Леніна, 21А, с.Новоставці, Теофіпольський р-н, Хмельницька обл., 30611","786","219","774","41","530","37","567","","0","530","37","567","7","560","12","37","10","2","2","3","23","9","4","65","1","3","388","1","28.10.12"
"681042","189","Хмельницька область","школа, приміщення для голосування
вул.Колгоспна, 14, с.Коров’є, Теофіпольський р-н, Хмельницька обл., 30600","570","197","566","22","354","19","373","","0","354","19","373","5","368","7","57","5","0","7","0","15","7","0","49","1","3","215","2","29.10.12"
"681043","189","Хмельницька область","фельшерсько-акушерський пункт, приміщення для голосування
вул.Джерельна, 2Б, с.Кривовілька, Теофіпольський р-н, Хмельницька обл., 30611","258","47","259","15","196","15","211","","0","196","15","211","3","208","6","11","7","1","0","0","15","0","1","6","0","4","157","0","02.11.12"
"681044","189","Хмельницька область","будинок культури, приміщення для голосування
вул.Мирна, 7, с.Олійники, Теофіпольський р-н, Хмельницька обл., 30642","240","56","237","18","167","17","184","","0","167","17","184","6","178","19","19","5","0","2","1","32","6","1","27","0","2","64","0","29.10.12"
"681045","189","Хмельницька область","сільський клуб, приміщення для голосування
вул.Шкільна, 17, с.Колки, Теофіпольський р-н, Хмельницька обл., 30643","294","67","291","17","210","17","227","","0","210","17","227","5","222","13","127","5","1","6","0","10","5","2","22","1","1","29","0","28.10.12"
"681046","189","Хмельницька область","будинок культури, приміщення для голосування
вул.Шкільна, 26А, с.Ординці, Теофіпольський р-н, Хмельницька обл., 30646","276","55","270","31","193","28","221","","0","193","28","221","4","217","15","116","1","0","3","1","15","3","0","3","0","3","57","0","03.11.12"
"681047","189","Хмельницька область","сільський клуб, приміщення для голосування
вул.Молодіжна, 10А, с.Лютарівка, Теофіпольський р-н, Хмельницька обл., 30647","300","62","293","36","204","34","238","","0","204","34","238","4","234","32","25","5","1","1","3","23","1","2","18","3","0","118","2","28.10.12"
"681048","189","Хмельницька область","будинок культури, приміщення для голосування
вул.Бойцуна, 31, с.Поляхове, Теофіпольський р-н, Хмельницька обл., 30620","930","298","918","34","599","33","632","","0","599","33","632","19","613","67","100","18","1","2","13","55","35","2","69","6","10","221","14","29.10.12"
"681049","189","Хмельницька область","сільський клуб, приміщення для голосування
вул.Бульварська, 28, с.Кузьминці, Теофіпольський р-н, Хмельницька обл., 30620","288","54","287","15","219","15","234","","0","219","15","234","0","234","57","70","3","0","0","1","18","11","2","38","3","1","29","1","29.10.12"
"681050","189","Хмельницька область","будинок культури, приміщення для голосування
вул.Леніна, 66, с.Святець, Теофіпольський р-н, Хмельницька обл., 30613","1662","541","1652","102","1046","75","1121","","0","1046","75","1121","28","1093","138","213","51","4","3","10","361","84","7","96","2","5","118","1","29.10.12"
"681051","189","Хмельницька область","сільський клуб, приміщення для голосування
вул.Кірова, 9, с.Лисогірка, Теофіпольський р-н, Хмельницька обл., 30614","480","164","473","23","293","23","316","","0","293","23","316","8","308","54","77","8","3","4","4","73","3","4","24","3","5","43","3","29.10.12"
"681052","189","Хмельницька область","сільський клуб, приміщення для голосування
вул.Дружби, 6, с.Мар’янівка, Теофіпольський р-н, Хмельницька обл., 30614","240","54","232","19","168","18","186","","0","168","18","186","5","181","21","36","7","1","8","1","41","3","1","18","3","3","33","5","29.10.12"
"681053","189","Хмельницька область","школа №1, приміщення для голосування
вул.Леніна, 46, смт Теофіполь, Теофіпольський р-н, Хмельницька обл., 30600","2070","813","2053","49","1211","46","1257","","0","1211","46","1257","18","1239","46","195","54","3","17","15","119","51","5","302","9","15","402","6","29.10.12"
"681054","189","Хмельницька область","школа-гімназія, спортивна зала
вул.Ювілейна, 36, смт Теофіполь, Теофіпольський р-н, Хмельницька обл., 30600","1836","677","1808","54","1113","46","1159","","0","1113","46","1159","21","1138","59","126","41","1","18","8","114","44","0","296","0","6","421","4","29.10.12"
"681055","189","Хмельницька область","будинок культури, фойє
вул.Юності, 7, смт Теофіполь, Теофіпольський р-н, Хмельницька обл., 30601","1824","673","1807","9","1143","8","1151","","0","1143","8","1151","25","1126","54","390","55","2","16","5","75","55","10","249","5","9","198","3","29.10.12"
"681056","189","Хмельницька область","будинок культури, приміщення для голосування
вул.Центральна, 31, с.Турівка, Теофіпольський р-н, Хмельницька обл., 30625","270","42","270","29","200","28","228","","0","200","28","228","7","221","19","113","5","0","2","3","12","11","1","22","0","0","32","1","29.10.12"
"681057","189","Хмельницька область","сільський клуб, приміщення для голосування
вул.імені Юхима Пархомчука, 22А, с.Червона Дубина, Теофіпольський р-н, Хмельницька обл., 30625","180","30","175","23","130","20","150","","0","130","20","150","3","147","31","75","1","0","0","5","11","5","0","4","0","0","11","4","29.10.12"
"681058","189","Хмельницька область","будинок культури, приміщення для голосування
вул.Леніна, 6, с.Човгузів, Теофіпольський р-н, Хмельницька обл., 30610","558","133","548","45","383","42","425","","0","383","42","425","8","417","36","38","15","0","8","3","32","14","1","34","4","7","223","2","29.10.12"
"681059","189","Хмельницька область","фельшерсько-акушерський пункт, приміщення для голосування
вул.Перемоги, 20, с.Вовківці, Теофіпольський р-н, Хмельницька обл., 30610","96","24","90","2","70","2","72","","0","70","2","72","1","71","5","13","0","0","3","0","9","0","1","8","0","0","32","0","28.10.12"
"681060","189","Хмельницька область","сільський клуб, приміщення для голосування
вул.Леніна, 2, с.Шибена, Теофіпольський р-н, Хмельницька обл., 30635","630","178","629","110","355","97","452","","0","355","97","452","10","442","83","27","3","0","4","0","68","5","1","77","2","0","172","0","29.10.12"
"681061","189","Хмельницька область","навчально-виховний комплекс, приміщення для голосування
вул.Кірова, 38, с.Улянове, Теофіпольський р-н, Хмельницька обл., 30635","156","33","156","25","101","22","123","","0","101","22","123","0","123","33","18","1","0","7","0","15","3","0","20","0","1","25","0","29.10.12"
"681375","189","Хмельницька область","школа мистецтв, фойє
пр.Курчатова, 5, м.Нетішин, Хмельницька обл., 30100","1398","533","1369","11","857","8","865","","0","857","8","865","29","836","25","131","50","1","20","10","97","178","3","294","6","2","10","9","29.10.12"
"681376","189","Хмельницька область","школа №1, спортзал
пр.Незалежності, 7, м.Нетішин, Хмельницька обл., 30100","1194","499","1175","2","693","2","695","","0","693","2","695","13","682","21","104","50","0","8","1","69","145","8","259","3","1","11","2","29.10.12"
"681377","189","Хмельницька область","школа №1, фойє
пр.Незалежності, 7, м.Нетішин, Хмельницька обл., 30100","1254","561","1248","1","692","1","693","","0","692","1","693","13","680","22","122","42","1","12","2","62","198","4","198","5","2","8","2","29.10.12"
"681378","189","Хмельницька область","будинок дитячої творчості, хореографічна зала
пр.Курчатова, 8, м.Нетішин, Хмельницька обл., 30100","2262","983","2231","2","1278","1","1279","","0","1278","1","1279","50","1229","36","149","94","2","18","8","178","264","14","429","3","16","4","14","29.10.12"
"681379","189","Хмельницька область","НВК школа та ліцей, вестибюль 1
пров.Миру, 5, м.Нетішин, Хмельницька обл., 30100","2094","911","2070","3","1180","3","1183","","0","1180","3","1183","26","1157","23","189","87","3","25","3","163","240","5","383","7","3","13","13","29.10.12"
"681380","189","Хмельницька область","НВК школа та ліцей, вестибюль 2
пров.Миру, 5, м.Нетішин, Хмельницька обл., 30100","2142","864","2122","6","1274","4","1278","","0","1274","4","1278","32","1246","30","163","101","3","16","4","145","240","7","496","8","4","19","10","29.10.12"
"681381","189","Хмельницька область","палац культури, конференц зала
вул.Шевченка, 3, м.Нетішин, Хмельницька обл., 30100","1818","768","1795","4","1046","4","1050","","0","1046","4","1050","22","1028","26","136","61","4","18","3","131","210","8","396","5","2","19","9","29.10.12"
"681382","189","Хмельницька область","школа №2, вестибюль 1
вул.Будівельників, 5, м.Нетішин, Хмельницька обл., 30100","2010","876","1990","6","1129","5","1134","","0","1129","5","1134","37","1097","29","131","84","6","18","3","147","243","8","391","9","1","17","10","29.10.12"
"681383","189","Хмельницька область","школа №2, вестибюль 2
вул.Будівельників, 5, м.Нетішин, Хмельницька обл., 30100","1932","818","1904","7","1108","6","1114","","0","1108","6","1114","18","1096","28","122","85","1","29","3","132","221","4","436","4","4","12","15","29.10.12"
"681384","189","Хмельницька область","школа №4, вестибюль
вул.Енергетиків, 3, м.Нетішин, Хмельницька обл., 30100","2124","833","2111","2","1289","2","1291","","0","1289","2","1291","31","1260","50","164","97","3","16","5","120","317","7","429","10","4","28","10","04.11.12"
"681385","189","Хмельницька область","професійний ліцей, спортзал
пр.Незалежності, 2, м.Нетішин, Хмельницька обл., 30100","2322","906","2316","4","1412","4","1416","","0","1412","4","1416","40","1376","52","191","99","2","22","5","157","317","11","471","11","1","24","13","29.10.12"
"681386","189","Хмельницька область","приміщення галереї ""Арт-пласт"", праве крило
пр.Незалежності, 18, м.Нетішин, Хмельницька обл., 30100","1716","792","1703","5","920","4","924","","0","920","4","924","25","899","51","158","56","2","18","4","103","222","8","258","5","0","10","4","29.10.12"
"681387","189","Хмельницька область","гуртожиток №3, центр цивільної оборони
вул.Набережна, 5, м.Нетішин, Хмельницька обл., 30100","1512","730","1503","3","780","2","782","","0","780","2","782","24","758","45","103","79","4","15","0","103","201","1","191","5","4","2","5","28.10.12"
"681388","189","Хмельницька область","гуртожиток №1, червоний куточок
вул.Набережна, 1, м.Нетішин, Хмельницька обл., 30100","1530","720","1521","1","810","0","810","","0","810","0","810","23","787","37","112","65","1","15","3","101","195","5","227","8","4","10","4","29.10.12"
"681389","189","Хмельницька область","адмінбудівля ""Нове життя"", зал засідань
вул.Старонетішинська, 24, м.Нетішин, Хмельницька обл., 30100","702","369","689","14","322","11","333","","0","322","11","333","18","315","18","52","17","3","5","1","26","70","1","105","0","0","12","5","28.10.12"
"681390","189","Хмельницька область","будинок культури, камінна зала
вул.Солов’євська, 178, м.Нетішин, Хмельницька обл., 30100","588","282","588","14","294","12","306","","0","294","12","306","15","291","15","31","12","2","4","1","53","53","1","110","0","0","9","0","29.10.12"
