"№ ВД","OBO","Назва регіону України","Місцезнаходження та адреса приміщення для голосування","1) К-сть одержаних бюлетенів","2) К-сть невикористаних бюлетенів","3) К-сть виборців, внесених до списку виборців","4) К-сть виборців, внесених до витягу зі списку виборців","5) К-сть виборців, які отримали бюлетені у приміщенні","6) К-сть виборців, які отримали за місцем перебування","7) Сумарна к-сть виборців, які отримали бюлетені","8) К-сть бюлетенів, що виявилися у кожній скринці","9) К-сть бюлетенів, що не підлягають врахуванню","10) К-сть виборців, які взяли участь у голос. у приміщенні для гол.","11) К-сть виборців, які взяли участь у голос. за місцем перебування","12) К-сть виборців, які взяли участь у голосуванні на виборчій дільниці","13) К-сть бюлетенів, визнаних недійсними","14) Сумарна к-сть голосів виборців ЗА","Барабаш
Віктор
Васильович","Буряк
Сергій
Васильович","Герасименко
Олена
Михайлівна","Дем’янов
Анатолій
Анатолійович","Нагорна
Віра
Микитівна","Побережна
Анна
Валеріївна","Сидор
Василь
Богданович","Халілов
Рафаел
Муршудович","Дата підписання протоколу"
"680772","190","Хмельницька область","школа, спортивна зала
вул.Центральна, 28, с.Білецьке, Полонський р-н, Хмельницька обл., 30543","320","135","323","25","164","21","185","","0","164","21","185","8","177","6","91","6","5","37","11","20","1","29.10.12"
"680773","190","Хмельницька область","сільський клуб, мала зала
вул.Центральна, 9, с.Бражинці, Полонський р-н, Хмельницька обл., 30536","384","131","374","28","229","24","253","","0","229","24","253","9","244","5","171","5","2","22","5","34","0","29.10.12"
"680774","190","Хмельницька область","сільський клуб, актова зала
вул.І.Франка, 39, с.Кіпчинці, Полонський р-н, Хмельницька обл., 30536","200","37","197","29","138","25","163","","0","138","25","163","3","160","0","87","1","2","4","1","64","1","29.10.12"
"680775","190","Хмельницька область","сільський клуб, фойє
вул.Шевченка, 19, с.Фадіївка, Полонський р-н, Хмельницька обл., 30536","80","18","80","5","57","5","62","","0","57","5","62","0","62","0","32","1","3","5","2","19","0","29.10.12"
"680776","190","Хмельницька область","сільська рада, актова зала
вул.Перемоги, 28, с.Буртин, Полонський р-н, Хмельницька обл., 30510","664","223","645","36","406","35","441","","0","406","35","441","13","428","5","210","9","14","42","31","116","1","06.11.12"
"680777","190","Хмельницька область","сільський клуб, актова зала
вул.Івана Франка, 6, с.Залісся, Полонський р-н, Хмельницька обл., 30510","88","26","86","0","62","0","62","","0","62","0","62","2","60","1","35","0","0","1","2","21","0","29.10.12"
"680778","190","Хмельницька область","адмінбудинок заводу ""Маяк"", актова зала
вул.Заводська, 4, с.Новаки, Полонський р-н, Хмельницька обл., 30510","40","12","41","1","27","1","28","","0","27","1","28","1","27","0","20","0","0","0","4","3","0","29.10.12"
"680779","190","Хмельницька область","будинок культури, актова зала
вул.Леніна, 40А, с.Велика Березна, Полонський р-н, Хмельницька обл., 30530","832","306","818","65","461","65","526","","0","461","65","526","16","510","12","173","17","27","82","69","128","2","29.10.12"
"680780","190","Хмельницька область","сільський клуб, актова зала
вул.Земнухова, 2, с.Варварівка, Полонський р-н, Хмельницька обл., 30530","288","74","284","34","180","34","214","","0","180","34","214","5","209","3","100","9","6","15","24","51","1","29.10.12"
"680781","190","Хмельницька область","сільський клуб, фойє
вул.Чапаєва, 2, с.Адамів, Полонський р-н, Хмельницька обл., 30530","240","105","236","11","126","9","135","","0","126","9","135","11","124","1","51","2","4","18","6","41","1","29.10.12"
"680782","190","Хмельницька область","медичний пункт, к.2
вул.Чкалова, 27, с.Радгоспне, Полонський р-н, Хмельницька обл., 30530","152","57","146","10","85","10","95","","0","85","10","95","2","93","2","52","3","5","9","4","17","1","29.10.12"
"680783","190","Хмельницька область","сільський клуб, мала зала
вул.Соборна, сільський клуб, с.Великі Каленичі, Полонський р-н, Хмельницька обл., 30521","336","121","322","30","187","28","215","","0","187","28","215","3","212","4","149","5","5","19","4","25","1","29.10.12"
"680784","190","Хмельницька область","сільський клуб, мала зала
вул.Шевченка, сільський клуб, с.Коханівка, Полонський р-н, Хмельницька обл., 30521","296","89","290","28","180","27","207","","0","180","27","207","16","191","0","87","0","5","22","18","59","0","29.10.12"
"680785","190","Хмельницька область","сільський клуб, актова зала
вул.Дружби, 1А, с.Воробіївка, Полонський р-н, Хмельницька обл., 30545","472","143","464","44","290","39","329","","0","290","39","329","11","318","2","144","6","11","42","15","97","1","29.10.12"
"680786","190","Хмельницька область","школа, спортивна зала
вул.Шевченка, 11, с.Котелянка, Полонський р-н, Хмельницька обл., 30534","608","205","596","63","345","58","403","","0","345","58","403","6","397","5","251","2","7","30","11","91","0","29.10.12"
"680787","190","Хмельницька область","школа, їдальня
вул.Л.Войтюк, школа, с.Котюржинці, Полонський р-н, Хмельницька обл., 30514","376","133","371","50","195","48","243","","0","195","48","243","4","239","3","140","4","4","17","12","58","1","29.10.12"
"680788","190","Хмельницька область","сільський клуб, актова зала
вул.Лесі Українки, сільський клуб, с.Блидні, Полонський р-н, Хмельницька обл., 30514","112","34","109","10","69","9","78","","0","69","9","78","2","76","1","47","1","0","3","1","22","1","29.10.12"
"680789","190","Хмельницька область","будинок культури, актова зала
вул.Терешкової, 68, с.Кустівці, Полонський р-н, Хмельницька обл., 30542","664","253","620","41","375","36","411","","0","375","36","411","9","402","2","219","5","6","34","20","116","0","29.10.12"
"680790","190","Хмельницька область","фельдшерсько-акушерський пункт, к.2
вул.Шевченка, 68, с.Голубча, Полонський р-н, Хмельницька обл., 30542","112","30","111","6","76","6","82","","0","76","6","82","1","81","2","40","0","3","4","0","32","0","29.10.12"
"680791","190","Хмельницька область","сільський клуб, актова зала
вул.Пролетарська, 45, с.Москалівка, Полонський р-н, Хмельницька обл., 30542","136","33","135","17","87","16","103","","0","87","16","103","2","101","2","60","3","2","10","5","19","0","29.10.12"
"680792","190","Хмельницька область","сільська рада, зала засідань
вул.Лесі Українки, 20, с.Москвитянівка, Полонський р-н, Хмельницька обл., 30540","424","110","415","61","254","60","314","","0","254","60","314","12","302","4","129","6","15","24","14","109","1","29.10.12"
"680793","190","Хмельницька область","сільська рада, зала засідань
вул.Миру, 4, с.Микулин, Полонський р-н, Хмельницька обл., 30525","592","219","582","33","344","29","373","","0","344","29","373","5","368","1","245","4","6","34","8","70","0","29.10.12"
"680794","190","Хмельницька область","сільський клуб, актова зала
вул.Леніна, 5, с.Новолабунь, Полонський р-н, Хмельницька обл., 30522","424","148","415","24","252","24","276","","0","252","24","276","7","269","2","90","3","5","86","5","78","0","29.10.12"
"680795","190","Хмельницька область","сільський клуб, актова зала
вул.Леніна, 27, с.Титьків, Полонський р-н, Хмельницька обл., 30522","328","126","323","28","175","27","202","","0","175","27","202","4","198","3","60","4","9","58","10","54","0","29.10.12"
"680796","190","Хмельницька область","сільський клуб, актова зала
вул.Мічуріна, 2, с.Троєщина, Полонський р-н, Хмельницька обл., 30522","528","180","506","30","319","29","348","","0","319","29","348","13","335","1","116","1","9","99","5","104","0","29.10.12"
"680797","190","Хмельницька область","ліцей, фойє
вул.Соборна, 122, с.Новоселиця, Полонський р-н, Хмельницька обл., 30533","1296","530","1273","26","742","24","766","","0","742","24","766","28","738","6","288","10","26","64","59","280","5","29.10.12"
"680798","190","Хмельницька область","будинок культури, фойє
вул.Соборна, 150, с.Новоселиця, Полонський р-н, Хмельницька обл., 30533","1272","608","1246","38","627","37","664","","0","627","37","664","17","647","12","259","6","20","73","72","197","8","29.10.12"
"680799","190","Хмельницька область","адмінбудинок колишнього ВСАТ ""Новоселицьке"", к.2
вул.Центральна, 2, с.Дубовий Гай, Полонський р-н, Хмельницька обл., 30533","144","33","140","21","93","18","111","","0","93","18","111","4","107","1","49","4","4","1","4","44","0","28.10.12"
"680800","190","Хмельницька область","будинок культури, фойє
вул.Шевченка, 77, с.Онацьківці, Полонський р-н, Хмельницька обл., 30544","488","135","481","61","304","49","353","","0","304","49","353","8","345","3","280","4","2","18","3","35","0","29.10.12"
"680801","190","Хмельницька область","Районний будинок культури, дискозала
вул.Л.Українки, 95, м.Полонне, Полонський р-н, Хмельницька обл., 30500","2504","1129","2481","38","1338","37","1375","","0","1338","37","1375","44","1331","11","418","32","64","207","153","443","3","29.10.12"
"680802","190","Хмельницька область","школа №3, спортивна зала
вул.Ходякова, 86, м.Полонне, Полонський р-н, Хмельницька обл., 30500","2504","1294","2488","12","1199","11","1210","","0","1199","11","1210","36","1174","16","336","45","54","147","170","400","6","29.10.12"
"680803","190","Хмельницька область","школа №4, фойє
вул.Л.Українки, 199, м.Полонне, Полонський р-н, Хмельницька обл., 30500","2528","1275","2479","59","1194","59","1253","","0","1194","59","1253","40","1213","10","413","32","20","159","180","395","4","29.10.12"
"680804","190","Хмельницька область","дитячий садок №3, к.2
вул.Заводська, 16, м.Полонне, Полонський р-н, Хмельницька обл., 30502","2504","1367","2485","19","1122","15","1137","","0","1122","15","1137","31","1106","16","344","36","57","142","172","334","5","29.10.12"
"680805","190","Хмельницька область","школа №5, каб.2
вул.Академіка Герасимчука, 166, м.Полонне, Полонський р-н, Хмельницька обл., 30500","2144","1048","2139","7","1092","4","1096","","0","1092","4","1096","32","1064","11","268","30","50","159","153","391","2","29.10.12"
"680806","190","Хмельницька область","школа №7, спортивна зала
вул.Пушкіна, 151, м.Полонне, Полонський р-н, Хмельницька обл., 30500","2072","967","2051","22","1086","19","1105","","0","1086","19","1105","54","1051","5","323","20","28","127","144","404","0","29.10.12"
"680807","190","Хмельницька область","школа №2, спортивна зала
вул.Л.Українки, 108, м.Полонне, Полонський р-н, Хмельницька обл., 30500","2055","951","2029","23","1081","23","1104","","0","1081","23","1104","42","1062","13","329","26","41","160","121","372","0","29.10.12"
"680808","190","Хмельницька область","школа №6, спортивна зала
вул.Забілінська, 79, м.Полонне, Полонський р-н, Хмельницька обл., 30500","1248","645","1242","10","593","10","603","","0","593","10","603","15","588","5","171","13","17","81","59","240","2","29.10.12"
"680809","190","Хмельницька область","школа, каб.2
вул.Урожайна, школа, с.Ганнусине, Полонський р-н, Хмельницька обл., 30502","240","85","242","2","153","2","155","","0","153","2","155","4","151","0","90","3","2","9","9","37","1","29.10.12"
"680810","190","Хмельницька область","Понінківський професійний ліцей, спортивна зала
вул.Перемоги, 38, смт Понінка, Полонський р-н, Хмельницька обл., 30511","1368","601","1361","43","727","40","767","","0","727","40","767","22","745","9","199","8","34","30","294","168","3","29.10.12"
"680811","190","Хмельницька область","дитячий садок №2 ""Барвінок"", спортивна зала
вул.Будівельників, 2А, смт Понінка, Полонський р-н, Хмельницька обл., 30511","1232","619","1213","23","592","21","613","","0","592","21","613","20","593","7","202","16","9","16","146","196","1","29.10.12"
"680812","190","Хмельницька область","гімназія, актова зала
вул.Папірників, 20, смт Понінка, Полонський р-н, Хмельницька обл., 30511","1344","714","1348","29","605","25","630","","0","605","25","630","23","607","4","200","22","8","32","169","171","1","29.10.12"
"680813","190","Хмельницька область","селищна рада, актова зала
вул.Перемоги, 51, смт Понінка, Полонський р-н, Хмельницька обл., 30511","968","387","953","26","563","18","581","","0","563","18","581","17","564","10","160","7","19","16","201","149","2","29.10.12"
"680814","190","Хмельницька область","школа, каб.2
вул.Боженка, 9, смт Понінка, Полонський р-н, Хмельницька обл., 30511","456","249","444","6","201","6","207","","0","201","6","207","9","198","11","93","6","7","7","33","40","1","29.10.12"
"680815","190","Хмельницька область","контора деревообробного цеху, к.2
вул.Щорса, 129, смт Понінка, Полонський р-н, Хмельницька обл., 30511","592","313","581","21","260","19","279","","0","260","19","279","13","266","4","83","4","5","10","79","80","1","29.10.12"
"680816","190","Хмельницька область","сільський клуб, фойє
вул.Калініна, 35, с.Лодзянівка, Полонський р-н, Хмельницька обл., 30511","144","51","134","7","88","5","93","","0","88","5","93","2","91","4","31","4","2","2","7","41","0","29.10.12"
"680817","190","Хмельницька область","школа, спортивна зала
вул.Гагаріна, 3, с.Прислуч, Полонський р-н, Хмельницька обл., 30535","496","180","486","45","277","39","316","","0","277","39","316","9","307","14","172","5","6","17","17","71","5","29.10.12"
"680818","190","Хмельницька область","колишня їдальня СТОВ ""Перемога"", к.2
вул.Комсомольська, 11, с.Колосівка, Полонський р-н, Хмельницька обл., 30535","96","19","95","11","68","9","77","","0","68","9","77","2","75","1","39","0","2","3","5","24","1","29.10.12"
"680819","190","Хмельницька область","сільський клуб, актова зала
вул.Перемоги, 25, с.Любомирка, Полонський р-н, Хмельницька обл., 30535","264","67","256","27","172","25","197","","0","172","25","197","8","189","1","87","2","1","20","8","69","1","29.10.12"
"680820","190","Хмельницька область","дитячий садок ""Берізка"", актова зала
вул.Б.Хмельницького, 8, с.Роговичі, Полонський р-н, Хмельницька обл., 30520","144","49","139","7","89","6","95","","0","89","6","95","2","93","1","59","1","3","1","0","28","0","28.10.12"
"680821","190","Хмельницька область","сільський клуб, фойє
вул.Л.Українки, 49, с.Сягрів, Полонський р-н, Хмельницька обл., 30520","184","32","183","13","142","10","152","","0","142","10","152","0","152","1","98","1","2","8","9","32","1","29.10.12"
"680822","190","Хмельницька область","школа, фойє
вул.Кошового, 27, с.Червоне, Полонський р-н, Хмельницька обл., 30520","200","49","196","11","142","9","151","","0","142","9","151","8","143","0","105","1","1","6","9","20","1","29.10.12"
"680823","190","Хмельницька область","школа, фойє
вул.Колгоспна, 17, с.Сасанівка, Полонський р-н, Хмельницька обл., 30526","384","140","378","51","200","44","244","","0","200","44","244","8","236","4","124","0","2","19","3","84","0","29.10.12"
"680824","190","Хмельницька область","школа, фойє, к.2
вул.Сонячна, 37А, с.Бачманівка, Славутський р-н, Хмельницька обл., 30019","288","94","283","28","169","25","194","","0","169","25","194","7","187","2","95","7","6","3","3","68","3","29.10.12"
"680825","190","Хмельницька область","будинок культури, фойє, к.2
вул.Леніна, 5А, с.Берездів, Славутський р-н, Хмельницька обл., 30053","992","378","916","64","559","55","614","","0","559","55","614","15","599","4","244","7","13","16","22","292","1","28.10.12"
"680826","190","Хмельницька область","магазин с.Селичів, торговий зал, к.2
вул.Жовтнева, 42, с.Селичів, Славутський р-н, Хмельницька обл., 30053","448","137","439","27","284","27","311","","0","284","27","311","9","302","5","151","1","5","6","13","120","1","28.10.12"
"680827","190","Хмельницька область","сільська рада, актовий зал, к.2
вул.Шкільна, 42, с.Варварівка, Славутський р-н, Хмельницька обл., 30016","336","117","327","14","206","13","219","","0","206","13","219","9","210","2","99","1","1","3","9","95","0","28.10.12"
"680828","190","Хмельницька область","сільський клуб, фойє, к.2
вул.Церковна, 2, с.Голики, Славутський р-н, Хмельницька обл., 30017","288","105","283","15","170","13","183","","0","170","13","183","6","177","5","84","1","5","9","6","67","0","28.10.12"
"680829","190","Хмельницька область","школа, фойє, к.2
вул.Шкільна, 1А, с.Великий Правутин, Славутський р-н, Хмельницька обл., 30055","320","84","314","34","206","30","236","","0","206","30","236","10","226","5","106","3","4","4","2","102","0","29.10.12"
"680830","190","Хмельницька область","сільський клуб, фойє, к.2
вул.Тараса Шевченка, 25, с.Великий Скнит, Славутський р-н, Хмельницька обл., 30023","376","101","370","35","242","33","275","","0","242","33","275","12","263","4","141","1","3","4","7","103","0","29.10.12"
"680831","190","Хмельницька область","сільський клуб, фойє, к.2
вул.Перемоги, 2, с.Нараївка, Славутський р-н, Хмельницька обл., 30023","256","61","254","27","170","25","195","","0","170","25","195","10","185","2","85","14","2","9","2","71","0","29.10.12"
"680832","190","Хмельницька область","школа, фойє, к.2
вул.Церковна, 140, с.Рівки, Славутський р-н, Хмельницька обл., 30023","392","90","385","34","273","29","302","","0","273","29","302","6","296","3","175","4","10","1","2","101","0","29.10.12"
"680833","190","Хмельницька область","школа, фойє, к.2
вул.В’ячеслава Чорновола, 1А, с.Волиця, Славутський р-н, Хмельницька обл., 30071","272","71","265","24","178","23","201","","0","178","23","201","4","197","14","57","3","8","1","3","111","0","28.10.12"
"680834","190","Хмельницька область","школа, фойє, к.2
вул.Центральна, 1А, с.Губельці, Славутський р-н, Хмельницька обл., 30071","344","91","337","15","238","15","253","","0","238","15","253","4","249","0","99","3","1","3","3","140","0","28.10.12"
"680835","190","Хмельницька область","будинок культури, фойє, к.2
вул.Будьонного, 16, с.Ганнопіль, Славутський р-н, Хмельницька обл., 30030","984","390","970","73","527","67","594","","0","527","67","594","21","573","4","215","14","15","10","29","282","4","29.10.12"
"680836","190","Хмельницька область","сільський клуб, фойє, к.2
вул.Козацька, 46, с.Досін, Славутський р-н, Хмельницька обл., 30030","152","52","148","22","81","19","100","","0","81","19","100","0","100","1","28","0","9","2","2","57","1","29.10.12"
"680837","190","Хмельницька область","будинок культури, фойє, к.2
вул.Лесі Українки, 1, с.Соснівка, Славутський р-н, Хмельницька обл., 30030","144","34","141","16","95","15","110","","0","95","15","110","0","110","1","25","2","3","3","2","74","0","28.10.12"
"680838","190","Хмельницька область","сільський клуб, глядацький зал, к.2
вул.Зарічна, 61, с.Хоросток, Славутський р-н, Хмельницька обл., 30032","320","123","316","25","175","22","197","","0","175","22","197","4","193","7","70","5","5","5","1","100","0","29.10.12"
"680839","190","Хмельницька область","будинок культури, фойє, к.2
вул.Шкільна, 1А, с.Головлі, Славутський р-н, Хмельницька обл., 30060","432","113","430","65","258","61","319","","0","258","61","319","12","307","10","143","7","10","9","12","115","1","28.10.12"
"680840","190","Хмельницька область","навчально-виховний комплекс, спортивна зала, к.2
вул.Шкільна, 3, с.Гориця, Славутський р-н, Хмельницька обл., 30084","416","117","402","47","266","33","299","","0","266","33","299","7","292","5","111","2","6","13","5","150","0","29.10.12"
"680841","190","Хмельницька область","школа, фойє, к.2
вул.Лісова, 1, с.Красностав, Славутський р-н, Хмельницька обл., 30085","320","83","317","31","207","30","237","","0","207","30","237","6","231","4","82","11","4","2","13","114","1","29.10.12"
"680842","190","Хмельницька область","школа, спортивна зала, к.2
вул.В’ячеслава Чорновола, 112, с.Довжки, Славутський р-н, Хмельницька обл., 30022","648","239","636","27","384","25","409","","0","384","25","409","14","395","8","101","7","11","13","6","247","2","29.10.12"
"680843","190","Хмельницька область","сільський клуб, глядацький зал, к.2
вул.Перемоги, 80, с.Дяків, Славутський р-н, Хмельницька обл., 30057","320","90","314","36","197","33","230","","0","197","33","230","7","223","0","114","3","7","4","12","82","1","29.10.12"
"680844","190","Хмельницька область","сільський клуб, глядацький зал, к.2
вул.Гагаріна, 68, с.Красносілка, Славутський р-н, Хмельницька обл., 30057","160","34","159","19","108","18","126","","0","108","18","126","1","125","1","50","6","2","6","4","56","0","29.10.12"
"680845","190","Хмельницька область","навчально-виховний комплекс, фойє, к.2
вул.Шевченка, 3, с.Жуків, Славутський р-н, Хмельницька обл., 30075","456","142","446","35","279","35","314","","0","279","35","314","10","304","4","140","3","4","1","8","143","1","28.10.12"
"680846","190","Хмельницька область","сільська рада, зал засідань, к.2
вул.Валі Котика, 8А, с.Іванівка, Славутський р-н, Хмельницька обл., 30074","392","126","387","32","240","26","266","","0","240","26","266","11","255","0","75","3","3","1","3","170","0","06.11.12"
"680847","190","Хмельницька область","сільський клуб, фойє, к.2
вул.Богдана Хмельницького, 1А, с.Пузирки, Славутський р-н, Хмельницька обл., 30074","120","28","118","10","82","10","92","","0","82","10","92","2","90","0","41","1","5","3","2","38","0","29.10.12"
"680848","190","Хмельницька область","навчально-виховний комплекс, спортивна зала, к.2
вул.Козацький Шлях, 24А, с.Киликиїв, Славутський р-н, Хмельницька обл., 30042","584","254","567","53","291","39","330","","0","291","39","330","15","315","5","128","3","16","23","14","125","1","28.10.12"
"680849","190","Хмельницька область","будинок культури, фойє, к.2
вул.Шевченка, 1, с.Клепачі, Славутський р-н, Хмельницька обл., 30036","512","155","496","33","326","31","357","","0","326","31","357","16","341","4","165","5","5","3","6","153","0","29.10.12"
"680850","190","Хмельницька область","будинок культури, фойє, к.2
вул.Богдана Хмельницького, 98, с.Крупець, Славутський р-н, Хмельницька обл., 30068","1000","351","995","50","605","44","649","","0","605","44","649","30","619","12","207","11","8","6","41","334","0","29.10.12"
"680851","190","Хмельницька область","школа, фойє, к.2
вул.Ганни Охман, 33А, с.Стригани, Славутський р-н, Хмельницька обл., 30068","344","130","340","37","178","36","214","","0","178","36","214","7","207","3","71","5","33","2","9","84","0","29.10.12"
"680852","190","Хмельницька область","фельдшерсько-акушерський пункт, к.2
вул.Садова, 8, с.Дідова Гора, Славутський р-н, Хмельницька обл., 30061","136","47","127","10","80","9","89","","0","80","9","89","3","86","8","30","2","1","6","0","39","0","28.10.12"
"680853","190","Хмельницька область","сільський клуб, глядацький зал, к.2
вул.Московська, 5, с.Лисиче, Славутський р-н, Хмельницька обл., 30061","352","100","345","36","222","30","252","","0","222","30","252","7","245","3","78","8","8","7","8","131","2","29.10.12"
"680854","190","Хмельницька область","навчально-виховний комплекс, спортивна зала, к.2
вул.Шкільна, 1, с.Малий Правутин, Славутський р-н, Хмельницька обл., 30056","440","125","317","26","291","24","315","","0","291","24","315","10","305","2","117","3","1","7","8","166","1","29.10.12"
"680855","190","Хмельницька область","навчально-виховний комплекс, спортивна зала, к.2
вул.Шевченка, 2, с.Малий Скнит, Славутський р-н, Хмельницька обл., 30020","648","186","639","51","414","48","462","","0","414","48","462","16","446","2","200","5","2","7","5","223","2","29.10.12"
"680856","190","Хмельницька область","навчально-виховний комплекс, спортивна зала, к.2
вул.Вишнева, 51, с.Манятин, Славутський р-н, Хмельницька обл., 30086","336","104","325","18","214","18","232","","0","214","18","232","7","225","3","68","2","3","9","2","137","1","29.10.12"
"680857","190","Хмельницька область","сільський клуб, глядацький зал, к.2
вул.Ватутіна, 12, с.Яблунівка, Славутський р-н, Хмельницька обл., 30087","200","49","197","17","134","17","151","","0","134","17","151","2","149","1","37","1","1","3","4","102","0","29.10.12"
"680858","190","Хмельницька область","сільський клуб, глядацький зал, к.2
вул.Пушкіна, 47А, с.Марачівка, Славутський р-н, Хмельницька обл., 30019","248","81","243","25","143","24","167","","0","143","24","167","7","160","1","44","0","2","2","2","109","0","29.10.12"
"680859","190","Хмельницька область","сільська рада, зал засідань, к.2
вул.Центральна, 74, с.Миньківці, Славутський р-н, Хмельницька обл., 30018","704","293","698","51","369","42","411","","0","369","42","411","17","394","8","171","10","11","4","12","174","4","29.10.12"
"680860","190","Хмельницька область","магазин, торговий зал, к.2
вул.Партизанська, 69, с.Романіни, Славутський р-н, Хмельницька обл., 30018","160","55","148","5","100","5","105","","0","100","5","105","1","104","2","21","1","2","2","1","75","0","29.10.12"
"680861","190","Хмельницька область","сільський клуб, глядацький зал, к.2
вул.Чкалова, 47, с.Шевченка, Славутський р-н, Хмельницька обл., 30018","96","25","97","4","67","4","71","","0","67","4","71","1","70","0","27","1","5","1","3","33","0","29.10.12"
"680862","190","Хмельницька область","навчально-виховний комплекс, спортивна зала, к.2
вул.Центральна, 63, с.Мирутин, Славутський р-н, Хмельницька обл., 30051","384","148","381","10","227","9","236","","0","227","9","236","13","223","1","99","9","8","5","7","93","1","28.10.12"
"680863","190","Хмельницька область","будинок культури, фойє, к.2
вул.Перемоги, 1А, с.Плоска, Славутський р-н, Хмельницька обл., 30051","280","84","273","6","190","6","196","","0","190","6","196","7","189","0","73","0","6","8","7","95","0","29.10.12"
"680864","190","Хмельницька область","навчально-виховний комплекс, спортивна зала, к.2
вул.Шкільна, 20, с.Мухарів, Славутський р-н, Хмельницька обл., 30043","464","182","462","9","273","9","282","","0","273","9","282","12","270","5","134","6","5","13","6","100","1","29.10.12"
"680865","190","Хмельницька область","сільський клуб, фойє, к.2
вул.Івана Федоровича Кузьмука, 58, с.Дятилівка, Славутський р-н, Хмельницька обл., 30080","144","34","140","17","94","16","110","","0","94","16","110","6","104","2","45","2","2","4","1","48","0","28.10.12"
"680866","190","Хмельницька область","сільський клуб, фойє, к.2
вул.Перемоги, 2А, с.Ногачівка, Славутський р-н, Хмельницька обл., 30080","176","43","150","20","114","19","133","","0","114","19","133","3","130","1","42","0","0","1","1","85","0","29.10.12"
"680867","190","Хмельницька область","сільський клуб, глядацький зал, к.2
вул.Островського, 5, с.Піддубці, Славутський р-н, Хмельницька обл., 30040","448","136","439","55","264","48","312","","0","264","48","312","14","298","6","160","5","4","7","12","102","2","29.10.12"
"680868","190","Хмельницька область","сільська рада, зал засідань, к.2
вул.Пархоменка, 56А, с.Печиводи, Славутський р-н, Хмельницька обл., 30041","336","140","330","44","155","41","196","","0","155","41","196","3","193","2","104","10","5","10","7","55","0","29.10.12"
"680869","190","Хмельницька область","сільський клуб, глядацький зал, к.2
вул.Шевченка, 7, с.Колом’є, Славутський р-н, Хмельницька обл., 30066","368","122","359","25","224","22","246","","0","224","22","246","17","229","2","89","5","6","10","10","106","1","29.10.12"
"680870","190","Хмельницька область","фельдшерсько-акушерський пункт, к.2
вул.Лесі Українки, 23А, с.Комарівка, Славутський р-н, Хмельницька обл., 30065","280","114","268","27","142","24","166","","0","142","24","166","11","155","1","70","1","10","1","7","65","0","29.10.12"
"680871","190","Хмельницька область","сільський клуб, фойє, к.2
вул.Вишнева, 38, с.Полянь, Славутський р-н, Хмельницька обл., 30065","328","101","321","33","197","30","227","","0","197","30","227","9","218","2","92","9","13","8","12","82","0","29.10.12"
"680872","190","Хмельницька область","сільський клуб, глядацький зал, к.2
вул.Лісна, 2А, с.Сьомаки, Славутський р-н, Хмельницька обл., 30081","280","66","275","23","192","22","214","","0","192","22","214","5","209","2","106","3","8","2","11","77","0","29.10.12"
"680873","190","Хмельницька область","школа, фойє, к.2
вул.Шкільна, 9А, с.Кутки, Славутський р-н, Хмельницька обл., 30045","208","59","200","29","122","27","149","","0","122","27","149","2","147","1","63","4","7","2","0","70","0","29.10.12"
"680874","190","Хмельницька область","навчально-виховний комплекс, фойє, к.2
вул.Шкільна, 1А, с.Ставичани, Славутський р-н, Хмельницька обл., 30045","256","69","249","37","154","33","187","","0","154","33","187","5","182","5","91","2","5","0","5","74","0","29.10.12"
"680875","190","Хмельницька область","будинок культури, глядацький зал, к.2
вул.Перемоги, 93В, с.Старий Кривин, Славутський р-н, Хмельницька обл., 30063","1024","430","916","91","516","78","594","","0","516","78","594","13","581","7","207","12","19","15","35","286","0","06.11.12"
"680876","190","Хмельницька область","фельдшерсько-акушерський пункт, к.2
вул.Михайлова, 2Б, с.Вачів, Славутський р-н, Хмельницька обл., 30070","184","56","182","17","113","15","128","","0","113","15","128","6","122","1","37","2","12","0","2","68","0","29.10.12"
"680877","190","Хмельницька область","навчально-виховний комплекс, фойє, к.2
вул.Молодіжна, 86, с.Перемишель, Славутський р-н, Хмельницька обл., 30073","528","190","524","38","301","37","338","","0","301","37","338","10","328","5","96","2","4","9","13","197","2","30.10.12"
"680878","190","Хмельницька область","навчально-виховний комплекс, фойє, к.2
вул.Шкільна, 1, с.Улашанівка, Славутський р-н, Хмельницька обл., 30070","1080","554","1071","38","496","30","526","","0","496","30","526","11","515","5","165","7","6","10","21","301","0","06.11.12"
"680879","190","Хмельницька область","магазин, торговий зал, к.2
вул.Шевченка, 28, с.Бесідки, Славутський р-н, Хмельницька обл., 30046","176","45","163","37","97","34","131","","0","97","34","131","8","123","2","89","2","0","4","1","24","1","28.10.12"
"680880","190","Хмельницька область","сільська рада, зал засідань, к.2
вул.Поштова, 1А, с.Хвощівка, Славутський р-н, Хмельницька обл., 30046","280","90","272","37","156","34","190","","0","156","34","190","10","180","2","124","3","3","1","4","42","1","28.10.12"
"680881","190","Хмельницька область","сільський клуб, глядацький зал, к.2
вул.Незалежності, 103, с.Понора, Славутський р-н, Хмельницька обл., 30033","320","110","316","29","186","24","210","","0","186","24","210","8","202","0","100","2","2","1","9","88","0","28.10.12"
"680882","190","Хмельницька область","фельдшерсько-акушерський пункт, к.2
вул.Кузнєцова, 31А, с.Прикордонна Улашанівка, Славутський р-н, Хмельницька обл., 30033","128","26","128","15","89","13","102","","0","89","13","102","7","95","1","41","4","3","2","2","39","3","29.10.12"
"680883","190","Хмельницька область","сільський клуб, глядацький зал, к.2
вул.Шевченка, 36А, с.Хоняків, Славутський р-н, Хмельницька обл., 30033","160","39","157","17","108","13","121","","0","108","13","121","3","118","1","33","0","2","1","3","77","1","28.10.12"
"680884","190","Хмельницька область","фельдшерсько-акушерський пункт, к.2
вул.Михайлова, 48, с.Гута, Славутський р-н, Хмельницька обл., 30082","160","12","158","14","134","14","148","","0","134","14","148","3","145","0","66","2","3","2","7","65","0","29.10.12"
"680885","190","Хмельницька область","навчально-виховне об’єднання, фойє, к.2
вул.Богдана Хмельницького, 5, с.Пашуки, Славутський р-н, Хмельницька обл., 30035","360","90","352","41","229","41","270","","0","229","41","270","7","263","1","103","3","3","7","2","144","0","28.10.12"
"680886","190","Хмельницька область","сільська рада, зал засідань, к.2
вул.Перемоги, 1, с.Хоровець, Славутський р-н, Хмельницька обл., 30082","424","128","411","49","248","48","296","","0","248","48","296","5","291","0","88","3","7","4","13","174","2","29.10.12"
"680887","190","Хмельницька область","сільський клуб, глядацький зал, к.2
вул.Визволителів, 50, с.Кам’янка, Славутський р-н, Хмельницька обл., 30015","408","136","396","17","257","15","272","","0","257","15","272","10","262","4","133","7","4","3","5","105","1","29.10.12"
"680888","190","Хмельницька область","сільський клуб, фойє, к.2
вул.Михайлова, 13А, с.Ташки, Славутський р-н, Хмельницька обл., 30014","160","46","161","11","103","11","114","","0","103","11","114","2","112","0","49","2","0","0","3","56","2","28.10.12"
"680889","190","Хмельницька область","навчально-виховне об’єднання, фойє, к.2
вул.Незалежності, 1, с.Цвітоха, Славутський р-н, Хмельницька обл., 30014","1152","448","1120","54","651","53","704","","0","651","53","704","15","689","21","283","19","17","2","47","295","5","29.10.12"
"681204","190","Хмельницька область","будинок культури, актова зала
вул.Леніна, 1, с.Велика Шкарівка, Шепетівський р-н, Хмельницька обл., 30456","480","144","476","20","317","19","336","","0","317","19","336","12","324","3","214","7","1","5","7","87","0","28.10.12"
"681205","190","Хмельницька область","сільський клуб, фойє
вул.Карла Маркса, 1, с.Онишківці, Шепетівський р-н, Хмельницька обл., 30457","336","88","331","19","229","19","248","","0","229","19","248","8","240","1","176","4","0","6","18","35","0","28.10.12"
"681206","190","Хмельницька область","школа, фойє
вул.Леніна, 50А, с.Велика Рішнівка, Шепетівський р-н, Хмельницька обл., 30450","320","104","311","11","205","11","216","","0","205","11","216","3","213","2","186","3","4","5","5","8","0","28.10.12"
"681207","190","Хмельницька область","сільський клуб, актова зала
вул.Перемоги, 34А, с.Коса Рішнівка, Шепетівський р-н, Хмельницька обл., 30450","112","29","109","14","69","14","83","","0","69","14","83","1","82","2","62","2","1","0","0","15","0","28.10.12"
"681208","190","Хмельницька область","пункт прийому хворих, оглядовий кабінет
вул.Горького, 14А, с.Сошки, Шепетівський р-н, Хмельницька обл., 30450","112","24","106","10","78","10","88","","0","78","10","88","2","86","2","60","0","3","0","10","11","0","28.10.12"
"681209","190","Хмельницька область","школа, фойє
вул.Леніна, 32, с.Вербівці, Шепетівський р-н, Хмельницька обл., 30444","488","224","477","12","252","12","264","","0","252","12","264","9","255","28","156","6","4","4","13","43","1","29.10.12"
"681210","190","Хмельницька область","сільський клуб, актова зала
вул.Островського, 118, с.Вишневе, Шепетівський р-н, Хмельницька обл., 30445","456","203","447","14","242","11","253","","0","242","11","253","7","246","8","164","6","5","2","15","45","1","29.10.12"
"681211","190","Хмельницька область","будинок культури, актова зала
вул.Садова, 29, с.Вовківці, Шепетівський р-н, Хмельницька обл., 30425","336","98","330","60","182","56","238","","0","182","56","238","6","232","2","196","3","1","6","4","19","1","29.10.12"
"681212","190","Хмельницька область","будинок культури, фойє
вул.Леніна, 1Б, с.Городнявка, Шепетівський р-н, Хмельницька обл., 30413","352","181","343","10","163","8","171","","0","163","8","171","6","165","8","95","2","2","3","7","47","1","28.10.12"
"681213","190","Хмельницька область","ФАП, оглядовий кабінет
вул.Тарасівка, 1, с.Бронники, Шепетівський р-н, Хмельницька обл., 30413","96","34","91","3","59","3","62","","0","59","3","62","2","60","1","33","2","1","0","1","22","0","29.10.12"
"681214","190","Хмельницька область","школа, фойє
вул.Ватутіна, 26Б, с.Дубіївка, Шепетівський р-н, Хмельницька обл., 30414","168","62","165","2","104","2","106","","0","104","2","106","4","102","7","49","1","4","0","6","34","1","28.10.12"
"681215","190","Хмельницька область","сільський клуб, актова зала
вул.Островського, 13Б, с.Заморочення, Шепетівський р-н, Хмельницька обл., 30414","144","54","137","0","90","0","90","","0","90","0","90","1","89","2","37","4","1","1","2","42","0","28.10.12"
"681216","190","Хмельницька область","сільський клуб, фойє
вул.Заводська, 3А, с.Червоний Цвіт, Шепетівський р-н, Хмельницька обл., 30415","352","151","351","5","197","4","201","","0","197","4","201","7","194","9","85","6","7","3","4","80","0","28.10.12"
"681217","190","Хмельницька область","будинок культури, фойє
вул.П’яскорського, 77/1, с.Городище, Шепетівський р-н, Хмельницька обл., 30423","1440","706","1419","22","713","21","734","","0","713","21","734","34","700","15","378","23","13","4","30","235","2","29.10.12"
"681218","190","Хмельницька область","сільський клуб, актова зала
вул.Польова, 18, с.Красносілка, Шепетівський р-н, Хмельницька обл., 30423","280","111","276","7","163","6","169","","0","163","6","169","1","168","6","104","3","7","1","7","40","0","29.10.12"
"681219","190","Хмельницька область","бібліотека, читальний зал
вул.Центральна, 8А, с.Пашуки, Шепетівський р-н, Хмельницька обл., 30423","336","94","333","28","216","26","242","","0","216","26","242","6","236","2","155","3","7","1","7","61","0","28.10.12"
"681220","190","Хмельницька область","позашкільний навчальний заклад, актова зала
вул.Леніна, 17, смт Гриців, Шепетівський р-н, Хмельницька обл., 30455","1512","630","1480","25","862","20","882","","0","862","20","882","26","856","14","558","16","18","20","74","154","2","29.10.12"
"681221","190","Хмельницька область","будинок культури, актова зала
вул.Терешкової, 13, смт Гриців, Шепетівський р-н, Хмельницька обл., 30455","1168","504","1152","27","637","27","664","","0","637","27","664","15","649","14","414","13","4","20","42","140","2","29.10.12"
"681222","190","Хмельницька область","сільський клуб, актова зала
вул.Миру, 8, с.Корпилівка, Шепетівський р-н, Хмельницька обл., 30455","200","60","201","16","126","14","140","","0","126","14","140","6","134","2","99","3","4","4","4","17","1","28.10.12"
"681223","190","Хмельницька область","будинок культури, актова зала
вул.Валі Котика, 1, с.Корчик, Шепетівський р-н, Хмельницька обл., 30411","520","216","502","5","299","5","304","","0","299","5","304","7","297","5","198","6","5","4","7","71","1","28.10.12"
"681224","190","Хмельницька область","сільський клуб, актова зала
вул.Островського, 4, с.Хутір, Шепетівський р-н, Хмельницька обл., 30412","448","209","441","1","238","1","239","","0","238","1","239","8","231","0","156","5","2","2","2","63","1","28.10.12"
"681225","190","Хмельницька область","ФАП, оглядовий кабінет
вул.Партизанська, 38, с.Романів, Шепетівський р-н, Хмельницька обл., 30411","272","132","272","4","137","3","140","","0","137","3","140","3","137","5","95","6","5","0","3","23","0","28.10.12"
"681226","190","Хмельницька область","будинок культури, актова зала
вул.Леніна, 2А, с.Коськів, Шепетівський р-н, Хмельницька обл., 30454","784","244","757","56","488","52","540","","0","488","52","540","14","526","12","418","9","8","7","19","53","0","28.10.12"
"681227","190","Хмельницька область","будинок культури, актова зала
вул.О.Кошового, 1, с.Лотівка, Шепетівський р-н, Хмельницька обл., 30453","312","36","309","18","258","18","276","","0","258","18","276","3","273","5","258","0","4","0","1","5","0","29.10.12"
"681228","190","Хмельницька область","будинок культури, актова зала
вул.Коськовецького, 53, с.Ленківці, Шепетівський р-н, Хмельницька обл., 30443","752","297","748","9","447","8","455","","0","447","8","455","12","443","9","179","5","13","1","5","231","0","28.10.12"
"681229","190","Хмельницька область","будинок культури, актова зала
вул.Леніна, 17Б, с.Мокіївці, Шепетівський р-н, Хмельницька обл., 30440","544","179","539","49","323","42","365","","0","323","42","365","10","355","6","244","5","5","2","9","84","0","28.10.12"
"681230","190","Хмельницька область","сільський клуб, актова зала
вул.Леніна, 37А, с.Білопіль, Шепетівський р-н, Хмельницька обл., 30440","272","53","263","20","202","17","219","","0","202","17","219","3","216","5","180","2","3","4","9","13","0","28.10.12"
"681231","190","Хмельницька область","сільський клуб, актова зала
вул.Жовтнева, 21А, с.Пиляї, Шепетівський р-н, Хмельницька обл., 30440","144","40","136","24","80","24","104","","0","80","24","104","4","100","0","69","1","0","0","3","27","0","28.10.12"
"681232","190","Хмельницька область","будинок культури, актова зала
вул.Островського, 1Б, с.Михайлючка, Шепетівський р-н, Хмельницька обл., 30416","1080","465","1069","38","579","36","615","","0","579","36","615","12","603","31","412","2","39","6","15","97","1","29.10.12"
"681233","190","Хмельницька область","сільський клуб, актова зала
вул.Центральна, 40, с.Майдан-Лабунь, Шепетівський р-н, Хмельницька обл., 30416","136","50","130","10","76","10","86","","0","76","10","86","2","84","0","75","2","3","0","2","2","0","28.10.12"
"681234","190","Хмельницька область","сільський клуб, актова зала
вул.Центральна, 28Б, с.Цмівка, Шепетівський р-н, Хмельницька обл., 30418","240","97","236","14","133","10","143","","0","133","10","143","3","140","31","99","0","1","1","4","4","0","29.10.12"
"681235","190","Хмельницька область","ФАП, оглядовий кабінет
вул.Калініна, 2Б, с.Судимонт, Шепетівський р-н, Хмельницька обл., 30418","80","28","77","9","43","9","52","","0","43","9","52","3","49","5","35","1","1","2","0","5","0","29.10.12"
"681236","190","Хмельницька область","ФАП, оглядовий кабінет
вул.Гагаріна, 1Б, с.Хмелівка, Шепетівський р-н, Хмельницька обл., 30418","32","15","25","0","17","0","17","","0","17","0","17","0","17","0","14","0","1","0","0","2","0","28.10.12"
"681237","190","Хмельницька область","сільський клуб, актова зала
вул.Черняхівського, 3В, с.Новичі, Шепетівський р-н, Хмельницька обл., 30437","320","116","310","23","182","22","204","","0","182","22","204","8","196","7","125","5","10","6","5","37","1","28.10.12"
"681238","190","Хмельницька область","сільський клуб, актова зала
вул.Дзержинського, 1, с.Мальованка, Шепетівський р-н, Хмельницька обл., 30437","80","36","71","6","38","6","44","","0","38","6","44","1","43","0","31","7","2","0","0","2","1","28.10.12"
"681239","190","Хмельницька область","будинок культури, актова зала
вул.Леніна, 8А, с.Поляна, Шепетівський р-н, Хмельницька обл., 30438","560","252","547","58","256","52","308","","0","256","52","308","8","300","7","205","4","11","7","16","49","1","28.10.12"
"681240","190","Хмельницька область","школа, спортивний зал
вул.Леніна, 5, с.Плесна, Шепетівський р-н, Хмельницька обл., 30421","688","272","672","22","394","22","416","","0","394","22","416","12","404","15","269","12","10","4","15","79","0","28.10.12"
"681241","190","Хмельницька область","сільський клуб, актова зала
вул.Леніна, 22Б, с.Жилинці, Шепетівський р-н, Хмельницька обл., 30422","320","137","304","7","176","7","183","","0","176","7","183","9","174","1","117","4","2","4","9","36","1","28.10.12"
"681242","190","Хмельницька область","будинок культури, актова зала
вул.Чкалова, 16, с.Пліщин, Шепетівський р-н, Хмельницька обл., 30420","800","303","792","38","462","35","497","","0","462","35","497","11","486","19","361","6","15","3","12","69","1","28.10.12"
"681243","190","Хмельницька область","школа, фойє
вул.Кірова, 37, с.Рилівка, Шепетівський р-н, Хмельницька обл., 30410","240","50","244","18","172","18","190","","0","172","18","190","6","184","4","130","1","1","2","7","39","0","28.10.12"
"681244","190","Хмельницька область","сільський клуб, актова зала
вул.Жовтнева, 15, с.Сенігів, Шепетівський р-н, Хмельницька обл., 30410","192","45","186","19","128","19","147","","0","128","19","147","3","144","0","89","4","2","5","3","41","0","28.10.12"
"681245","190","Хмельницька область","дитячий садок, актова зала
вул.Леніна, 42, с.Орлинці, Шепетівський р-н, Хмельницька обл., 30452","216","79","209","4","134","3","137","","0","134","3","137","5","132","1","93","2","1","1","5","29","0","28.10.12"
"681246","190","Хмельницька область","пункт прийому хворих, оглядовий кабінет
вул.Радянська, 4, с.Устянівка, Шепетівський р-н, Хмельницька обл., 30452","88","24","83","1","63","1","64","","0","63","1","64","1","63","1","42","2","1","2","6","9","0","28.10.12"
"681247","190","Хмельницька область","сільський клуб, актова зала
вул.Гвардійська, 6, с.Рожична, Шепетівський р-н, Хмельницька обл., 30452","96","40","91","0","56","0","56","","0","56","0","56","6","50","1","39","1","1","1","1","5","1","28.10.12"
"681248","190","Хмельницька область","контора, кабінет голови
вул.Ланових, 21, с.Брикуля, Шепетівський р-н, Хмельницька обл., 30447","144","36","139","10","98","10","108","","0","98","10","108","2","106","1","84","2","1","1","6","10","1","28.10.12"
"681249","190","Хмельницька область","будинок культури, актова зала
вул.Молодіжна, 3, с.Лавринівці, Шепетівський р-н, Хмельницька обл., 30447","176","56","169","9","112","8","120","","0","112","8","120","1","119","2","103","0","1","2","1","10","0","28.10.12"
"681250","190","Хмельницька область","школа, кабінет початкових класів
вул.Молодіжна, 28, с.Лавринівці, Шепетівський р-н, Хмельницька обл., 30447","104","36","96","9","59","9","68","","0","59","9","68","0","68","0","53","5","1","0","1","8","0","28.10.12"
"681251","190","Хмельницька область","сільський клуб, актова зала
вул.Ювілейна, 2, с.Марківці, Шепетівський р-н, Хмельницька обл., 30447","80","24","73","5","51","5","56","","0","51","5","56","3","53","1","28","0","4","0","2","17","1","29.10.12"
"681252","190","Хмельницька область","будинок культури, актова зала
вул.Леніна, 102, с.Серединці, Шепетівський р-н, Хмельницька обл., 30426","520","149","498","39","332","39","371","","0","332","39","371","10","361","7","255","1","5","5","5","81","2","29.10.12"
"681253","190","Хмельницька область","пункт прийому хворих, фойє
вул.Слюсара, 48, с.Березне, Шепетівський р-н, Хмельницька обл., 30426","104","24","103","12","69","11","80","","0","69","11","80","2","78","1","51","3","1","1","1","20","0","28.10.12"
"681254","190","Хмельницька область","будинок культури, мала актова зала
вул.Леніна, 65, с.Судилків, Шепетівський р-н, Хмельницька обл., 30430","1584","729","1574","43","812","43","855","","0","812","43","855","34","821","19","373","14","14","13","40","347","1","29.10.12"
"681255","190","Хмельницька область","дитяча бібліотека, читальний зал
вул.Леніна, 59, с.Судилків, Шепетівський р-н, Хмельницька обл., 30430","1472","762","1461","22","688","22","710","","0","688","22","710","24","686","12","281","12","27","13","43","293","5","28.10.12"
"681256","190","Хмельницька область","школа, каб.1
вул.Б.Хмельницького, 59, с.Судилків, Шепетівський р-н, Хмельницька обл., 30430","728","388","717","5","335","5","340","","0","335","5","340","11","329","8","140","5","8","7","26","135","0","29.10.12"
"681257","190","Хмельницька область","сільський клуб, актова зала
вул.Шарова, 21, с.Білокриниччя, Шепетівський р-н, Хмельницька обл., 30432","408","164","404","0","244","0","244","","0","244","0","244","9","235","5","140","3","5","11","23","48","0","28.10.12"
"681258","190","Хмельницька область","сільський клуб, актова зала
вул.Леніна, 8, с.Климентовичі, Шепетівський р-н, Хмельницька обл., 30433","200","86","197","15","100","14","114","","0","100","14","114","1","113","2","87","0","1","2","4","17","0","28.10.12"
"681259","190","Хмельницька область","сільський клуб, фойє
вул.Леніна, 63А, с.Лозичне, Шепетівський р-н, Хмельницька обл., 30430","528","186","527","6","336","6","342","","0","336","6","342","13","329","9","187","9","7","7","16","92","2","28.10.12"
"681260","190","Хмельницька область","школа, каб.2
вул.Леніна, 38, с.Рудня-Новенька, Шепетівський р-н, Хмельницька обл., 30433","152","58","147","4","91","3","94","","0","91","3","94","6","88","2","61","2","3","1","6","13","0","28.10.12"
"681261","190","Хмельницька область","школа, спортивний зал
вул.Леніна, 28А, с.Хролин, Шепетівський р-н, Хмельницька обл., 30434","528","189","528","38","305","34","339","","0","305","34","339","8","331","25","205","5","15","13","20","48","0","28.10.12"
"681262","190","Хмельницька область","школа, спортивний зал
вул.Чкалова, 6, с.Велика Медведівка, Шепетівський р-н, Хмельницька обл., 30435","383","99","390","22","262","22","284","","0","262","22","284","7","277","8","214","2","13","2","3","35","0","28.10.12"
"681263","190","Хмельницька область","школа, актова зала
вул.Леніна, 16А, с.Траулин, Шепетівський р-н, Хмельницька обл., 30436","512","205","510","19","290","17","307","","0","290","17","307","5","302","13","159","11","9","9","16","84","1","28.10.12"
"681264","190","Хмельницька область","сільський клуб, актова зала
вул.Партизанська, 15А, с.Савичі, Шепетівський р-н, Хмельницька обл., 30433","120","55","111","20","45","20","65","","0","45","20","65","2","63","2","30","4","6","2","5","13","1","28.10.12"
"681265","190","Хмельницька область","будинок культури, актовий зал
вул.К.Маркса, 10, с.Чотирбоки, Шепетівський р-н, Хмельницька обл., 30442","920","296","916","50","575","49","624","","0","575","49","624","11","613","11","372","4","14","24","16","171","1","28.10.12"
"681266","190","Хмельницька область","Шепетівська виправна колонія №98, клуб для засуджених, актова зала, 2-й поверх
Шепетівська виправна колонія №98, с.Климентовичі, Шепетівський р-н, Хмельницька обл., 30433","1520","33","1487","7","1480","7","1487","","0","1480","7","1487","79","1408","31","1146","58","11","26","55","69","12","29.10.12"
"681391","190","Хмельницька область","славутське лісництво, актовий зал
вул.Князів Сангушків, 116, м.Славута, Хмельницька обл., 30000","1024","467","1005","12","549","8","557","","0","549","8","557","17","540","2","100","6","11","7","30","383","1","29.10.12"
"681392","190","Хмельницька область","школа №4, актовий зал
вул.Миру, 29, м.Славута, Хмельницька обл., 30000","1328","675","1305","10","648","5","653","","0","648","5","653","13","640","5","126","6","25","7","39","428","4","29.10.12"
"681393","190","Хмельницька область","клуб АТ ""Комбінат ""Будфарфор"", актовий зал
вул.Козацька, 122, м.Славута, Хмельницька обл., 30000","1152","554","1128","12","586","12","598","","0","586","12","598","9","589","5","132","7","21","10","38","375","1","29.10.12"
"681394","190","Хмельницька область","клуб ліцею-інтернату, актовий зал
вул.Князів Сангушків, 8, м.Славута, Хмельницька обл., 30000","1176","585","1150","20","577","14","591","","0","577","14","591","13","578","1","120","4","17","3","33","398","2","29.10.12"
"681395","190","Хмельницька область","дитячо-юнацька спортивна школа, великий спортзал
вул.Острозька, 6А, м.Славута, Хмельницька обл., 30000","2336","1092","2336","36","1208","36","1244","","0","1208","36","1244","20","1224","6","228","15","50","10","92","822","1","29.10.12"
"681396","190","Хмельницька область","кінотеатр ім.Т.Г.Шевченка, фойє
площа Тараса Шевченка, 3, м.Славута, Хмельницька обл., 30000","2144","979","2119","23","1147","18","1165","","0","1147","18","1165","20","1145","5","219","21","41","12","54","788","5","29.10.12"
"681397","190","Хмельницька область","НВК ""Школа-гімназія"", актовий зал
вул.Козацька, 36, м.Славута, Хмельницька обл., 30000","2080","938","2040","19","1125","17","1142","","0","1125","17","1142","24","1118","6","221","18","33","8","51","779","2","29.10.12"
"681398","190","Хмельницька область","ЖЕК №2, фойє
вул.Садова, 17, м.Славута, Хмельницька обл., 30000","1424","634","1406","15","780","10","790","","0","780","10","790","16","774","8","207","15","65","5","25","444","5","29.10.12"
"681399","190","Хмельницька область","школа №9, актовий зал
вул.Ярослава Мудрого, 59, м.Славута, Хмельницька обл., 30000","2336","1078","2307","20","1242","16","1258","","0","1242","16","1258","33","1225","6","334","42","100","8","45","687","3","29.10.12"
"681400","190","Хмельницька область","школа-гімназія №5, спортзал
вул.Ярослава Мудрого, 60, м.Славута, Хмельницька обл., 30000","1344","612","1332","7","726","6","732","","0","726","6","732","30","702","6","164","20","36","4","36","436","0","29.10.12"
"681401","190","Хмельницька область","спорткомплекс, фойє правого крила
вул.Гната Кузовкова, 19, м.Славута, Хмельницька обл., 30000","1360","670","1335","11","679","11","690","","0","679","11","690","12","678","3","152","13","31","3","31","439","6","29.10.12"
"681402","190","Хмельницька область","спорткомплекс, фойє лівого крила
вул.Гната Кузовкова, 19, м.Славута, Хмельницька обл., 30000","1168","540","1146","4","624","4","628","","0","624","4","628","14","614","4","128","16","14","6","39","406","1","29.10.12"
"681403","190","Хмельницька область","школа №1, актовий зал
вул.Гната Кузовкова, 12, м.Славута, Хмельницька обл., 30000","2400","1183","2357","23","1202","15","1217","","0","1202","15","1217","31","1186","7","255","17","31","10","59","803","4","29.10.12"
"681404","190","Хмельницька область","районний будинок культури, актовий зал
вул.Богдана Хмельницького, 82, м.Славута, Хмельницька обл., 30000","2104","954","2090","23","1132","18","1150","","0","1132","18","1150","32","1118","8","225","22","27","10","48","776","2","29.10.12"
"681405","190","Хмельницька область","школа №3, спортзал
вул.Марії Лисенко, 2А, м.Славута, Хмельницька обл., 30000","1128","539","1108","19","576","13","589","","0","576","13","589","19","570","2","137","10","15","5","45","354","2","29.10.12"
"681406","190","Хмельницька область","школа №7, спортзал
вул.Перемоги, 17, м.Славута, Хмельницька обл., 30000","1304","674","1282","12","625","5","630","","0","625","5","630","16","614","3","194","7","13","7","16","373","1","29.10.12"
"681407","190","Хмельницька область","ДНЗ №3, актовий зал
вул.Зарічна, 27, м.Славута, Хмельницька обл., 30000","1264","617","1252","9","639","8","647","","0","639","8","647","23","624","3","150","7","11","3","15","431","4","29.10.12"
"681408","190","Хмельницька область","славутська ЦРЛ, фойє лікувального корпусу №2
вул.Соборності, 32, м.Славута, Хмельницька обл., 30000","328","265","76","60","16","47","63","","0","16","47","63","2","61","0","28","1","2","0","3","27","0","29.10.12"
"681537","190","Хмельницька область","школа №8, їдальня.
вул.Горького, 44, м.Шепетівка, Хмельницька обл., 30400","1368","766","1353","22","583","19","602","","0","583","19","602","23","579","7","268","17","52","4","44","183","4","29.10.12"
"681538","190","Хмельницька область","ВАТ ""ПМК-181"", актова зала.
вул.Новоград-Волинська, 30, м.Шепетівка, Хмельницька обл., 30400","1488","958","1467","15","515","15","530","","0","515","15","530","8","522","17","213","5","39","8","36","203","1","29.10.12"
"681539","190","Хмельницька область","Спортзал ""Локомотив"", спортивна зала.
вул.Залізнична, 71, м.Шепетівка, Хмельницька обл., 30400","1944","924","1921","14","1007","13","1020","","0","1007","13","1020","17","1003","31","382","46","109","17","50","362","6","29.10.12"
"681540","190","Хмельницька область","школа №6, їдальня.
вул.Карла Маркса, 96, м.Шепетівка, Хмельницька обл., 30400","2360","1228","2317","17","1116","16","1132","","0","1116","16","1132","24","1108","24","471","26","69","9","77","426","6","29.10.12"
"681541","190","Хмельницька область","ЦЕНТУМ, актова зала.
вул.Ватутіна, 59, м.Шепетівка, Хмельницька обл., 30400","2400","1230","2371","12","1158","12","1170","","0","1158","12","1170","32","1138","54","425","105","24","59","13","454","4","29.10.12"
"681542","190","Хмельницька область","школа НВК№3, 1-й поверх.
вул.Українська, 67, м.Шепетівка, Хмельницька обл., 30400","2424","1144","2378","12","1272","8","1280","","0","1272","8","1280","32","1248","55","523","39","104","18","67","436","6","29.10.12"
"681543","190","Хмельницька область","ВАТ ""АТП 16807"", їдальня.
вул.Лермонтова, 2, м.Шепетівка, Хмельницька обл., 30400","1832","955","1781","19","863","14","877","","0","863","14","877","30","847","47","361","36","39","7","55","298","4","29.10.12"
"681544","190","Хмельницька область","школа №4, 1-й поверх.
вул.Валі Котика, 75, м.Шепетівка, Хмельницька обл., 30400","1928","1070","1902","11","850","8","858","","0","850","8","858","23","835","38","367","15","49","12","57","284","13","29.10.12"
"681545","190","Хмельницька область","Сільськогосподарський технікум, 1-й поверх.
просп.Миру, 25, м.Шепетівка, Хмельницька обл., 30400","1848","954","1805","17","883","11","894","","0","883","11","894","21","873","34","356","29","56","9","42","343","4","29.10.12"
"681546","190","Хмельницька область","НВК №1, к.33, актова зала.
вул.Горбатюка, 61, м.Шепетівка, Хмельницька обл., 30400","1872","1017","1857","1","854","1","855","","0","854","1","855","17","838","14","319","26","53","10","72","342","2","29.10.12"
"681547","190","Хмельницька область","музична школа, великий зал, 2-й поверх.
вул.Карла Маркса, 69, м.Шепетівка, Хмельницька обл., 30400","2064","1067","2038","11","988","9","997","","0","988","9","997","22","975","28","449","29","72","22","58","311","6","29.10.12"
"681548","190","Хмельницька область","будинок культури, 2-й поверх.
вул.Карла Маркса, 54, м.Шепетівка, Хмельницька обл., 30400","2008","975","1947","18","1018","15","1033","","0","1018","15","1033","26","1007","21","431","39","84","25","42","359","6","29.10.12"
"681549","190","Хмельницька область","школа №2, 1-й поверх.
вул.Карла Маркса, 34, м.Шепетівка, Хмельницька обл., 30400","1728","857","1691","21","855","16","871","","0","855","16","871","25","846","43","324","24","67","13","56","317","2","29.10.12"
"681550","190","Хмельницька область","Відділення соціально-побутової адаптації територитроіального центру, актова зала.
вул.Стуса, 11, м.Шепетівка, Хмельницька обл., 30400","2224","1198","2210","10","1021","5","1026","","0","1021","5","1026","32","994","33","461","28","51","11","54","354","2","29.10.12"
"681551","190","Хмельницька область","ВАТ ЕК ""Хмельницькобленерго"" Шепетівський РЕМ, актова зала.
вул.Пліщинська, 176, м.Шепетівка, Хмельницька обл., 30400","1632","887","1617","7","738","7","745","","0","738","7","745","16","729","44","303","7","19","12","55","286","3","29.10.12"
"681552","190","Хмельницька область","ПАТ ""Цукровий комбінат"", актова зала, 3-й поверх.
шосе Старокостянтинівське, 31, м.Шепетівка, Хмельницька обл., 30400","2104","1194","2091","26","886","24","910","","0","886","24","910","18","892","24","376","25","37","16","55","352","7","29.10.12"
"681553","190","Хмельницька область","школа №3, 1-й поверх.
вул.Судилківська, 19, м.Шепетівка, Хмельницька обл., 30400","1856","906","1826","16","934","16","950","","0","934","16","950","22","928","29","364","20","56","14","64","373","8","06.11.12"
"681554","190","Хмельницька область","КП ""ШРЕП"", актова зала.
вул.Судилківська, 57, м.Шепетівка, Хмельницька обл., 30400","1760","957","1727","4","799","4","803","","0","799","4","803","21","782","16","402","15","43","8","36","259","3","28.10.12"
"681555","190","Хмельницька область","ВАТ ""Завод культиваторів"", велика зала, 2-й поверх.
вул.Титова, 1А, м.Шепетівка, Хмельницька обл., 30400","1648","866","1580","14","768","14","782","","0","768","14","782","32","750","29","356","32","51","10","40","229","3","28.10.12"
"681556","190","Хмельницька область","залізничний клуб, 1-й поверх.
вул.Полубоярова, 1, м.Шепетівка, Хмельницька обл., 30400","816","446","794","6","364","6","370","","0","364","6","370","5","365","7","173","10","28","5","21","117","4","28.10.12"
"681557","190","Хмельницька область","Центральна района лікарня.
вул.В.Котика, 85, м.Шепетівка, Хмельницька обл., 30400","384","308","143","69","25","51","76","","0","25","51","76","0","76","2","52","2","5","1","2","12","0","28.10.12"
"681558","190","Хмельницька область","Вузлова лікарня.
вул.Карла Маркса, 96, м.Шепетівка, Хмельницька обл., 30400","112","74","67","6","32","6","38","","0","32","6","38","0","38","0","15","0","1","1","4","17","0","28.10.12"
