"№ ВД","OBO","Назва регіону України","Місцезнаходження та адреса приміщення для голосування","1) К-сть одержаних бюлетенів","2) К-сть невикористаних бюлетенів","3) К-сть виборців, внесених до списку виборців","4) К-сть виборців, внесених до витягу зі списку виборців","5) К-сть виборців, які отримали бюлетені у приміщенні","6) К-сть виборців, які отримали за місцем перебування","7) Сумарна к-сть виборців, які отримали бюлетені","8) К-сть бюлетенів, що виявилися у кожній скринці","9) К-сть бюлетенів, що не підлягають врахуванню","10) К-сть виборців, які взяли участь у голос. у приміщенні для гол.","11) К-сть виборців, які взяли участь у голос. за місцем перебування","12) К-сть виборців, які взяли участь у голосуванні на виборчій дільниці","13) К-сть бюлетенів, визнаних недійсними","14) Сумарна к-сть голосів виборців ЗА","Борисенко
Олег
Вячеславович","Дергунов
Юрій
Юлійович","Добкін
Дмитро
Маркович","Прокопенко
Петро
Андрійович","Федотов
Геннадій
Олексійович","Дата підписання протоколу"
"630001","178","Харківська область","районний будинок культури, мала зала
пл.Ростовцева, 14, м.Балаклія, Балаклійський р-н, Харківська обл., 64200","1216","599","1198","25","596","21","617","","0","596","21","617","24","593","40","50","335","69","99","29.10.12"
"630002","178","Харківська область","Балаклійська школа №1, актова зала
вул.Леніна, 95, м.Балаклія, Балаклійський р-н, Харківська обл., 64200","1840","883","1796","94","873","84","957","","0","873","84","957","26","931","79","66","519","85","182","29.10.12"
"630003","178","Харківська область","Балаклійська школа №2, їдальня
пров.1-го Травня, 12, м.Балаклія, Балаклійський р-н, Харківська обл., 64200","1912","949","1875","32","940","23","963","","0","940","23","963","28","935","65","75","540","116","139","29.10.12"
"630004","178","Харківська область","Балаклійська школа №2, фойє
пров.1-го Травня, 12, м.Балаклія, Балаклійський р-н, Харківська обл., 64200","2392","1293","2331","47","1055","44","1099","","0","1055","44","1099","49","1050","71","70","682","98","129","29.10.12"
"630005","178","Харківська область","музична школа, велика зала, 2-й поверх
вул.8-го Березня, 5, м.Балаклія, Балаклійський р-н, Харківська обл., 64200","2168","960","2155","75","1138","70","1208","","0","1138","70","1208","33","1175","81","107","630","186","171","29.10.12"
"630006","178","Харківська область","управління Пенсійного фонду, фойє
вул.Леніна, 45, м.Балаклія, Балаклійський р-н, Харківська обл., 64200","2448","1344","2389","81","1037","67","1104","","0","1037","67","1104","51","1053","94","96","614","110","139","29.10.12"
"630007","178","Харківська область","Балаклійська школа №4, актова зала
вул.Геологічна, 9, м.Балаклія, Балаклійський р-н, Харківська обл., 64200","2408","1360","2382","69","993","55","1048","","0","993","55","1048","62","986","75","75","632","85","119","29.10.12"
"630008","178","Харківська область","Балаклійська школа №3, спортивна зала
вул.Кірова, 25, м.Балаклія, Балаклійський р-н, Харківська обл., 64200","2336","1254","2311","99","1011","71","1082","","0","1011","71","1082","46","1036","72","56","658","93","157","29.10.12"
"630009","178","Харківська область","Балаклійська школа №3, їдальня
вул.Кірова, 25, м.Балаклія, Балаклійський р-н, Харківська обл., 64200","1384","756","1380","49","583","45","628","","0","583","45","628","33","595","34","47","367","66","81","29.10.12"
"630010","178","Харківська область","Балаклійська школа №6, фойє
вул.Гагаріна, 14, м.Балаклія, Балаклійський р-н, Харківська обл., 64200","2392","1262","2338","80","1064","66","1130","","0","1064","66","1130","38","1092","86","86","639","111","170","29.10.12"
"630011","178","Харківська область","приміщення ДП ""Світанок"", вестибюль
вул.Заміська, 7, м.Балаклія, Балаклійський р-н, Харківська обл., 64200","320","107","329","9","205","8","213","","0","205","8","213","12","201","11","11","140","22","17","29.10.12"
"630012","178","Харківська область","Балаклійська школа №5, їдальня
вул.Перемоги, 100, м.Балаклія, Балаклійський р-н, Харківська обл., 64200","1632","806","1612","72","772","54","826","","0","772","54","826","31","795","36","75","464","90","130","29.10.12"
"630013","178","Харківська область","лагерський клуб, зала
вул.Перемоги, 211/35, м.Балаклія, Балаклійський р-н, Харківська обл., 64200","1944","1029","1941","73","852","63","915","","0","852","63","915","57","858","49","62","541","72","134","29.10.12"
"630014","178","Харківська область","Балаклійська спеціальна школа-інтернат, актова зала
вул.Партизанська, 3, м.Балаклія, Балаклійський р-н, Харківська обл., 64200","872","406","870","53","419","47","466","","0","419","47","466","21","445","23","37","272","45","68","29.10.12"
"630015","178","Харківська область","Андріївська школа №1, актова зала
пл.30 років ВЛКСМ, 41, смт Андріївка, Балаклійський р-н, Харківська обл., 64220","2248","1146","2258","86","1034","68","1102","","0","1034","68","1102","47","1055","42","60","745","75","133","29.10.12"
"630016","178","Харківська область","Андріївська школа №1, спортивна зала
пл.30 років ВЛКСМ, 41, смт Андріївка, Балаклійський р-н, Харківська обл., 64220","2240","1201","2214","57","990","49","1039","","0","990","49","1039","47","992","61","63","682","88","98","29.10.12"
"630017","178","Харківська область","Андріївська школа №2, актова зала
вул.Шевченка, 1, смт Андріївка, Балаклійський р-н, Харківська обл., 64220","2184","1232","2183","61","905","47","952","","0","905","47","952","57","895","62","69","536","88","140","29.10.12"
"630018","178","Харківська область","Савинська школа №1, спортивна зала
вул.20 Гвардійської Дивізії, 10, смт Савинці, Балаклійський р-н, Харківська обл., 64270","2360","1210","2339","63","1101","49","1150","","0","1101","49","1150","36","1114","61","81","734","105","133","29.10.12"
"630019","178","Харківська область","Савинська філія Петрівського аграрного ліцею, спортивна зала
вул.Шкільна, 1А, смт Савинці, Балаклійський р-н, Харківська обл., 64270","1392","681","1370","49","662","49","711","","0","662","49","711","25","686","33","35","478","86","54","29.10.12"
"630020","178","Харківська область","ПАТ ДПДЗКУ ""Савинський елеватор"", зала засідань
вул.Привокзальна, 50, смт Савинці, Балаклійський р-н, Харківська обл., 64270","624","349","624","20","255","20","275","","0","255","20","275","9","266","14","23","171","19","39","29.10.12"
"630021","178","Харківська область","Довгалівська школа, коридор
вул.Лімонта, 38, с.Довгалівка, Балаклійський р-н, Харківська обл., 64270","512","178","515","34","301","33","334","","0","301","33","334","12","322","11","20","224","24","43","29.10.12"
"630022","178","Харківська область","Червонодонецька гімназія, актова зала, корпус 2
вул.Леніна, 29, смт Червоний Донець, Балаклійський р-н, Харківська обл., 64250","2416","1060","2386","29","1335","21","1356","","0","1335","21","1356","53","1303","83","111","831","111","167","29.10.12"
"630023","178","Харківська область","Червонодонецька гімназія, спортивна зала, корпус 1
вул.Леніна, 29, смт Червоний Донець, Балаклійський р-н, Харківська обл., 64250","720","319","729","58","350","51","401","","0","350","51","401","9","392","18","36","262","33","43","29.10.12"
"630024","178","Харківська область","палац культури ГПУ ""Шебелинкагазвидобування"", фойє
вул.Леніна, 13, смт Червоний Донець, Балаклійський р-н, Харківська обл., 64250","2392","1118","2362","77","1216","58","1274","","0","1216","58","1274","41","1233","49","91","822","101","170","29.10.12"
"630025","178","Харківська область","Червонодонецька школа №2, фойє
вул.Леніна, 3, смт Червоний Донець, Балаклійський р-н, Харківська обл., 64250","2280","1094","2236","63","1140","46","1186","","0","1140","46","1186","40","1146","59","85","790","74","138","29.10.12"
"630026","178","Харківська область","Асіївський будинок культури, фойє
вул.Центральна, 11, с.Асіївка, Балаклійський р-н, Харківська обл., 64260","640","237","636","41","363","39","402","","0","363","39","402","15","387","22","20","262","9","74","30.10.12"
"630027","178","Харківська область","Жовтневський сільський клуб, актова зала
вул.Центральна, 20, с-ще Жовтневе Асіївської с/р, Балаклійський р-н, Харківська обл., 64262","376","135","362","13","228","13","241","","0","228","13","241","6","235","4","12","187","7","25","28.10.12"
"630028","178","Харківська область","Борщівська сільська рада, зала засідань
вул.Комсомольська, 47, с.Борщівка, Балаклійський р-н, Харківська обл., 64240","856","292","852","55","516","48","564","","0","516","48","564","16","548","31","33","393","44","47","29.10.12"
"630029","178","Харківська область","Бригадирівська школа, вестибюль
вул.Центральна, 84, с.Бригадирівка, Балаклійський р-н, Харківська обл., 64230","664","252","650","82","332","80","412","","0","332","80","412","15","397","13","28","292","35","29","28.10.12"
"630030","178","Харківська область","Вербівська школа, спортивна зала, 1-й поверх
вул.Жовтнева, 68, с.Вербівка, Балаклійський р-н, Харківська обл., 64219","1328","518","1313","81","737","73","810","","0","736","73","809","27","782","33","39","576","69","65","29.10.12"
"630031","178","Харківська область","Вербівська школа, актова зала, 2-й поверх
вул.Жовтнева, 68, с.Вербівка, Балаклійський р-н, Харківська обл., 64219","1224","471","1204","84","677","76","753","","0","677","76","753","22","731","41","47","547","59","37","29.10.12"
"630032","178","Харківська область","Веселівська школа, їдальня
вул.8-го Березня, 10, с-ще Веселе, Балаклійський р-н, Харківська обл., 64235","584","227","574","17","340","17","357","","0","340","17","357","14","343","22","25","206","42","48","28.10.12"
"630033","178","Харківська область","Крючківський сільський клуб, велика зала
вул.Шкільна, 1, с-ще Крючки, Балаклійський р-н, Харківська обл., 64233","416","183","408","32","203","30","233","","0","203","30","233","10","223","15","12","142","19","35","29.10.12"
"630034","178","Харківська область","Слабунівська школа, актова зала
вул.Центральна, 35, с.Слабунівка, Балаклійський р-н, Харківська обл., 64232","504","217","498","26","264","23","287","","0","264","23","287","17","270","10","16","177","16","51","29.10.12"
"630035","178","Харківська область","Вишнівська школа, спортивна зала
пл.40 років Перемоги, 32, с.Вишнева, Балаклійський р-н, Харківська обл., 64231","456","127","446","49","285","44","329","","0","285","44","329","12","317","6","18","250","26","17","29.10.12"
"630036","178","Харківська область","Гусарівський будинок культури, актова зала
вул.Миру, 15, с.Гусарівка, Балаклійський р-н, Харківська обл., 64264","944","334","923","80","533","77","610","","0","533","77","610","4","606","20","22","452","31","81","29.10.12"
"630037","178","Харківська область","приміщення Волобуївської школи, фойє
вул.Перемоги, 14, с.Волобуївка, Балаклійський р-н, Харківська обл., 64264","208","78","216","31","103","27","130","","0","103","27","130","0","130","7","2","99","9","13","28.10.12"
"630038","178","Харківська область","Залиманська школа, спортивна зала
вул.Центральна, 71, с.Залиман, Балаклійський р-н, Харківська обл., 64271","784","304","772","65","427","53","480","","0","427","53","480","13","467","24","25","340","38","40","29.10.12"
"630039","178","Харківська область","Лозовеньківський сільський клуб, кінозал
вул.Центральна, 21, с.Лозовенька, Балаклійський р-н, Харківська обл., 64261","520","184","510","54","285","51","336","","0","285","51","336","15","321","5","9","262","15","30","29.10.12"
"630040","178","Харківська область","Міловський сільський клуб, актова зала
вул.ім.Героя Радянського Союзу М.П.Хоршунова, 1Б, с.Мілова, Балаклійський р-н, Харківська обл., 64253","952","417","936","103","434","101","535","","0","434","101","535","15","520","16","18","407","29","50","29.10.12"
"630041","178","Харківська область","Морозівська школа, коридор
вул.Леніна, 22, с.Морозівка, Балаклійський р-н, Харківська обл., 64241","664","250","653","52","369","45","414","","0","369","45","414","14","400","21","35","268","42","34","29.10.12"
"630042","178","Харківська область","Вільхуватський сільський клуб, коридор
вул.Шкільна, 26, с.Вільхуватка, Балаклійський р-н, Харківська обл., 64241","320","112","319","24","186","22","208","","0","186","22","208","11","197","6","12","134","10","35","28.10.12"
"630043","178","Харківська область","ТОВ АПК ""Донець"", їдальня
вул.Шкільна, 1/3, с.Петрівське, Балаклійський р-н, Харківська обл., 64282","672","289","660","54","332","51","383","","0","332","51","383","10","373","9","13","260","12","79","29.10.12"
"630044","178","Харківська область","Петрівська школа, актова зала
вул.Ханіна, 22, с.Петрівське, Балаклійський р-н, Харківська обл., 64282","1424","609","1377","128","694","121","815","","0","694","121","815","11","804","17","32","542","42","171","29.10.12"
"630045","178","Харківська область","Завгороднівський будинок культури, велика зала
вул.Завгородня, будинок культури, с.Завгороднє, Балаклійський р-н, Харківська обл., 64282","352","133","359","43","181","38","219","","0","181","38","219","6","213","3","8","155","13","34","29.10.12"
"630046","178","Харківська область","Пришибська школа, фойє початкових класів
вул.Данилевського, 70, с.Пришиб, Балаклійський р-н, Харківська обл., 64223","1664","663","1626","117","886","115","1001","","0","886","115","1001","36","965","39","45","746","56","79","29.10.12"
"630047","178","Харківська область","Явірський будинок культури, танцювальна зала
вул.Центральна, 73, с.Явірське, Балаклійський р-н, Харківська обл., 64224","256","62","265","43","153","41","194","","0","153","41","194","10","184","6","15","146","11","6","28.10.12"
"630048","178","Харківська область","Жовтневська школа, фойє
школа, с-ще Жовтневе, Пришибської с/р, Балаклійський р-н, Харківська обл., 64242","552","255","531","18","280","17","297","","0","280","17","297","12","285","22","9","213","14","27","29.10.12"
"630049","178","Харківська область","СТОВ ""Протопопівське"", актова зала
вул.Стовбова, 7, с.Протопопівка, Балаклійський р-н, Харківська обл., 64281","768","305","761","85","390","73","463","","0","390","73","463","15","448","16","16","319","22","75","29.10.12"
"630050","178","Харківська область","П’ятигірська школа, фойє
вул.50 років СРСР, 4, с-ще П’ятигірське, Балаклійський р-н, Харківська обл., 64252","1928","822","1902","71","1044","62","1106","","0","1044","62","1106","40","1066","62","55","767","77","105","29.10.12"
"630051","178","Харківська область","Чепільська школа, коридор
вул.Леніна, 41, с.Чепіль, Балаклійський р-н, Харківська обл., 64280","576","214","576","32","331","31","362","","0","331","31","362","11","351","16","22","231","32","50","29.10.12"
"630052","178","Харківська область","Червоногусарівська школа, коридор
вул.Центральна, 47, с.Червона Гусарівка, Балаклійський р-н, Харківська обл., 64265","784","320","771","49","421","43","464","","0","421","43","464","18","446","36","33","313","29","35","29.10.12"
"630053","178","Харківська область","Шебелинська школа, фойє
вул.Центральна, 19, с.Шебелинка, Балаклійський р-н, Харківська обл., 64251","336","61","344","29","246","29","275","","0","246","29","275","7","268","6","3","237","2","20","28.10.12"
"630054","178","Харківська область","Шевелівський сільський клуб, актова зала
вул.Центральна, 90Б, с.Шевелівка, Балаклійський р-н, Харківська обл., 64263","704","231","696","61","413","60","473","","0","413","60","473","14","459","14","23","325","37","60","28.10.12"
"630055","178","Харківська область","Яковенківська школа, коридор
вул.Миру, 13, с.Яковенкове, Балаклійський р-н, Харківська обл., 64225","776","333","763","104","360","83","443","","0","360","83","443","12","431","16","20","307","52","36","29.10.12"
"630056","178","Харківська область","приміщення Червоноярської школи, кабінет 1
вул.Центральна, 69А, с.Червоний Яр, Балаклійський р-н, Харківська обл., 64226","248","74","245","41","136","38","174","","0","136","38","174","6","168","6","13","124","14","11","29.10.12"
"630057","178","Харківська область","приміщення медучилища, актова зала, 2-й поверх
вул.Партизанська, 25, м.Балаклія, Балаклійський р-н, Харківська обл., 64200","208","102","108","61","47","59","106","","0","47","59","106","1","105","6","5","73","8","13","29.10.12"
"630058","178","Харківська область","Балаклійський виправний центр-106, клас учбової підготовки молодших інспекторів
Балаклійський виправний центр-106, смт Червоний Донець, Балаклійський р-н, Харківська обл., 64250","200","2","198","0","198","0","198","","0","198","0","198","0","198","0","6","181","9","2","29.10.12"
"630059","178","Харківська область","Жовтневська виправна колонія-17, клуб для засуджених в житловій зоні
Жовтневська виправна колонія-17, с-ще Жовтневе Пришибської с/р, Балаклійський р-н, Харківська обл., 64242","704","42","663","28","635","27","662","","0","635","27","662","30","632","8","12","580","28","4","29.10.12"
"630060","178","Харківська область","навчально-виробничий комбінат, каб.8
вул.Некрасова, 1, м.Барвінкове, Барвінківський р-н, Харківська обл., 64701","736","293","729","26","418","25","443","","0","418","25","443","17","426","11","52","282","30","51","29.10.12"
"630061","178","Харківська область","гімназія №1, фойє
вул.50 років Радянської України, 80, м.Барвінкове, Барвінківський р-н, Харківська обл., 64701","1544","679","1500","45","820","45","865","","0","820","45","865","38","827","19","80","454","84","190","29.10.12"
"630062","178","Харківська область","районний будинок культури, обрядова зала
вул.Леніна, 5, м.Барвінкове, Барвінківський р-н, Харківська обл., 64701","1712","690","1678","56","966","56","1022","","0","966","56","1022","27","995","36","93","541","129","196","29.10.12"
"630063","178","Харківська область","будинок культури заводу, глядацька зала
вул.Свердлова, 1, м.Барвінкове, Барвінківський р-н, Харківська обл., 64703","1256","578","1229","52","628","50","678","","0","628","50","678","21","657","15","71","356","79","136","29.10.12"
"630064","178","Харківська область","дитяча музична школа, зала хореографії
вул.Сведлова, 8, м.Барвінкове, Барвінківський р-н, Харківська обл., 64703","1056","427","1053","29","602","27","629","","0","602","27","629","23","606","22","57","317","87","123","29.10.12"
"630065","178","Харківська область","школа №4, фойє
вул.Шевченка, 86, м.Барвінкове, Барвінківський р-н, Харківська обл., 64703","720","295","715","26","399","26","425","","0","399","26","425","10","415","13","36","215","49","102","29.10.12"
"630066","178","Харківська область","школа №3, спортивний зал
вул.Ломоносова, 5, м.Барвінкове, Барвінківський р-н, Харківська обл., 64703","1392","610","1357","65","717","65","782","","0","717","65","782","26","756","20","51","484","56","145","29.10.12"
"630067","178","Харківська область","філія ""Агросервіс"", актова зала
вул.Донецька, 79, м.Барвінкове, Барвінківський р-н, Харківська обл., 64703","1128","560","1108","31","538","30","568","","0","538","30","568","32","536","19","43","352","37","85","29.10.12"
"630068","178","Харківська область","Богодарівська школа, фойє
вул.Миру, 1А, с.Богодарове, Барвінківський р-н, Харківська обл., 64750","360","145","356","26","189","26","215","","0","189","26","215","7","208","3","19","143","18","25","28.10.12"
"630069","178","Харківська область","Погонівська школа, фойє
пров.Шкільний, 3, с.Погонівка, Барвінківський р-н, Харківська обл., 64752","456","178","453","12","266","12","278","","0","266","12","278","16","262","7","20","184","28","23","28.10.12"
"630070","178","Харківська область","Великокомишуваська школа, фойє
вул.Гагаріна, 29, с.Велика Комишуваха, Барвінківський р-н, Харківська обл., 64722","576","200","562","51","327","49","376","","0","327","49","376","19","357","13","26","200","26","92","28.10.12"
"630071","178","Харківська область","сільський будинок культури, глядацька зала
вул.Миру, 17, с.Африканівка, Барвінківський р-н, Харківська обл., 64741","552","183","531","38","334","35","369","","0","334","35","369","13","356","9","23","244","32","48","29.10.12"
"630072","178","Харківська область","сільська рада, зала засідань
вул.Привокзальна, 24, с.Гаврилівка, Барвінківський р-н, Харківська обл., 64740","592","141","582","48","403","48","451","","0","403","48","451","19","432","9","32","293","34","64","29.10.12"
"630073","178","Харківська область","сільський будинок культури, глядацька зала
вул.Миру, 49, с.Котівка, Барвінківський р-н, Харківська обл., 64705","248","71","241","25","152","25","177","","0","152","25","177","6","171","2","14","114","21","20","28.10.12"
"630074","178","Харківська область","сільський будинок культури, глядацька зала
вул.Центральна, 55, с.Пригоже, Барвінківський р-н, Харківська обл., 64742","536","190","521","55","293","53","346","","0","293","53","346","11","335","8","20","231","36","40","28.10.12"
"630075","178","Харківська область","сільський клуб, глядацька зала
вул.Центральна, 1А, с.Григорівка, Барвінківський р-н, Харківська обл., 64751","600","165","592","20","415","20","435","","0","415","20","435","17","418","5","8","290","21","94","28.10.12"
"630076","178","Харківська область","Грушуваська школа, спортивний зал
вул.Миру, 33, с.Грушуваха, Барвінківський р-н, Харківська обл., 64720","656","217","645","49","392","47","439","","0","392","47","439","6","433","9","25","301","33","65","29.10.12"
"630077","178","Харківська область","сільський будинок культури, фойє
вул.Ворошилова, 63, с.Василівка Друга, Барвінківський р-н, Харківська обл., 64780","376","99","367","28","249","28","277","","0","249","28","277","11","266","11","14","175","21","45","28.10.12"
"630078","178","Харківська область","Гусарівська школа, фойє
вул.Радянська, 24, с.Гусарівка, Барвінківський р-н, Харківська обл., 64780","752","279","740","50","427","46","473","","0","427","46","473","16","457","11","37","322","42","45","28.10.12"
"630079","178","Харківська область","сільський будинок культури, фойє
вул.Жовтнева, 2А, с.Нікополь, Барвінківський р-н, Харківська обл., 64780","688","257","668","41","390","41","431","","0","390","41","431","18","413","11","32","288","30","52","28.10.12"
"630080","178","Харківська область","контора філії ""Іванівська"", актова зала
вул.Миру, 5, с.Іванівка, Барвінківський р-н, Харківська обл., 64730","632","222","620","21","391","19","410","","0","391","19","410","22","388","11","31","241","41","64","29.10.12"
"630081","178","Харківська область","сільський клуб, фойє
вул.Центральна, 5, с.Червона Поляна, Барвінківський р-н, Харківська обл., 64704","480","152","463","28","300","28","328","","0","300","28","328","9","319","11","35","171","56","46","28.10.12"
"630082","178","Харківська область","Іванівська Друга школа, фойє
вул.Жовтнева, 24, с-ще Іванівка, Барвінківський р-н, Харківська обл., 64713","968","386","964","32","553","29","582","","0","553","29","582","23","559","20","27","387","62","63","29.10.12"
"630083","178","Харківська область","Дмитрівська школа, їдальня
вул.Шкільна, 47, с.Дмитрівка, Барвінківський р-н, Харківська обл., 64711","320","104","311","14","202","14","216","","0","202","14","216","14","202","9","18","120","29","26","28.10.12"
"630084","178","Харківська область","приміщення контори, зал засідань сільської ради
вул.Леніна, 60, с.Іллічівка, Барвінківський р-н, Харківська обл., 64760","456","94","444","30","332","30","362","","0","332","30","362","10","352","10","21","250","15","56","29.10.12"
"630085","178","Харківська область","Курульський НВК, фойє
вул.Миру, 1, с.Курулька, Барвінківський р-н, Харківська обл., 64762","216","48","206","29","139","29","168","","0","139","29","168","0","168","1","6","132","11","18","28.10.12"
"630086","178","Харківська область","сільський будинок культури, фойє
вул.Свободи, 41Б, с.Нова Дмитрівка, Барвінківський р-н, Харківська обл., 64762","112","29","107","4","79","4","83","","0","79","4","83","4","79","0","3","49","13","14","28.10.12"
"630087","178","Харківська область","сільський будинок культури, глядацька зала
вул.Леніна, 1, с.Мечебилове, Барвінківський р-н, Харківська обл., 64712","680","244","661","44","396","40","436","","0","396","40","436","18","418","18","45","238","46","71","29.10.12"
"630088","178","Харківська область","сільський будинок культури, глядацька зала
вул.Леніна, 23, с.Нова Миколаївка, Барвінківський р-н, Харківська обл., 64721","440","159","428","20","262","19","281","","1","261","19","280","10","270","7","23","160","21","59","30.10.12"
"630089","178","Харківська область","Червонолиманський НВК, фойє
вул.Гагаріна, 56, с.Червоний Лиман, Барвінківський р-н, Харківська обл., 64721","224","51","218","25","148","25","173","","0","148","25","173","0","173","4","5","98","46","20","28.10.12"
"630090","178","Харківська область","сільський будинок культури, фойє
вул.Клубна, 3, с.Подолівка, Барвінківський р-н, Харківська обл., 64732","576","188","565","28","365","23","388","","0","365","23","388","9","379","10","14","312","16","27","28.10.12"
"630091","178","Харківська область","центральна районна лікарня, актова зала
вул.Котовського, 20, м.Барвінкове, Барвінківський р-н, Харківська обл., 64701","56","15","42","10","31","10","41","","0","31","10","41","1","40","0","2","23","5","10","29.10.12"
"630092","178","Харківська область","обласна психіатрична лікарня, актова зала
вул.Жовтневої революції, 115, м.Барвінкове, Барвінківський р-н, Харківська обл., 64702","56","0","56","0","56","0","56","","0","56","0","56","1","55","1","4","35","5","10","29.10.12"
"630093","178","Харківська область","будинок культури, фойє, 1-й поверх
вул.Богдана Хмельницького, 2, смт Близнюки, Близнюківський р-н, Харківської обл., 64801","1856","845","1830","49","968","43","1011","","0","968","43","1011","19","992","27","74","668","108","115","29.10.12"
"630094","178","Харківська область","КП ""Комунальник"", зал, 1-й поверх
вул.Тельмана, 2, смт Близнюки, Близнюківський р-н, Харківська обл., 64801","984","475","957","36","476","33","509","","0","476","33","509","23","486","12","41","352","42","39","29.10.12"
"630095","178","Харківська область","ПСП ""Близнюківське"", актова зала, 1-й поверх
вул.Притули, 8, с.Садове, Близнюківський р-н, Харківська обл., 64809","712","279","691","48","386","47","433","","0","386","47","433","8","425","5","34","319","31","36","28.10.12"
"630096","178","Харківська область","Будинок культури, фойє, 1-й поверх
вул.Центральна, 1, с.Алісівка, Близнюківський р-н, Харківської обл., 64811","464","196","465","41","232","36","268","","0","232","36","268","7","261","6","11","205","21","18","28.10.12"
"630097","178","Харківська область","сільська рада, актова зала, 1-й поверх
вул.Гагаріна, 15, с.Башилівка, Близнюківський р-н, Харківська обл., 64870","472","142","477","45","289","41","330","","0","289","41","330","14","316","6","34","194","57","25","28.10.12"
"630098","178","Харківська область","сільський клуб, фойє, 1-й поверх
вул.Леніна, 2, с.Берестове, Близнюківський р-н, Харківська обл., 64851","480","224","470","26","233","23","256","","0","233","23","256","7","249","3","14","198","24","10","28.10.12"
"630099","178","Харківська область","школа, спортзал, 1-й поверх
вул.Шкільна, 1, с.Бурбулатове, Близнюківський р-н, Харківська обл., 64820","720","314","710","33","375","31","406","","0","375","31","406","16","390","17","37","259","37","40","29.10.12"
"630100","178","Харківська область","школа, спортзал, 1-й поверх
вул.Шкільна, 3, с.Олександрівка, Близнюківський р-н, Харківська обл., 64822","296","121","295","28","147","28","175","","0","147","28","175","5","170","4","11","117","27","11","28.10.12"
"630101","178","Харківська область","школа, актовий зал, 1-й поверх
вул.Шкільна, 89, с.Верхня Самара, Близнюківський р-н, Харківська обл., 64872","832","349","835","32","452","31","483","","0","452","31","483","15","468","11","42","276","79","60","29.10.12"
"630102","178","Харківська область","сільський клуб, фойє, 1-й поверх
вул.Комсомольська, 26, с.Добровілля, Близнюківський р-н, Харківська обл., 64862","688","177","692","74","442","69","511","","0","442","69","511","14","497","13","32","322","75","55","29.10.12"
"630103","178","Харківська область","школа, спортивна зала, 1-й поверх
вул.Гагаріна, 1, с.Петрівське, Близнюківський р-н, Харківська обл., 64830","520","218","515","30","273","29","302","","0","273","29","302","13","289","10","40","171","42","26","28.10.12"
"630104","178","Харківська область","ФАП, актова зала, 1-й поверх
вул.Леніна, 49А, с.Шевченкове Перше, Близнюківський р-н, Харківська обл., 64830","328","134","319","22","172","22","194","","0","172","22","194","3","191","9","12","118","25","27","29.10.12"
"630105","178","Харківська область","сільський клуб, зал, 1-й поверх
вул.Леніна, 7, с.Криштопівка, Близнюківський р-н, Харківська обл., 64850","760","264","780","80","423","73","496","","0","423","73","496","9","487","8","36","319","77","47","28.10.12"
"630106","178","Харківська область","школа, спортзал, 1-й поверх
вул.Хмельницького, 46, с.Лукашівка, Близнюківський р-н, Харківська обл., 64860","928","443","935","73","417","68","485","","0","417","68","485","14","471","8","26","343","47","47","28.10.12"
"630107","178","Харківська область","школа, спортзал, 1-й поверх
вул.Шкільна, 3, с.Надеждине, Близнюківський р-н, Харківська обл., 64813","448","154","451","60","234","60","294","","0","234","60","294","2","292","0","25","227","20","20","28.10.12"
"630108","178","Харківська область","школа, спортивна зала, 1-й поверх
вул.Шкільна, 24А, с.Новонадеждине, Близнюківський р-н, Харківська обл., 64814","472","177","480","56","239","56","295","","0","239","56","295","7","288","14","23","182","40","29","28.10.12"
"630109","178","Харківська область","сільська рада, кімната засідань, 1-й поверх
вул.Центральна, 1, с.Новоукраїнка, Близнюківський р-н, Харківська обл., 64863","248","107","245","7","134","7","141","","0","134","7","141","11","130","1","12","95","10","12","28.10.12"
"630110","178","Харківська область","школа, спортивна зала, 1-й поверх
вул.Миру, 40, с.Олексіївка, Близнюківський р-н, Харківська обл., 64845","600","217","611","46","341","42","383","","0","341","42","383","13","370","8","64","245","33","20","29.10.12"
"630111","178","Харківська область","школа, фоє, 1-й поверх
вул.Шкільна, 21, с.Острівщина, Близнюківський р-н, Харківська обл., 64821","472","178","456","34","261","33","294","","0","261","33","294","9","285","5","17","223","25","15","28.10.12"
"630112","178","Харківська область","школа, актовий зал, 1-й поверх
вул.Центральна, 23, с.Радгоспне, Близнюківський р-н, Харківська обл., 64852","448","174","455","19","255","19","274","","0","255","19","274","8","266","3","46","162","44","11","28.10.12"
"630113","178","Харківська область","школа, спортивна зала, 1-й поверх
вул.Радянська, 51, с.Самійлівка, Близнюківський р-н, Харівська обл., 64840","472","211","465","27","236","25","261","","0","236","25","261","8","253","12","24","170","34","13","28.10.12"
"630114","178","Харківська область","школа, спортивна зала, 1-й поверх
вул.Леніна, 1А, с.Широке, Близнюківський р-н, Харківська обл., 64843","336","162","333","25","151","23","174","","0","151","23","174","3","171","6","7","133","17","8","28.10.12"
"630115","178","Харківська область","сільський клуб, актовий зал, 1-й поверх
пров.Чапаєва, 6, с.Верхньоводяне, Близнюківський р-н, Харківська обл., 64841","472","191","466","15","266","15","281","","0","266","15","281","14","267","7","11","161","47","41","28.10.12"
"630116","178","Харківська область","сільський клуб, хол, 1-й поверх
вул.Ватутіна, 88, с.Новоолександрівка, Близнюківський р-н, Харківська обл., 64842","288","109","258","21","158","21","179","","0","158","21","179","7","172","3","12","133","8","16","28.10.12"
"630117","178","Харківська область","школа, спортивна зала, 1-й поверх
вул.Центральна, 37, с.Семенівка, Близнюківський р-н, Харківська обл., 64810","384","149","389","27","208","27","235","","0","208","27","235","7","228","4","14","130","46","34","28.10.12"
"630118","178","Харківська область","школа, спортивна зала, 1-й поверх
вул.Миру, 22, с.Софіївка Перша, Близнюківський р-н, Харківська обл., 64871","712","228","716","73","411","73","484","","0","411","73","484","14","470","7","32","329","56","46","29.10.12"
"630119","178","Харківська область","сільський клуб, актовий зал, 1-й поверх
вул.Молодіжна, 4, с.Уплатне, Близнюківський р-н, Харківська обл., 64844","760","267","757","80","414","79","493","","0","414","79","493","13","480","8","36","305","69","62","28.10.12"
"630120","178","Харківська область","спортивна зала, к.1, 1-й поверх
вул.Комсомольська, 12, смт Близнюки, Близнюківський р-н, Харківська обл., 64801","1320","593","1276","41","689","38","727","","0","689","38","727","14","713","18","70","462","92","71","31.10.12"
"630121","178","Харківська область","Близнюківська центральна районна лікарня, 1-й поверх, фойє
вул. Калініна, 3, смт Близнюки, Близнюківський район, Харківська обл., 64801","104","64","43","3","37","3","40","","0","37","3","40","1","39","0","3","29","4","3","28.10.12"
"630709","178","Харківська область","школа, актова зала
вул.Старооскольська, школа, с.Берека, Первомайський р-н, Харківська обл., 64110","248","75","243","40","136","37","173","","0","136","37","173","11","162","2","7","104","18","31","28.10.12"
"630710","178","Харківська область","сільська рада, зал засідань
вул.Корнєва, 8, с.Берека, Первомайський р-н, Харківська обл., 64110","360","118","356","76","168","74","242","","0","168","74","242","4","238","2","7","184","15","30","28.10.12"
"630711","178","Харківська область","школа, кабінет біології к.3
вул.Желізнодорожна, 1Б, с-ще Комсомольське, Первомайський р-н, Харківська обл., 64111","616","227","606","35","358","31","389","","0","358","31","389","14","375","8","20","276","29","42","29.10.12"
"630712","178","Харківська область","сільська рада, актова зала
вул.Косінова, 41, с.Верхній Бишкин, Первомайський р-н, Харківська обл., 64120","200","68","193","49","90","42","132","","0","90","42","132","7","125","1","4","93","3","24","28.10.12"
"630713","178","Харківська область","школа, фойє
вул.Гагаріна, 33, с.Верхня Орілька, Первомайський р-н, Харківська обл., 64133","464","176","457","42","254","34","288","","0","254","34","288","14","274","5","20","150","55","44","28.10.12"
"630714","178","Харківська область","сільська рада, зал засідань
вул.Радянська, 4, с.Грушине, Первомайський р-н, Харківська обл., 64131","1032","335","1023","139","559","138","697","","0","559","138","697","12","685","6","22","475","51","131","28.10.12"
"630715","178","Харківська область","сільська рада, великий зал
вул.Леніна, 1А, с.Дмитрівка, Первомайський р-н, Харківська обл., 64130","376","75","362","97","204","97","301","","0","204","97","301","2","299","2","14","224","40","19","28.10.12"
"630716","178","Харківська область","сільська рада, фойє
вул.Красна, 30, с.Єфремівка, Первомайський р-н, Харківська обл., 64112","352","132","346","38","188","32","220","","0","188","32","220","9","211","2","9","140","15","45","29.10.12"
"630717","178","Харківська область","ТОВ ""АПК Більшовик"", зал засідань
вул.Гуторова, 7, с-ще Більшовик, Первомайський р-н, Харківська обл., 64113","824","310","808","63","458","56","514","","0","458","56","514","21","493","6","23","331","45","88","29.10.12"
"630718","178","Харківська область","школа, фойє
вул.Зелена, 9А, с.Новоберецьке, Первомайський р-н, Харківська обл., 64111","296","85","287","38","173","38","211","","0","173","38","211","7","204","1","7","179","2","15","28.10.12"
"630719","178","Харківська область","СТОВ АФ ""Україна Нова"", зал засідань
вул.Миру, 1, с.Закутнівка, Первомайський р-н, Харківська обл., 64150","632","254","628","64","316","62","378","","0","316","62","378","11","367","19","33","198","72","45","29.10.12"
"630720","178","Харківська область","райспоживспілка, великий зал
вул.Кооперативна, 60, с.Веселе, Первомайський р-н, Харківська обл., 64141","272","91","264","26","157","24","181","","0","157","24","181","12","169","5","3","122","14","25","28.10.12"
"630721","178","Харківська область","сільська рада, актова зала
вул.Центральна, 1, с.Картамиш, Первомайський р-н, Харківська обл., 64144","424","66","420","85","274","84","358","","0","274","84","358","6","352","6","13","307","4","22","28.10.12"
"630722","178","Харківська область","будинок культури, фойє
вул.Леніна, будинок культури, с.Киселі, Первомайський р-н, Харківська обл., 64121","424","142","420","56","233","49","282","","0","233","49","282","6","276","7","17","198","15","39","29.10.12"
"630723","178","Харківська область","сільська рада, великий зал
вул.Копцова, 1А, с.Красне, Первомайський р-н, Харківська обл., 64132","904","397","891","84","445","62","507","","0","445","62","507","24","483","9","22","359","28","65","29.10.12"
"630724","178","Харківська область","школа,актова зала
вул.Мироненко, 16, с.Миронівка, Первомайський р-н, Харківська обл., 64134","600","185","592","84","347","68","415","","0","347","68","415","17","398","5","25","310","23","35","30.10.12"
"630725","178","Харківська область","сільська рада, зал засідань
вул.Центральна, 2, с.Михайлівка, Первомайський р-н, Харківська обл., 64143","528","125","523","72","332","71","403","","0","332","71","403","9","394","5","15","345","9","20","28.10.12"
"630726","178","Харківська область","сільська рада, зал засідань
вул.Леніна, 53, с.Одрадове, Первомайський р-н, Харківська обл., 64142","480","149","477","71","266","65","331","","0","266","65","331","3","328","10","14","228","33","43","28.10.12"
"630727","178","Харківська область","школа, спортивний зал
вул.Кірова, 15, с.Олексіївка, Первомайський р-н, Харківська обл., 64122","1392","576","1373","172","655","161","816","","0","655","161","816","26","790","24","33","503","78","152","28.10.12"
"630728","178","Харківська область","навчально - виховний комплекс, спортивний зал
вул.Гагаріна, 3А, с-ще Правда, Первомайський р-н, Харківська обл., 64123","712","231","702","80","415","66","481","","0","415","66","481","12","469","14","25","334","26","70","28.10.12"
"630729","178","Харківська область","будинок культури, зал відпочинку
вул.Леніна, 4, с.Ржавчик, Первомайський р-н, Харківська обл., 64135","600","191","592","58","358","51","409","","0","358","51","409","13","396","14","22","245","40","75","28.10.12"
"630730","178","Харківська область","приміщення для проведення культурно - масових заходів, кімната для відпочинку
вул.Центральна, 129, с.Роздолля, Первомайський р-н, Харківська обл., 64151","472","158","455","50","267","47","314","","0","267","47","314","5","309","6","16","216","22","49","29.10.12"
"630731","178","Харківська область","будинок культури, великий зал
вул.Центральна, 57, с.Шульське, Первомайський р-н, Харківська обл., 64152","480","177","475","48","258","45","303","","0","258","45","303","7","296","3","17","200","12","64","29.10.12"
"630732","178","Харківська область","навчально - виховний комплекс, актова зала
вул.Лозівська, навчально - виховний комплекс, с-ще Біляївка, Первомайський р-н, Харківська обл., 64141","744","240","747","62","444","60","504","","0","444","60","504","16","488","5","24","336","30","93","28.10.12"
"630733","178","Харківська область","приміщення комплексного пункту, великий зал
вул.Ювілейна, приміщення комплексного пункту, с.Суданка, Первомайський р-н, Харківська обл., 64140","560","233","555","57","276","51","327","","0","276","51","327","6","321","3","20","246","12","40","29.10.12"
"631056","178","Харківська область","школа, фойє
вул.Пристанційна, 1, с.Сиваш, м.Первомайський, Харківська обл., 64107","448","167","449","31","251","30","281","","0","251","30","281","8","273","3","22","174","27","47","29.10.12"
"631057","178","Харківська область","школа №1, фойє
вул.Леніна, 12, м.Первомайський, Харківська обл., 64107","1296","676","1292","44","584","36","620","","0","584","36","620","19","601","11","34","377","59","120","29.10.12"
"631058","178","Харківська область","Первомайський райавтодор, каб.2
вул.Польова, 6, м.Первомайський, Харківська обл., 64107","408","188","405","21","201","19","220","","0","201","19","220","4","216","2","13","146","18","37","29.10.12"
"631059","178","Харківська область","гімназія №3, актова зала
вул.Радянська, 34, м.Первомайський, Харківська обл., 64107","1160","497","1146","70","611","52","663","","0","611","52","663","19","644","15","48","365","90","126","29.10.12"
"631060","178","Харківська область","школа №2, фойє
Перший-Другий мікрорайон, м.Первомайський, Харківська обл., 64102","2408","1131","2364","80","1214","63","1277","","0","1214","63","1277","52","1225","19","84","709","161","252","29.10.12"
"631061","178","Харківська область","КП ""Тепломережі"", актова зала
Перший-Другий мікрорайон, 35, м.Первомайський, Харківська обл., 64102","2064","981","2047","51","1040","43","1083","","0","1040","43","1083","31","1052","20","63","610","127","232","28.10.12"
"631062","178","Харківська область","буд. №56, кімната червоний куток
Перший-Другий мікрорайон, 56, м.Первомайський, Харківська обл., 64102","1848","1037","1800","25","791","20","811","","0","791","20","811","35","776","19","48","492","76","141","29.10.12"
"631063","178","Харківська область","школа №5, фойє
вул.Кіндратьєва, м.Первомайський, Харківська обл., 64105","2408","1174","2364","32","1207","27","1234","","0","1207","27","1234","35","1199","18","75","669","142","295","29.10.12"
"631064","178","Харківська область","школа №6, фойє
вул.Кіндратьєва, м.Первомайський, Харківська обл., 64105","2328","1121","2291","38","1177","30","1207","","0","1177","30","1207","32","1175","21","84","651","157","262","29.10.12"
"631065","178","Харківська область","професійний ліцей, фойє
вул.Жовтнева, 4А, м.Первомайський, Харківська обл., 64105","2064","972","2053","42","1056","36","1092","","0","1056","36","1092","48","1044","25","81","583","136","219","29.10.12"
"631066","178","Харківська область","школа №4, актова зала
вул.Кіндратьєва, м.Первомайський, Харківська обл., 64102","2376","1160","2342","41","1186","30","1216","","0","1186","30","1216","37","1179","24","86","632","163","274","29.10.12"
"631067","178","Харківська область","Палац культури ""Хімік"", фойє
просп.40 років Перемоги, 2, м.Первомайський, Харківська обл., 64102","2328","1156","2279","21","1156","16","1172","","0","1156","16","1172","32","1140","18","71","619","165","267","28.10.12"
"631068","178","Харківська область","школа №7, фойє
Четвертий мікрорайон, м.Первомайський, Харківська обл., 64102","2400","1125","2363","59","1222","53","1275","","0","1222","53","1275","47","1228","24","108","680","175","241","29.10.12"
"631069","178","Харківська область","школа №7, спортивна зала
Четвертий мікрорайон, м.Первомайський, Харківська обл., 64102","2192","1195","2155","18","984","13","997","","0","984","13","997","29","968","19","100","524","147","178","29.10.12"
"631070","178","Харківська область","Центральна районна лікарня, терапевтичний корпус, актова зала
вул.Жовтнева, 3(лікарня), м.Первомайський, Харківська обл., 64105","168","110","58","25","33","25","58","","0","33","25","58","1","57","3","4","37","5","8","29.10.12"
"631071","178","Харківська область","Виправна колонія №117, клуб, актова зала
м.Первомайський, Харківська обл., 64100","664","22","642","0","642","0","642","","0","642","0","642","5","637","2","7","613","9","6","29.10.12"
