"№ ВД","OBO","Назва регіону України","Місцезнаходження та адреса приміщення для голосування","1) К-сть одержаних бюлетенів","2) К-сть невикористаних бюлетенів","3) К-сть виборців, внесених до списку виборців","4) К-сть виборців, внесених до витягу зі списку виборців","5) К-сть виборців, які отримали бюлетені у приміщенні","6) К-сть виборців, які отримали за місцем перебування","7) Сумарна к-сть виборців, які отримали бюлетені","8) К-сть бюлетенів, що виявилися у кожній скринці","9) К-сть бюлетенів, що не підлягають врахуванню","10) К-сть виборців, які взяли участь у голос. у приміщенні для гол.","11) К-сть виборців, які взяли участь у голос. за місцем перебування","12) К-сть виборців, які взяли участь у голосуванні на виборчій дільниці","13) К-сть бюлетенів, визнаних недійсними","14) Сумарна к-сть голосів виборців ЗА","Беденко
Сергій
Олексійович","Васильєв
Микола
Валерійович","Остапчук
Віктор
Миколайович","Пивовар
Григорій
Вікторович","Ровчак
Андрій
Яковлевич","Рочняк
Сергій
Дмитрович","Фомичевський
Анатолій
Станіславович","Дата підписання протоколу"
"630166","177","Харківська область","районний будинок культури, фойє, 2-й поверх
вул.Миру, 19, смт Борова, Борівський р-н, Харківська обл., 63801","1744","791","1720","106","864","89","953","","0","864","89","953","34","919","3","6","471","9","289","19","122","29.10.12"
"630167","177","Харківська область","будинок дитячої та юнацької творчості, каб.8
вул.Миру, 12, смт Борова, Борівський р-н, Харківська обл., 63801","432","174","424","12","248","10","258","","0","248","10","258","6","252","4","2","109","0","109","3","25","28.10.12"
"630168","177","Харківська область","школа №1, малий зал
вул.Миру, 23, смт Борова, Борівський р-н, Харківська обл., 63801","1976","944","1931","29","1004","28","1032","","0","1004","28","1032","17","1015","4","8","577","5","334","14","73","28.10.12"
"630169","177","Харківська область","школа №2, зал №1
вул.Гагаріна, 49, смт Борова, Борівський р-н, Харківська обл., 63801","1104","467","1082","65","579","58","637","","0","579","58","637","17","620","2","9","335","7","170","14","83","29.10.12"
"630170","177","Харківська область","школа, коридор-фойє
пров.Шкільний, 1, с.Новоплатонівка, Борівський р-н, Харківська обл., 63808","328","102","321","34","192","34","226","","0","192","34","226","11","215","0","4","141","1","51","3","15","28.10.12"
"630171","177","Харківська область","школа, спортивний зал
вул.Центральна, 5, с.Шийківка, Борівський р-н, Харківська обл., 63809","480","207","475","38","236","37","273","","0","236","37","273","3","270","2","8","101","4","97","13","45","28.10.12"
"630172","177","Харківська область","школа, коридор-фойє
пров.Шкільний, 6, с.Богуславка, Борівський р-н, Харківська обл., 63810","1064","466","1047","68","536","62","598","","0","536","62","598","13","585","1","3","267","1","172","7","134","28.10.12"
"630173","177","Харківська область","сільський клуб, фойє
вул.Клубна, 1, с.Загризове, Борівський р-н, Харківська обл., 63811","376","131","372","37","208","37","245","","0","208","37","245","10","235","5","3","146","1","38","2","40","28.10.12"
"630174","177","Харківська область","школа, спортивний зал
вул.Молодіжна, 82, с.Вище Солоне, Борівський р-н, Харківська обл., 63830","312","101","313","15","196","15","211","","0","196","15","211","4","207","1","2","115","2","46","5","36","28.10.12"
"630175","177","Харківська область","кімната амбулаторії загальної практики сімейної медицини
вул.Леніна, 56А, с.Нижче Солоне, Борівський р-н, Харківська обл., 63831","288","77","283","22","189","22","211","","0","189","22","211","10","201","1","2","133","1","39","2","23","28.10.12"
"630176","177","Харківська область","сільська рада, кабінет сільського голови
вул.Центральна, 26, с.Гороховатка, Борівський р-н, Харківська обл., 63822","384","131","373","27","226","27","253","","0","226","27","253","6","247","2","0","139","3","83","1","19","28.10.12"
"630177","177","Харківська область","сільський клуб, фойє
вул.Радьківська, 10А, с.Бахтин, Борівський р-н, Харківська обл., 63822","312","146","298","15","152","14","166","","0","152","14","166","8","158","0","2","86","5","40","3","22","29.10.12"
"630178","177","Харківська область","школа, спортивний зал
вул.Шкільна, 9, с.Дружелюбівка, Борівський р-н, Харківська обл., 63841","360","139","352","41","181","40","221","","0","181","40","221","10","211","4","2","127","1","56","4","17","29.10.12"
"630179","177","Харківська область","школа, спортивний зал
пров.Партизанський, 11, с.Ізюмське, Борівський р-н, Харківська обл., 63840","472","219","471","14","239","14","253","","0","239","14","253","7","246","2","5","161","2","55","1","20","28.10.12"
"630180","177","Харківська область","сільська рада, обрядовий зал
вул.Кооперативна, 7, с-ще Першотравневе, Борівський р-н, Харківська обл., 63813","952","443","941","42","470","39","509","","0","470","39","509","16","493","4","6","313","8","96","16","50","28.10.12"
"630181","177","Харківська область","школа, актовий зал
вул.Григорія Запорожченка, 21А, с.Підвисоке, Борівський р-н, Харківська обл., 63820","552","149","546","46","358","45","403","","0","358","45","403","10","393","3","0","182","4","149","6","49","28.10.12"
"630182","177","Харківська область","школа, спортивна кімната
вул.Центральна, 59, с.Калинове, Борівський р-н, Харківська обл., 63820","144","23","145","18","103","18","121","","0","103","18","121","2","119","1","1","54","1","56","4","2","28.10.12"
"630183","177","Харківська область","будинок культури, фойє
вул.Радянська, 3А, с.Підлиман, Борівський р-н, Харківська обл., 63824","1072","469","1074","55","548","55","603","","0","548","55","603","25","578","7","11","321","9","149","15","66","29.10.12"
"630184","177","Харківська область","будинок культури, каб.1
вул.Леніна, 9, с.Піски-Радьківські, Борівський р-н, Харківська обл., 63832","832","334","805","59","446","52","498","","0","446","52","498","16","482","4","4","342","3","84","4","41","29.10.12"
"630185","177","Харківська область","адміністрація ЧДВСРП, актовий зал
пров.Шосейний, 6, с.Піски-Радьківські, Борівський р-н, Харківська обл., 63832","968","410","953","77","483","75","558","","0","483","75","558","48","510","4","11","353","6","89","9","38","29.10.12"
"630186","177","Харківська область","сільський клуб, глядацький зал
вул.Тараса Шевченка, 42, с.Маліївка, Борівський р-н, Харківська обл., 63833","144","44","140","9","93","7","100","","0","93","7","100","8","92","0","0","44","0","32","2","14","28.10.12"
"630187","177","Харківська область","будинок культури, фойє
вул.Центральна, 17, с.Чернещина, Борівський р-н, Харківська обл., 63842","520","155","517","16","349","16","365","","0","349","16","365","17","348","1","3","239","3","63","6","33","28.10.12"
"630473","177","Харківська область","сільський клуб, фойє
вул.Жовтнева, 5, с.Бражківка, Ізюмський р-н, Харківська обл., 64344","216","85","209","21","111","20","131","","0","111","20","131","5","126","1","2","75","2","31","5","10","28.10.12"
"630474","177","Харківська область","школа, фойє
вул.Шкільна, 5А, с.Бригадирівка, Ізюмський р-н, Харківська обл., 64330","296","106","296","16","177","13","190","","0","177","13","190","4","186","2","3","88","3","62","0","28","28.10.12"
"630475","177","Харківська область","сільській клуб, фойє
вул.Перемоги, 72, с.Бабенкове, Ізюмський р-н, Харківська обл., 64306","320","113","313","27","180","27","207","","0","180","27","207","2","205","1","2","149","0","37","6","10","29.10.12"
"630476","177","Харківська область","сільський клуб, к.2
вул.Мира, 106А, с.Липчанівка, Ізюмський р-н, Харківська обл., 64331","656","280","640","71","305","71","376","","0","305","71","376","6","370","0","1","177","1","126","6","59","28.10.12"
"630477","177","Харківська область","сільський клуб, к.2
вул.Зелена, 38Б, с.Федорівка, Ізюмський р-н, Харківська обл., 64331","184","30","186","10","144","10","154","","0","144","10","154","6","148","0","1","99","1","25","2","20","28.10.12"
"630478","177","Харківська область","навчально-виховний комплекс, фойє
пл.Центральна, 12, с.Бугаївка, Ізюмський р-н, Харківська обл., 64320","1120","266","1095","53","805","49","854","","0","805","49","854","7","847","0","0","61","4","756","10","16","29.10.12"
"630479","177","Харківська область","школа, актова зала
вул.Миру, 28Д, с.Вірнопілля, Ізюмський р-н, Харківська обл., 64370","576","216","563","37","326","34","360","","0","326","34","360","17","343","1","0","193","1","101","11","36","28.10.12"
"630480","177","Харківська область","сільський клуб, фойє
вул.Борисова, 53, с.Довгеньке, Ізюмський р-н, Харківська обл., 64371","560","217","549","39","307","36","343","","0","307","36","343","12","331","5","3","205","3","69","5","41","28.10.12"
"630481","177","Харківська область","сільський будинок культури, фойє
вул.Перемоги, 52, с.Заводи, Ізюмський р-н, Харківська обл., 64350","416","164","412","55","203","49","252","","0","203","49","252","6","246","5","0","95","3","106","13","24","28.10.12"
"630482","177","Харківська область","школа, фойє
вул.Шкільна, 1А, с.Червоний Шахтар, Ізюмський р-н, Харківська обл., 64351","312","111","301","24","181","20","201","","0","181","20","201","5","196","1","2","73","4","93","3","20","28.10.12"
"630483","177","Харківська область","сільський будинок культури, глядацька зала
вул.Шкільна, 16, с.Іванчуківка, Ізюмський р-н, Харківська обл., 64322","656","296","643","83","296","64","360","","0","296","64","360","17","343","5","4","197","7","99","7","24","28.10.12"
"630484","177","Харківська область","школа, їдальня
вул.Шкільна, 10А, с.Кам’янка, Ізюмський р-н, Харківська обл., 64341","1016","386","1009","55","582","48","630","","0","582","48","630","23","607","2","6","314","6","168","17","94","29.10.12"
"630485","177","Харківська область","школа, спортивна зала
вул.Перемоги, 2, с.Капитолівка, Ізюмський р-н, Харківська обл., 64319","1416","600","1402","83","744","72","816","","0","744","72","816","20","796","1","4","422","7","193","5","164","28.10.12"
"630486","177","Харківська область","сільський будинок культури, фойє
вул.Миру, 36В, с.Комарівка, Ізюмський р-н, Харківська обл., 64334","480","165","475","45","275","40","315","","0","275","40","315","12","303","2","1","171","1","92","5","31","28.10.12"
"630487","177","Харківська область","сільська рада, актова зала
вул.65-річчя Жовтня, 5А, с.Куньє, Ізюмський р-н, Харківська обл., 64323","552","217","538","48","294","41","335","","0","294","41","335","4","331","1","3","185","4","96","5","37","28.10.12"
"630488","177","Харківська область","сільський будинок культури, глядацька зала
вул.Леніна, 25А, с.Левківка, Ізюмський р-н, Харківська обл., 64332","616","260","602","52","306","50","356","","0","306","50","356","7","349","2","1","182","1","101","9","53","28.10.12"
"630489","177","Харківська область","сільський клуб, глядацька зала
вул.Шкільна, 21, с.Крамарівка, Ізюмський р-н, Харківська обл., 64333","640","295","626","68","283","62","345","","0","283","62","345","10","335","0","3","176","2","98","6","50","28.10.12"
"630490","177","Харківська область","школа, фойє
вул.Перемоги, 45, с.Мала Комишуваха, Ізюмський р-н, Харківська обл., 64342","176","58","175","16","105","13","118","","0","105","13","118","3","115","1","0","69","0","29","3","13","28.10.12"
"630491","177","Харківська область","сільський клуб, глядацька зала
вул.Трудова, 15А, с.Донецьке, Ізюмський р-н, Харківська обл., 64343","424","179","426","29","222","23","245","","0","222","23","245","15","230","5","1","134","1","67","0","22","28.10.12"
"630492","177","Харківська область","школа, фойє
вул.Перемоги, 8, с.Олександрівка, Ізюмський р-н, Харківська обл., 64321","528","226","525","67","239","63","302","","0","239","63","302","4","298","2","1","182","4","86","3","20","28.10.12"
"630493","177","Харківська область","сільський будинок культури, глядацька зала
вул.Пушкіна, 1, с.Студенок, Ізюмський р-н, Харківська обл., 64360","920","334","909","72","519","67","586","","0","519","67","586","17","569","3","6","351","9","98","19","83","28.10.12"
"630494","177","Харківська область","сільський клуб, глядацька зала
вул.Соціалістична, 2, с.Яремівка, Ізюмський р-н, Харківська обл., 64360","224","95","220","16","117","12","129","","0","117","12","129","7","122","1","1","60","2","36","6","16","29.10.12"
"630495","177","Харківська область","сільський будинок культури, фойє
вул.Радянська, 52Б, с.Червоний Оскіл, Ізюмський р-н, Харківська обл., 64340","2152","1116","1800","130","920","116","1036","","0","920","116","1036","30","1006","3","6","596","7","273","14","107","29.10.12"
"630496","177","Харківська область","навчально-виховний комплекс, спортивна зала
пл.Радянська, 6, с.Чистоводівка, Ізюмський р-н, Харківська обл., 64324","552","226","543","39","289","37","326","","0","289","37","326","7","319","1","0","219","3","78","5","13","28.10.12"
"630497","177","Харківська область","психоневрологічний інтернат, актова зала
вул.Лісна, 1, с.Червоний Оскіл, Ізюмський р-н, Харківська обл., 64340","408","109","338","39","279","20","299","","0","279","20","299","11","288","1","3","275","0","4","2","3","28.10.12"
"630602","177","Харківська область","сільський клуб, глядацька зала
вул.Центральна, 2, с.Просянка, Куп’янський р-н, Харківська обл., 63713","568","246","553","50","273","49","322","","0","273","49","322","12","310","0","4","185","5","73","17","26","28.10.12"
"630603","177","Харківська область","сільський клуб, хол
вул.Центральна, 121, с.Вишнівка, Куп’янський р-н, Харківська обл., 63710","184","79","179","7","98","7","105","","0","98","7","105","5","100","0","0","69","1","15","2","13","28.10.12"
"630604","177","Харківська область","Гусинська школа, кабінет №2
вул.1Травня, 4, с.Гусинка, Куп’янський р-н, Харківська обл., 63710","696","310","680","43","344","42","386","","0","344","42","386","10","376","10","4","253","2","42","8","57","28.10.12"
"630605","177","Харківська область","Моначинівська школа, спортзал
вул.Жердія, 27, с.Моначинівка, Куп’янський р-н, Харківська обл., 63712","576","208","564","37","336","32","368","","0","336","32","368","13","355","4","6","191","8","94","20","32","28.10.12"
"630606","177","Харківська область","Кіндрашівська школа, спортзал
вул.Радянська, 15, с.Кіндрашівка, Куп’янський р-н, Харківська обл., 63720","928","442","921","63","434","52","486","","0","434","52","486","18","468","2","6","210","7","100","73","70","29.10.12"
"630607","177","Харківська область","сільський клуб, глядацька зала
вул.Білгородська, сільський клуб, с.Московка, Куп’янський р-н, Харківська обл., 63721","504","201","493","63","240","63","303","","0","240","63","303","16","287","1","7","178","2","43","10","46","29.10.12"
"630608","177","Харківська область","Смородьківська школа, кабінет історії
вул.Куп’янська, 38, с.Смородьківка, Куп’янський р-н, Харківська обл., 63714","384","120","375","46","220","44","264","","0","220","44","264","7","257","5","0","180","2","27","12","31","28.10.12"
"630609","177","Харківська область","Нечволодівська школа, спортзал
пров.Шкільний, 7, с.Нечволодівка, Куп’янський р-н, Харківська обл., 63724","384","115","369","36","233","36","269","","0","233","36","269","11","258","2","4","185","0","15","3","49","28.10.12"
"630610","177","Харківська область","сільський клуб, хол
вул.Войнаральського, 11, с.Грушівка, Куп’янський р-н, Харківська обл., 63758","984","386","969","60","547","51","598","","0","547","51","598","31","567","8","6","275","5","145","23","105","29.10.12"
"630611","177","Харківська область","сільський клуб, глядацька зала
вул.Весняна, 15, с.Благодатівка, Куп’янський р-н, Харківська обл., 63758","304","133","296","19","153","18","171","","0","153","18","171","5","166","1","2","122","1","13","4","23","28.10.12"
"630612","177","Харківська область","сільський клуб, глядацька зала
вул.Мерзляка, 10, с.Петрівка, Куп’янський р-н, Харківська обл., 63733","608","257","581","38","315","36","351","","0","315","36","351","16","335","3","4","241","2","35","6","44","28.10.12"
"630613","177","Харківська область","Болдирівський ФАП, приймальна кімната
вул.Садова, 4А, с.Болдирівка, Куп’янський р-н, Харківська обл., 63733","152","67","151","10","75","10","85","","0","75","10","85","5","80","0","1","64","3","7","0","5","29.10.12"
"630614","177","Харківська область","будівля ВАТ Московський, хол
вул.Приоскільна, 49/2, с.Петрівка, Куп’янський р-н, Харківська обл., 63733","216","79","212","8","129","8","137","","0","129","8","137","4","133","0","2","81","2","25","8","15","29.10.12"
"630615","177","Харківська область","сільський клуб, глядацька зала
пл.Перемоги, 7, с.Пристін, Куп’янський р-н, Харківська обл., 63750","560","258","543","33","271","31","302","","0","271","31","302","16","286","0","2","154","5","95","9","21","28.10.12"
"630616","177","Харківська область","сільський клуб, глядацька зала
вул.Вишнева, 2, с.Сеньок, Куп’янський р-н, Харківська обл., 63750","96","38","94","11","48","10","58","","0","48","10","58","3","55","0","2","30","0","16","2","5","28.10.12"
"630617","177","Харківська область","сільська рада, актова зала
вул.Дружби, 22, с.Лісна Стінка, Куп’янський р-н, Харківська обл., 63750","376","147","366","19","211","18","229","","0","211","18","229","13","216","0","1","158","2","44","2","9","29.10.12"
"630618","177","Харківська область","сільський клуб, глядацька зала
вул.Травнева, 25, с.Біле, Куп’янський р-н, Харківська обл., 63756","160","57","152","17","86","17","103","","0","86","17","103","4","99","0","2","55","0","33","7","2","29.10.12"
"630619","177","Харківська область","ФАП с.Синиха, хол
вул.Перемоги, 26, с.Синиха, Куп’янський р-н, Харківська обл., 63756","216","83","218","14","121","12","133","","0","121","12","133","5","128","0","0","82","35","0","1","10","28.10.12"
"630620","177","Харківська область","Сеньківська школа, хол
пров.Шкільний, 1, с.Сенькове, Куп’янський р-н, Харківська обл., 63751","856","383","838","41","435","38","473","","0","435","38","473","17","456","4","9","280","10","110","15","28","29.10.12"
"630621","177","Харківська область","Кругляківська школа, спортзал
пров.Садовий, 3, с.Кругляківка, Куп’янський р-н, Харківська обл., 63753","872","381","852","69","424","67","491","","0","424","67","491","7","484","1","2","355","7","63","15","41","29.10.12"
"630622","177","Харківська область","сільський клуб, глядацька зала
вул.Колективна, 36Б, с.Колісниківка, Куп’янський р-н, Харківська обл., 63751","312","97","305","21","194","21","215","","0","194","21","215","5","210","3","3","134","9","35","3","23","28.10.12"
"630623","177","Харківська область","Глушківська школа, хол 1 поверху
вул.Соціалістична, 86, с.Глушківка, Куп’янський р-н, Харківська обл., 63751","776","353","736","39","384","39","423","","0","384","39","423","12","411","6","5","210","14","50","7","119","28.10.12"
"630624","177","Харківська область","сільський клуб, глядацька зала
вул.Лозова, 38А, с.Курилівка, Куп’янський р-н, Харківська обл., 63730","1784","830","1776","107","865","89","954","","0","865","89","954","32","922","12","6","660","7","90","22","125","28.10.12"
"630625","177","Харківська область","будинок культури, глядацька зала
вул.Шкільна, 2, с.Новоосинове, Куп’янський р-н, Харківська обл., 63732","1504","691","1491","48","779","34","813","","0","779","34","813","38","775","3","5","524","10","125","27","81","29.10.12"
"630626","177","Харківська область","Подолянська школа, спортзал
вул.Гагаріна, 1А, с.Подоли, Куп’янський р-н, Харківська обл., 63731","1840","915","1791","114","826","99","925","","0","826","99","925","51","874","8","9","606","11","117","26","97","29.10.12"
"630627","177","Харківська область","колишня їдальня, зал
колишня їдальня, с-ще Піщане, Куп’янський р-н, Харківська обл., 63730","128","44","118","13","71","13","84","","0","71","13","84","2","82","2","1","60","0","7","1","11","28.10.12"
"630628","177","Харківська область","Курилівський ліцей, ідальня
Курилівка 1, Курилівський ліцей, с.Курилівка, Куп’янський р-н, Харківська обл., 63730","880","416","868","9","458","6","464","","0","458","6","464","31","433","3","5","267","9","43","19","87","29.10.12"
"630629","177","Харківська область","Піщанська школа, спортивна зала
вул.Молодіжна, 68А, с.Піщане, Куп’янський р-н, Харківська обл., 63743","344","108","334","28","210","26","236","","0","210","26","236","6","230","6","2","143","2","47","7","23","29.10.12"
"630630","177","Харківська область","фельдшерсько-акушерський пункт с.Берестове, хол
вул.Центральна, фельдшерсько-акушерський пункт, с.Берестове, Куп’янський р-н, Харківська обл., 63743","136","30","130","9","97","9","106","","0","97","9","106","2","104","0","1","78","1","14","3","7","28.10.12"
"630631","177","Харківська область","Кислівська школа, хол 1 поверху
вул.Чуйкова, 7А, с.Кислівка, Куп’янський р-н, Харківська обл., 63742","744","301","730","90","364","79","443","","0","364","79","443","23","420","6","2","312","3","43","4","50","29.10.12"
"630632","177","Харківська область","Ягідненська школа, хол
вул.Шкільна, 10, с.Ягідне, Куп’янський р-н, Харківська обл., 63740","376","174","360","22","181","21","202","","0","181","21","202","4","198","1","2","101","1","57","8","28","28.10.12"
"630633","177","Харківська область","Новотарасівський фельдшерсько-акушерський пункт, хол
вул.Сморшка, 3/2, с.Нова Тарасівка, Куп’янський р-н, Харківська обл., 63740","152","42","142","14","96","14","110","","0","96","14","110","5","105","2","3","36","1","40","4","19","28.10.12"
"630634","177","Харківська область","Орлянський фельдшерсько-акушерський пункт, хол
вул.Молодіжна, 5, с.Орлянка, Куп’янський р-н, Харківська обл., 63740","160","73","152","8","81","6","87","","0","81","6","87","6","81","3","0","59","0","8","4","7","28.10.12"
"630635","177","Харківська область","сільський будинок культури, хол
вул.Червона, 38Б, с.Петропавлівка, Куп’янський р-н, Харківська обл., 63722","1216","506","1199","67","650","60","710","","0","650","60","710","19","691","11","12","431","9","96","18","114","29.10.12"
"630636","177","Харківська область","сільський клуб, глядацька зала
вул.Кірова, 64Б, с.Петропавлівка (Ляхівка), Куп’янський р-н, Харківська обл., 63722","680","301","670","42","342","37","379","","0","342","37","379","13","366","5","5","213","1","60","13","69","28.10.12"
"630637","177","Харківська область","сільський клуб, глядацька зала
вул.Праці, 22А, с.Синьківка, Куп’янський р-н, Харківська обл., 63722","296","133","279","22","143","20","163","","0","143","20","163","5","158","2","2","100","5","23","7","19","29.10.12"
"630638","177","Харківська область","сільський клуб, глядацька зала
вул.Радянська, 58А, с.Кучерівка, Куп’янський р-н, Харківська обл., 63722","512","177","506","44","292","43","335","","0","292","43","335","10","325","3","3","200","2","65","11","41","29.10.12"
"630915","177","Харківська область","ліцей, їдальня
вул.Радянська, 24, смт Шевченкове, Шевченківський р-н, Харківська обл., 63601","1576","724","1551","27","826","26","852","","0","826","26","852","26","826","11","5","408","7","286","33","76","29.10.12"
"630916","177","Харківська область","будинок культури, дискозал
вул.Ширяєва, 8, смт Шевченкове, Шевченківський р-н, Харківська обл., 63601","1544","613","1506","49","888","43","931","","0","888","43","931","23","908","6","7","451","7","303","24","110","29.10.12"
"630917","177","Харківська область","школа, їдальня
пров.Комсомольський, 12, смт Шевченкове, Шевченківський р-н, Харківська обл., 63601","1976","949","1952","86","944","83","1027","","0","944","83","1027","39","988","5","4","572","9","284","22","92","29.10.12"
"630918","177","Харківська область","житлово-комунальне господарство ДРІТ, актовий зал
вул.Ломоносова, 5, смт Шевченкове, Шевченківський р-н, Харківська обл., 63601","1008","535","965","29","445","28","473","","0","445","28","473","21","452","5","7","248","4","134","11","43","28.10.12"
"630919","177","Харківська область","клуб, актовий зал
вул.Леніна, 6, с.Раївка, Шевченківський р-н, Харківська обл., 63601","176","63","179","20","98","15","113","","0","98","15","113","5","108","2","2","51","1","38","0","14","28.10.12"
"630920","177","Харківська область","контора ПСП ""Україна"", фойє
вул.Радянська, 16, с.Троїцьке, Шевченківський р-н, Харківська обл., 63608","232","78","230","12","142","12","154","","0","142","12","154","3","151","0","7","77","1","45","5","16","29.10.12"
"630921","177","Харківська область","клуб, фойє
пров.Східний, 5, с.Первомайське, Шевченківський р-н, Харківська обл., 63601","360","158","353","13","192","10","202","","0","192","10","202","8","194","1","5","96","3","69","8","12","28.10.12"
"630922","177","Харківська область","клуб, актовий зал
вул.Індустріальна, 7, с.Огурцівка, Шевченківський р-н, Харківська обл., 63601","576","275","575","19","283","18","301","","0","283","18","301","16","285","4","2","141","7","87","14","30","29.10.12"
"630923","177","Харківська область","клуб, актовий зал
вул.Польова, 1, с.Верхньозорянське, Шевченківський р-н, Харківська обл., 63601","160","44","154","11","105","11","116","","0","105","11","116","5","111","0","0","76","2","23","1","9","28.10.12"
"630924","177","Харківська область","школа, фойє
вул.Миру, 35, с.Аркадівка, Шевченківський р-н, Харківська обл., 63612","448","195","444","48","205","48","253","","0","205","48","253","8","245","3","3","181","7","39","2","10","31.10.12"
"630925","177","Харківська область","сільська рада, актовий зал
вул.Центральна, 12, с.Безмятежне, Шевченківський р-н, Харківська обл., 63652","672","313","656","35","330","29","359","","0","330","29","359","22","337","6","4","187","5","67","7","61","29.10.12"
"630926","177","Харківська область","клуб, читальний зал
вул.Садова, 24, с.Миропілля, Шевченківський р-н, Харківська обл., 63652","216","50","215","27","139","27","166","","0","139","27","166","4","162","1","0","106","1","29","2","23","29.10.12"
"630927","177","Харківська область","школа, фойє
вул.Величка, 4А, с.Березівка, Шевченківський р-н, Харківська обл., 63662","280","99","274","23","161","20","181","","0","161","20","181","6","175","1","3","108","0","54","3","6","29.10.12"
"630928","177","Харківська область","школа, фойє
вул.40 років Перемоги, 27, с-ще Борівське, Шевченківський р-н, Харківська обл., 63661","672","261","653","26","386","25","411","","0","386","25","411","2","409","2","1","106","1","267","8","24","29.10.12"
"630929","177","Харківська область","школа, актовий зал
вул.Верхня, 6, с.Василенкове, Шевченківський р-н, Харківська обл., 63620","536","211","524","54","274","51","325","","0","274","51","325","10","315","2","7","186","7","66","14","33","29.10.12"
"630930","177","Харківська область","сільська рада, зал засідань
вул.40-річчя Перемоги, 83, с.Великі Хутори, Шевченківський р-н, Харківська обл., 63611","552","208","540","43","303","41","344","","0","303","41","344","10","334","0","9","227","2","54","3","39","28.10.12"
"630931","177","Харківська область","школа, спортзал
вул.Семененко, 9, с.Волоська Балаклія, Шевченківський р-н, Харківська обл., 63660","584","242","567","54","289","53","342","","0","289","53","342","7","335","4","2","149","1","144","9","26","29.10.12"
"630932","177","Харківська область","школа, їдальня
вул.Шкільна, 27, с.Гетьманівка, Шевченківський р-н, Харківська обл., 63621","776","381","758","59","338","57","395","","0","338","57","395","19","376","5","4","251","7","68","12","29","28.10.12"
"630933","177","Харківська область","школа, спортзал
вул.Шкільна, 1Б, с.Нижній Бурлук, Шевченківський р-н, Харківська обл., 63610","288","120","284","21","149","19","168","","0","149","19","168","4","164","0","4","113","0","35","3","9","28.10.12"
"630934","177","Харківська область","школа, фойє
вул.Свердлова, 150, с.Новомиколаївка, Шевченківський р-н, Харківська обл., 63630","592","220","584","50","323","49","372","","0","323","49","372","13","359","2","2","257","1","77","4","16","28.10.12"
"630935","177","Харківська область","школа, фойє
вул.Шкільна, 15, с.Петрівка, Шевченківський р-н, Харківська обл., 63614","560","276","549","22","263","21","284","","0","263","21","284","13","271","0","6","113","4","121","8","19","28.10.12"
"630936","177","Харківська область","клуб, актовий зал
вул.Колонна, 41, с.Гроза, Шевченківський р-н, Харківська обл., 63609","520","203","512","33","285","32","317","","0","285","32","317","5","312","4","3","219","2","57","3","24","29.10.12"
"630937","177","Харківська область","школа, к.1
вул.Центральна, 81, с.Петропілля, Шевченківський р-н, Харківська обл., 63650","552","247","538","43","262","43","305","","0","262","43","305","7","298","1","4","213","4","53","3","20","29.10.12"
"630938","177","Харківська область","сільська рада, актовий зал
вул.Петровського, 45А, с.Семенівка, Шевченківський р-н, Харківська обл., 63640","560","242","559","54","265","53","318","","0","265","53","318","8","310","3","4","189","1","86","11","16","29.10.12"
"630939","177","Харківська область","школа, фойє
вул.Кропивницького, 34, с.Сподобівка, Шевченківський р-н, Харківська обл., 63670","416","163","407","13","240","13","253","","0","240","13","253","6","247","1","3","183","3","44","3","10","28.10.12"
"630940","177","Харківська область","сільська рада, зал засідань
вул.40 років Перемоги, 102, с.Старовірівка, Шевченківський р-н, Харківська обл., 63631","1024","447","1005","72","508","69","577","","0","508","69","577","15","562","6","2","311","6","170","10","57","29.10.12"
"630941","177","Харківська область","школа №5, актова зала
просп.Леніна, 57, м.Ізюм, Харківська обл., 64300","2040","1076","1994","24","941","23","964","","0","941","23","964","25","939","6","7","436","15","234","20","221","29.10.12"
"630942","177","Харківська область","міський Палац культури, фойє, 1-й поверх
просп.Леніна, 64, м.Ізюм, Харківська обл., 64300","1600","789","1567","19","797","14","811","","0","797","14","811","18","793","3","3","382","8","167","9","221","29.10.12"
"630943","177","Харківська область","міський Палац культури, фойє, 1-й поверх
просп.Леніна, 64, м.Ізюм, Харківська обл., 64300","2222","1083","2197","36","1112","27","1139","","0","1112","27","1139","33","1106","3","8","504","25","296","18","252","29.10.12"
"630944","177","Харківська область","будинок дитячої творчості, хол
вул.Пушкінська, 65, м.Ізюм, Харківська обл., 64300","1936","934","1896","52","958","44","1002","","0","957","44","1001","32","969","2","4","441","18","251","20","233","29.10.12"
"630945","177","Харківська область","гімназія №3, хол, 1-й поверх
вул.Капітана Орлова, 5А, м.Ізюм, Харківська обл., 64300","2048","1058","2008","17","980","10","990","","0","980","10","990","31","959","2","4","449","13","271","9","211","29.10.12"
"630946","177","Харківська область","Ізюмський медичний коледж, актова зала
вул.Старопоштова, 41, м.Ізюм, Харківська обл., 64300","1744","911","1714","38","799","34","833","","0","799","34","833","24","809","2","4","362","11","180","19","231","29.10.12"
"630947","177","Харківська область","школа №4, актова зала
вул.Старопоштова, 22, м.Ізюм, Харківська обл., 64300","1872","884","1829","38","953","35","988","","0","953","35","988","23","965","2","4","431","19","280","12","217","29.10.12"
"630948","177","Харківська область","КДК ""Спартак"", хол, 1-й поверх
пл.Центральна, 2, м.Ізюм, Харківська обл., 64300","1800","826","1778","38","941","33","974","","0","941","33","974","26","948","7","0","494","10","228","18","191","29.10.12"
"630949","177","Харківська область","гімназія №1, хол, 1-й поверх
вул.Соборна, 1, м.Ізюм, Харківська обл., 64300","2008","1013","1979","41","961","34","995","","0","961","34","995","35","960","1","5","507","7","227","13","200","29.10.12"
"630950","177","Харківська область","ТОВ ""Ізюмський агрошляхбуд"", хол
вул.Леваневського, 54, м.Ізюм, Харківська обл., 64300","1848","829","1826","53","977","42","1019","","0","977","42","1019","34","985","0","6","453","17","263","18","228","29.10.12"
"630951","177","Харківська область","ДП ""Ізюмський лісгосп"", червоний уголок, 2-й поверх
вул.Ентузіастів, 23, м.Ізюм, Харківська обл., 64300","1408","736","1380","15","659","13","672","","0","659","13","672","17","655","0","3","293","9","196","12","142","29.10.12"
"630952","177","Харківська область","школа №6, актова зала
вул.Червонопрапорна, 26, м.Ізюм, Харківська обл., 64300","2360","1246","2327","22","1095","19","1114","","0","1095","19","1114","30","1084","4","4","454","24","293","16","289","29.10.12"
"630953","177","Харківська область","філія ""Ізюмський райавтодор"", хол
вул.Шмідта, 54А, м.Ізюм, Харківська обл., 64300","2400","1351","2357","33","1027","22","1049","","0","1027","22","1049","49","1000","6","3","434","29","288","15","225","29.10.12"
"630954","177","Харківська область","будинок культури ""Сучасник"", хол, 1-й поверх
вул.Московська, 39, м.Ізюм, Харківська обл., 64300","1984","1045","1970","18","926","13","939","","0","926","13","939","26","913","2","3","413","13","287","14","181","29.10.12"
"630955","177","Харківська область","школа №2, хол
вул.Кірова, 12, м.Ізюм, Харківська обл., 64300","1816","961","1784","26","832","23","855","","0","832","23","855","33","822","2","2","441","14","228","16","119","29.10.12"
"630956","177","Харківська область","школа №10, хол
вул.Чапаєва, 134, м.Ізюм, Харківська обл., 64300","2064","1258","2032","29","783","23","806","","0","783","23","806","29","777","6","5","395","15","218","15","123","29.10.12"
"630957","177","Харківська область","палац молоді та підлітків ""Залізничник"", хол, 2-й поверх
в’їзд Ювілейний, 3, м.Ізюм, Харківська обл., 64300","1312","713","1314","16","584","15","599","","0","584","15","599","11","588","2","2","342","2","142","6","92","29.10.12"
"630958","177","Харківська область","Ізюмська дистанція колії, червоний уголок
вул.Київська, 1, м.Ізюм, Харківська обл., 64300","1768","895","1739","35","844","29","873","","0","844","29","873","33","840","4","3","509","6","175","9","134","29.10.12"
"630959","177","Харківська область","школа №12, спортивна зала, 1-й поверх
вул.Педагогічна, 4, м.Ізюм, Харківська обл., 64300","2200","1173","2173","38","998","29","1027","","0","998","29","1027","36","991","6","5","523","12","211","26","208","29.10.12"
"630960","177","Харківська область","Ізюмський професійний ліцей, актова зала
вул.Лізи Чайкіної, 24, м.Ізюм, Харківська обл., 64300","2096","1091","2070","23","986","19","1005","","0","986","19","1005","36","969","4","3","529","12","230","9","182","29.10.12"
"630961","177","Харківська область","школа №11, актова зала, 1-й поверх
вул.Петровського, 35А, м.Ізюм, Харківська обл., 64300","2144","1127","2109","27","994","23","1017","","0","994","23","1017","38","979","6","6","502","9","267","7","182","29.10.12"
"630962","177","Харківська область","школа №11, хол, 1-й поверх
вул.Петровського, 35А, м.Ізюм, Харківська обл., 64300","2136","1256","2112","25","863","17","880","","0","863","17","880","32","848","3","7","451","11","169","10","197","29.10.12"
"630963","177","Харківська область","міська центральна лікарня, хол, 1-й поверх
пров.Залікарняний, 2, м.Ізюм, Харківська обл., 64300","408","358","52","24","27","23","50","","0","27","23","50","3","47","0","0","29","0","12","1","5","28.10.12"
"630964","177","Харківська область","протитуберкульозний диспансер, актова зала
вул.Ентузіастів, 104, м.Ізюм, Харківська обл., 64300","104","85","24","1","18","1","19","","0","18","1","19","0","19","0","0","13","1","4","0","1","28.10.12"
"630965","177","Харківська область","міський будинок культури, хол, 1-й поверх
пров.Радянський, 2, м.Куп’янськ, Харківська обл., 63701","1808","834","1772","61","927","47","974","","0","927","47","974","31","943","6","5","503","6","209","27","187","28.10.12"
"630966","177","Харківська область","школа №1, хол, 1-й поверх
вул.1 Травня, 24, м.Куп’янськ, Харківська обл., 63705","1832","898","1781","46","897","37","934","","0","897","37","934","51","883","4","11","419","6","167","29","247","29.10.12"
"630967","177","Харківська область","медичний коледж, актова зала, 1-й поверх
вул.1 Травня, 26, м.Куп’янськ, Харківська обл., 63705","1920","831","1903","52","1047","42","1089","","0","1046","42","1088","49","1039","4","8","525","12","213","43","234","29.10.12"
"630968","177","Харківська область","школа №6, актова зала, 2-й поверх
вул.Гоголя, 4, м.Куп’янськ, Харківська обл., 63705","1792","800","1748","77","937","55","992","","0","937","55","992","44","948","5","7","428","9","177","37","285","29.10.12"
"630969","177","Харківська область","професійний аграрний ліцей, актова зала, 2-й поверх
вул.Сидоренка, 9, м.Куп’янськ, Харківська обл., 63705","1480","768","1472","43","678","34","712","","0","678","34","712","24","688","4","10","347","12","152","33","130","29.10.12"
"630970","177","Харківська область","професійний ліцей, хол, 1-й поверх
вул.Ювілейна, 4, м.Куп’янськ, Харківська обл., 63705","1304","753","1284","17","536","15","551","","0","536","15","551","26","525","1","3","307","6","100","15","93","29.10.12"
"630971","177","Харківська область","управління агропромислового комплексу, актова зала, 1-й поверх
вул.Садова, 52, м.Куп’янськ, Харківська обл., 63701","1600","871","1587","56","679","50","729","","0","679","50","729","30","699","5","4","424","4","112","31","119","29.10.12"
"630972","177","Харківська область","гімназія №1, спортивна зала, 1-й поверх
вул.Харківська, 26, м.Куп’янськ, Харківська обл., 63701","4296","3122","2274","153","1050","124","1174","","0","1050","124","1174","2","1172","8","8","631","10","298","39","178","29.10.12"
"630973","177","Харківська область","школа №4, спортивна зала, 1-й поверх
мікрорайон Ювілейний, м.Куп’янськ, Харківська обл., 63707","2336","1192","2293","28","1124","20","1144","","0","1124","20","1144","42","1102","8","6","646","8","220","38","176","29.10.12"
"630974","177","Харківська область","учбовий корпус автотранспортного коледжу, актова зала, 2-й поверх
вул.Комсомольська, 34, м.Куп’янськ, Харківська обл., 63701","2184","1106","2150","96","998","80","1078","","0","998","80","1078","70","1008","13","15","551","16","199","35","179","28.10.12"
"630975","177","Харківська область","гуртожиток автотранспортного коледжу, спортивна зала, 1-й поверх
вул.Комсомольська, 51, м.Куп’янськ, Харківська обл., 63701","928","537","954","28","369","22","391","","0","369","22","391","15","376","0","2","213","4","63","21","73","29.10.12"
"630976","177","Харківська область","навчально-виховний комплекс №2, хол, 2-й поверх
вул.3-я Цукрозаводська, 5, м.Куп’янськ, Харківська обл., 63702","2296","1152","2246","58","1094","50","1144","","0","1094","50","1144","52","1092","5","11","521","14","212","41","288","28.10.12"
"630977","177","Харківська область","ЗАТ ""Куп’янський молочноконсервний комбінат"", актова зала, 1-й поверх
вул.Ломоносова, 26, м.Куп’янськ, Харківська обл., 63702","1816","942","1796","82","813","61","874","","0","813","61","874","49","825","7","6","463","2","146","24","177","29.10.12"
"630978","177","Харківська область","будинок відпочинку локомотивних бригад, актова зала, 1-й поверх
вул.Красна, 212, м.Куп’янськ, Харківська обл., 63706","1168","489","1155","46","646","33","679","","0","646","33","679","27","652","6","5","515","4","46","9","67","28.10.12"
"630979","177","Харківська область","навчально-виховний комплекс №7, хол, 1-й поверх
вул.Жуковського, 10, смт Куп’янськ-Вузловий, м.Куп’янськ, Харківська обл., 63706","1024","386","1015","44","594","44","638","","0","594","44","638","16","622","1","2","505","2","44","13","55","29.10.12"
"630980","177","Харківська область","спортивний клуб ""Локомотив"", спортивна зала, 1-й поверх
вул.Печериці, 15, смт Куп’янськ-Вузловий, м.Куп’янськ, Харківська обл., 63709","1936","791","1889","31","1114","31","1145","","0","1114","31","1145","36","1109","5","4","907","6","87","9","91","28.10.12"
"630981","177","Харківська область","ВАТ ""Будтехнологія-Н"", кабінет директора, 2-й поверх
вул.Силікатна, 1, смт Куп’янськ-Вузловий, м.Куп’янськ, Харківська обл., 63709","640","280","643","39","324","36","360","","0","324","36","360","16","344","2","2","266","2","31","5","36","29.10.12"
"630982","177","Харківська область","Куп’янськ-Вузловська дистанції колії, червоний куточок, 1-й поверх
площа Радянська, 10, смт Куп’янськ-Вузловий, м.Куп’янськ, Харківська обл., 63709","912","342","880","31","540","30","570","","0","540","30","570","19","551","5","3","442","4","51","11","35","28.10.12"
"630983","177","Харківська область","будівельно-монтажне експлуатаційне управління-4, червоний куточок, 2-й поверх
вул.Авіаційна, 1Б, смт Куп’янськ-Вузловий, м.Куп’янськ, Харківська обл., 63709","840","332","833","31","478","30","508","","0","478","30","508","13","495","4","3","397","4","34","8","45","28.10.12"
"630984","177","Харківська область","гімназія №3, хол, 1-й поверх
вул.Комарова, 1, смт Куп’янськ-Вузловий, м.Куп’янськ, Харківська обл., 63709","1336","497","1326","11","830","9","839","","0","830","9","839","29","810","3","9","651","4","60","14","69","29.10.12"
"630985","177","Харківська область","будинок науки і техніки, лекційна зала, 2-й поверх
вул.Дарвіна, 33, смт Куп’янськ-Вузловий, м.Куп’янськ, Харківська обл., 63709","1160","419","1138","35","711","30","741","","0","711","30","741","28","713","2","1","571","3","39","12","85","29.10.12"
"630986","177","Харківська область","навчальний корпус вищого професійного училища №27, хол, 1-й поверх
смт Ківшарівка, м.Куп’янськ, Харківська обл., 63734","1528","789","1515","33","716","23","739","","0","716","23","739","40","699","4","3","460","4","109","15","104","29.10.12"
"630987","177","Харківська область","учбово-виробничий комплекс ""Вогник"", актова зала, 1-й поверх
смт Ківшарівка, м.Куп’янськ, Харківська обл., 63734","1800","943","1759","45","812","45","857","","0","812","45","857","33","824","7","4","500","11","140","21","141","29.10.12"
"630988","177","Харківська область","1Б, хол, 1-й поверх
смт Ківшарівка, м.Куп’янськ, Харківська обл., 63734","1792","1213","1763","21","561","18","579","","0","561","18","579","34","545","1","7","334","6","60","12","125","28.10.12"
"630989","177","Харківська область","палац культури ім. В.І. Кошелєва, хол, 1-й поверх
смт Ківшарівка, м.Куп’янськ, Харківська обл., 63736","2088","1169","2051","19","902","17","919","","0","902","17","919","35","884","2","7","577","10","101","30","157","28.10.12"
"630990","177","Харківська область","гімназія №2, хол, 1-й поверх
смт Ківшарівка, м.Куп’янськ, Харківська обл., 63736","1552","858","1538","14","681","13","694","","0","681","13","694","25","669","8","5","422","8","99","26","101","29.10.12"
"630991","177","Харківська область","гімназія №2, спортивна зала, 1-й поверх
смт Ківшарівка, м.Куп’янськ, Харківська обл., 63736","1416","805","1391","9","605","6","611","","0","605","6","611","26","585","4","9","354","9","100","20","89","28.10.12"
"630992","177","Харківська область","фізкультурно-оздоровчий комплекс, спортивна зала, 1-й поверх
смт Ківшарівка, м.Куп’янськ, Харківська обл., 63734","1688","918","1656","27","747","23","770","","0","747","23","770","23","747","4","5","483","5","115","19","116","31.10.12"
"630993","177","Харківська область","школа №11, актова зала, 2-й поверх
смт Ківшарівка, м.Куп’янськ, Харківська обл., 63734","1704","842","1669","36","829","33","862","","0","829","33","862","37","825","6","5","515","7","94","32","166","28.10.12"
"630994","177","Харківська область","школа №12, актова зала, 2-й поверх
смт Ківшарівка, м.КУп’янськ, Харківська обл., 63734","1792","1016","1742","27","751","25","776","","0","751","25","776","48","728","3","7","430","6","100","28","154","28.10.12"
"630995","177","Харківська область","центральна міська лікарня, хол, 1-й поверх
вул.Лікарняна, 2, м.Куп’янськ, Харківська обл., 63701","208","148","100","38","24","36","60","","0","24","36","60","4","56","0","0","36","0","11","5","4","30.10.12"
"630996","177","Харківська область","Обласний протитуберкульозний диспансер №5, кабінет лікарського прийому, 1-й поверх
вул.Леніна, 101, м.Куп’янськ, Харківська обл., 63705","56","12","44","0","44","0","44","","0","44","0","44","2","42","3","0","23","0","9","3","4","28.10.12"
"630997","177","Харківська область","відділкова лікарня станції Куп’янськ, актова зала, 2-й поверх
вул.Кірова, 26, смт Куп’янськ-Вузловий, м.Куп’янськ, Харківська обл., 63709","56","9","47","11","36","11","47","","0","36","11","47","1","46","0","1","33","0","7","1","4","28.10.12"
"630998","177","Харківська область","міська лікарня, хол
смт Ківшарівка, м.Куп’янськ, Харківська обл., 63734","104","25","80","16","63","16","79","","0","63","16","79","2","77","1","3","54","3","9","1","6","28.10.12"
