"№ ВД","OBO","Назва регіону України","Місцезнаходження та адреса приміщення для голосування","1) К-сть одержаних бюлетенів","2) К-сть невикористаних бюлетенів","3) К-сть виборців, внесених до списку виборців","4) К-сть виборців, внесених до витягу зі списку виборців","5) К-сть виборців, які отримали бюлетені у приміщенні","6) К-сть виборців, які отримали за місцем перебування","7) Сумарна к-сть виборців, які отримали бюлетені","8) К-сть бюлетенів, що виявилися у кожній скринці","9) К-сть бюлетенів, що не підлягають врахуванню","10) К-сть виборців, які взяли участь у голос. у приміщенні для гол.","11) К-сть виборців, які взяли участь у голос. за місцем перебування","12) К-сть виборців, які взяли участь у голосуванні на виборчій дільниці","13) К-сть бюлетенів, визнаних недійсними","14) Сумарна к-сть голосів виборців ЗА","Ковшов
Михайло
Геннадійович","Мілейко
Володимир
Володимирович","Слєпцов
Микола
Миколайович","Тихонов
Віктор
Миколайович","Холопов
Олександр
Володимирович","Шакун
Сергій
Вікторович","Юник
Володимир
Йосипович","Дата підписання протоколу"
"000001","113","Луганська область","корпусне відділення № 2, 1 поверх
вул.Кірова, 65, м.Старобільськ, Луганська обл., 92700","912","240","672","0","672","0","672","","0","672","0","672","81","591","32","32","25","443","10","18","31","29.10.12"
"440065","113","Луганська область","районний будинок культури, фойє
пл.Горького, 8, смт Білокуракине, Білокуракинський р-н, Луганська обл., 92200","2264","953","2224","107","1216","95","1311","","0","1216","95","1311","49","1262","52","12","107","687","20","135","249","29.10.12"
"440066","113","Луганська область","гідродільниця, актова зала
вул.Чапаєва, 2, смт Білокуракине, Білокуракинський р-н, Луганська обл., 92200","1432","545","1416","77","810","77","887","","0","810","77","887","35","852","48","5","44","482","9","70","194","29.10.12"
"440067","113","Луганська область","сільський будинок культури ""Дружба"", фойє
вул.Чапаєва, 222, смт Білокуракине, Білокуракинський р-н, Луганська обл., 92200","1992","863","1964","127","1014","115","1129","","0","1014","115","1129","38","1091","48","21","80","607","13","113","209","29.10.12"
"440068","113","Луганська область","сільський клуб ""Рассвєт"", фойє
вул.Тимірязєва, 56, смт Білокуракине, Білокуракинський р-н, Луганська обл., 92200","536","144","531","79","317","75","392","","0","317","75","392","18","374","4","8","18","256","2","25","61","29.10.12"
"440069","113","Луганська область","школа, фойє
школа, с.Олексіївка, Білокуракинський р-н, Луганська обл., 92242","464","151","460","27","287","26","313","","0","287","26","313","15","298","10","0","26","184","7","15","56","28.10.12"
"440070","113","Луганська область","сільський клуб, фойє
сільський клуб, с.Заїківка, Білокуракинський р-н, Луганська обл., 92243","192","47","181","14","131","14","145","","0","131","14","145","7","138","2","3","10","93","0","8","22","29.10.12"
"440071","113","Луганська область","школа, фойє
школа, с.Луб’янка, Білокуракинський р-н, Луганська обл., 92243","336","121","323","14","202","13","215","","0","202","13","215","9","206","17","3","13","114","2","18","39","29.10.12"
"440072","113","Луганська область","сільський будинок культури, фойє
сільський будинок культури, с.Нещеретове, Білокуракинський р-н, Луганська обл., 92252","968","329","959","79","569","70","639","","0","569","70","639","24","615","20","8","22","415","3","48","99","29.10.12"
"440073","113","Луганська область","сільський клуб, фойє
сільський клуб, с.Паньківка, Білокуракинський р-н, Луганська обл., 92253","416","118","410","47","258","40","298","","0","258","40","298","13","285","11","5","18","177","3","35","36","28.10.12"
"440074","113","Луганська область","сільський клуб, фойє
сільський клуб, с.Цілуйкове, Білокуракинський р-н, Луганська обл., 92253","272","63","262","30","181","28","209","","0","181","28","209","8","201","6","3","28","137","2","17","8","29.10.12"
"440075","113","Луганська область","сільський будинок культури, фойє
сільський будинок культури, с.Лизине, Білокуракинський р-н, Луганська обл., 92250","384","101","374","28","256","27","283","","0","256","27","283","11","272","6","1","11","121","0","120","13","29.10.12"
"440076","113","Луганська область","сільський клуб, фойє
сільський клуб, с.Шапарівка, Білокуракинський р-н, Луганська обл., 92251","344","68","338","36","240","36","276","","0","240","36","276","9","267","5","9","3","186","1","35","28","28.10.12"
"440077","113","Луганська область","сільський будинок культури, фойє
сільський будинок культури, с.Бунчуківка, Білокуракинський р-н, Луганська обл., 92241","312","89","299","23","201","22","223","","0","201","22","223","7","216","6","4","7","123","2","12","62","29.10.12"
"440078","113","Луганська область","сільський клуб, фойє
сільський клуб, с.Грицаївка, Білокуракинський р-н, Луганська обл., 92241","72","31","65","0","41","0","41","","0","41","0","41","7","34","0","1","4","25","0","1","3","28.10.12"
"440079","113","Луганська область","сільський клуб, актова зала
сільський клуб, с.Дем’янівка, Білокуракинський р-н, Луганська обл., 92240","536","176","526","25","337","23","360","","0","337","23","360","20","340","8","7","23","234","4","15","49","28.10.12"
"440080","113","Луганська область","школа, учбове приміщення
школа, с.Коноплянівка, Білокуракинський р-н, Луганська обл., 92240","232","72","229","19","144","16","160","","0","144","16","160","7","153","3","4","6","120","1","7","12","29.10.12"
"440081","113","Луганська область","сільський будинок культури, фойє
сільський будинок культури, с.Павлівка, Білокуракинський р-н, Луганська обл., 92222","800","335","784","46","422","43","465","","0","422","43","465","23","442","17","13","32","258","1","21","100","29.10.12"
"440082","113","Луганська область","сільський клуб, фойє
сільський клуб, с.Стативчине, Білокуракинський р-н, Луганська обл., 92223","160","48","159","12","103","9","112","","0","103","9","112","8","104","0","3","11","70","0","12","8","28.10.12"
"440083","113","Луганська область","сільський будинок культури, фойє
сільський будинок культури, с.Курячівка, Білокуракинський р-н, Луганська обл., 92232","608","196","592","84","332","80","412","","0","332","80","412","31","381","10","9","6","261","5","15","75","29.10.12"
"440084","113","Луганська область","сільський клуб, фойє
сільський клуб, с.Попівка, Білокуракинський р-н, Луганська обл., 92233","240","82","234","15","144","14","158","","0","144","14","158","6","152","8","2","7","78","1","9","47","29.10.12"
"440085","113","Луганська область","сільська рада, фойє
сільська рада, с.Просторе, Білокуракинський р-н, Луганська обл., 92230","552","220","544","44","289","43","332","","0","289","43","332","12","320","6","1","14","167","2","59","71","29.10.12"
"440086","113","Луганська область","сільський клуб, актова зала
сільський клуб, с.Плахо-Петрівка, Білокуракинський р-н, Луганська обл., 92231","272","76","268","21","175","21","196","","0","175","21","196","9","187","12","7","5","94","3","31","35","28.10.12"
"440087","113","Луганська область","школа, вестибюль
школа, с.Тимошине, Білокуракинський р-н, Луганська обл., 92215","768","554","372","36","183","31","214","","0","183","31","214","11","203","7","6","10","119","3","13","45","28.10.12"
"440088","113","Луганська область","їдальня, к.2
їдальня, с.Чабанове, Білокуракинський р-н, Луганська обл., 92212","48","19","41","2","28","1","29","","0","28","1","29","2","27","0","0","2","17","0","2","6","29.10.12"
"440089","113","Луганська область","школа, фойє
школа, с.Олександропіль, Білокуракинський р-н, Луганська обл., 92220","360","117","349","22","222","21","243","","0","222","21","243","13","230","10","4","6","186","2","8","14","29.10.12"
"440090","113","Луганська область","школа-сад, фойє
школа-сад, с.Романівка, Білокуракинський р-н, Луганська обл., 92221","96","40","95","5","52","4","56","","0","52","4","56","3","53","0","3","3","36","1","0","10","29.10.12"
"440091","113","Луганська область","сільський будинок культури, фойє
сільський будинок культури, с-ще Червоноармійське, Білокуракинський р-н, Луганська обл., 92212","600","234","577","41","328","38","366","","0","328","38","366","39","327","3","4","27","253","1","6","33","29.10.12"
"440092","113","Луганська область","сільський клуб, актова зала
сільський клуб, с.Солідарне, Білокуракинський р-н, Луганська обл., 92213","742","455","430","22","269","18","287","","0","269","18","287","34","253","13","13","7","163","3","9","45","29.10.12"
"440093","113","Луганська область","сільський клуб, актова зала
сільський клуб, с.Гладкове, Білокуракинський р-н, Луганська обл., 92214","160","60","155","12","88","12","100","","0","88","12","100","2","98","3","1","8","54","0","2","30","28.10.12"
"440094","113","Луганська область","сільський будинок культури, фойє
вул.Радянська, 9, смт Лозно-Олександрівка, Білокуракинський р-н, Луганська обл., 92211","968","366","953","72","534","68","602","","0","534","68","602","32","570","21","18","33","374","12","10","102","29.10.12"
"440095","113","Луганська область","сільський клуб, актова зала
вул.Прикордонна, 14А, с.Петрівка, Білокуракинський р-н, Луганська обл., 92211","80","23","79","6","51","6","57","","0","51","6","57","1","56","0","2","0","51","0","0","3","29.10.12"
"440096","113","Луганська область","сільська рада, зал засідань
сільська рада, с.Шарівка, Білокуракинський р-н, Луганська обл., 92210","392","145","382","31","218","29","247","","0","218","29","247","13","234","8","3","10","90","3","26","94","29.10.12"
"440134","113","Луганська область","приміщення (фойє) клубу ДП ""Кремінське лісомисливське господарство""
вул.Хвойна, 1, м.Кремінна, Кремінський р-н, Луганська обл., 92902","1888","987","1861","103","813","88","901","","0","813","88","901","53","848","58","13","141","427","13","37","159","29.10.12"
"440135","113","Луганська область","школа №4, фойє, 1-й поверх
пров.Радищева, 69, м.Кремінна, Кремінський р-н, Луганська обл., 92900","1552","749","1548","98","722","81","803","","0","722","81","803","45","758","42","6","128","417","9","32","124","29.10.12"
"440136","113","Луганська область","гімназія, спортивна зала
вул.Урицького, 18, м.Кремінна, Кремінський р-н, Луганська обл., 92900","1592","731","1554","81","784","77","861","","0","784","77","861","22","839","42","8","130","481","10","32","136","29.10.12"
"440137","113","Луганська область","ліцей, фойє, 1-й поверх
просп.Леніна, 1А, м.Кремінна, Кремінський р-н, Луганська обл., 92900","1544","762","1510","44","746","36","782","","0","746","36","782","36","746","58","7","123","373","11","57","117","29.10.12"
"440138","113","Луганська область","школа №2, актова зала
вул.Титова, 18, м.Кремінна, Кремінський р-н, Луганська обл., 92900","1328","670","1316","46","621","37","658","","1","621","37","658","39","619","27","5","99","321","8","44","115","29.10.12"
"440139","113","Луганська область","спорткомплекс ""Олімп"", фойє
вул.Октябрьська, 3, м.Кремінна, Кремінський р-н, Луганська обл., 92900","1600","933","1579","123","581","86","667","","0","581","86","667","37","630","24","7","66","371","11","23","128","29.10.12"
"440140","113","Луганська область","районний будинок культури, фойє
пл.Красна, 18, м.Кремінна, Кремінський р-н, Луганська обл., 92900","1320","747","1277","36","542","31","573","","0","542","31","573","38","535","39","12","100","239","6","25","114","29.10.12"
"440141","113","Луганська область","дитяча музична школа, фойє, 2-й поверх
пл.Красна, 4, м.Кремінна, Кремінський р-н, Луганська обл., 92900","1376","745","1332","48","593","38","631","","0","593","38","631","33","598","41","5","104","297","8","29","114","29.10.12"
"440142","113","Луганська область","школа №3, фойє, 1-й поверх
вул.Донецька, 98, м.Кремінна, Кремінський р-н, Луганська обл., 92903","1992","1012","1967","125","868","112","980","","0","870","110","980","56","924","41","18","87","611","7","20","140","29.10.12"
"440143","113","Луганська область","клуб шахти ""Кремінна"", фойє
пров.Железняка, 2Б, м.Кремінна, Кремінський р-н, Луганська обл., 92901","1680","938","1652","83","671","71","742","","0","671","71","742","51","691","33","15","95","384","12","34","118","29.10.12"
"440144","113","Луганська область","школа №1, фойє, 1-й поверх
пров.І.Франка, 2, м.Кремінна, Кремінський р-н, Луганська обл., 92901","1608","880","1579","45","688","40","728","","0","688","40","728","54","674","53","8","100","361","12","30","110","29.10.12"
"440145","113","Луганська область","клуб, зала
вул.Роз’їзна, 16, с-ще Житлівка, м.Кремінна, Кремінський р-н, Луганська обл., 92906","656","258","659","67","333","65","398","","0","333","65","398","21","377","7","11","54","237","4","16","48","29.10.12"
"440146","113","Луганська область","школа, зала
вул.Комсомольська, 20, с-ще Стара Краснянка, м.Кремінна, Кремінський р-н, Луганська обл., 92907","816","324","812","154","365","127","492","","0","365","127","492","35","457","11","16","47","270","9","24","80","30.10.12"
"440147","113","Луганська область","клуб, зала
вул.Чкалова, 1А, с-ще Червона Діброва, м.Кремінна, Кремінський р-н, Луганська обл., 92902","336","121","333","17","199","16","215","","0","199","16","215","13","202","9","6","40","121","5","1","20","29.10.12"
"440148","113","Луганська область","будинок культури, дискозала
вул.Фрунзе, 18, смт Красноріченське, Кремінський р-н, Луганська обл., 92913","1712","758","1678","134","833","121","954","","0","833","121","954","42","912","44","18","68","573","14","22","173","29.10.12"
"440149","113","Луганська область","школа, актова зала, 1-й поверх
квартал Верстатобудівників, 5Б, смт Красноріченське, Кремінський р-н, Луганська обл., 92913","1832","927","1805","240","729","176","905","","0","729","176","905","46","859","40","21","132","499","12","23","132","29.10.12"
"440150","113","Луганська область","бібліотека, читальна зала
вул.Пушкіна, 6, смт Красноріченське, Кремінський р-н, Луганська обл., 92914","344","110","345","38","196","38","234","","0","196","38","234","16","218","10","5","23","140","4","4","32","29.10.12"
"440151","113","Луганська область","бібліотека, читальна зала
вул.Центральна, 1А, с.Залиман, Кремінський р-н, Луганська обл., 92916","256","87","249","19","150","19","169","","0","150","19","169","8","161","7","1","29","109","2","0","13","28.10.12"
"440152","113","Луганська область","школа, фойє, 1-й поверх
вул.Шкільна, 1, с.Макіївка, Кремінський р-н, Луганська обл., 92911","472","183","453","38","256","33","289","","0","256","33","289","25","264","8","11","31","174","4","6","30","29.10.12"
"440153","113","Луганська область","будинок культури, фойє
вул.Центральна, 58, с.Нововодяне, Кремінський р-н, Луганська обл., 92912","352","105","346","23","225","22","247","","0","225","22","247","14","233","11","13","24","140","1","26","18","29.10.12"
"440154","113","Луганська область","школа, спортивна зала
вул.Леніна, 116, с.Невське, Кремінський р-н, Луганська обл., 92917","496","172","489","50","277","47","324","","0","277","47","324","32","292","14","8","36","215","2","7","10","29.10.12"
"440155","113","Луганська область","школа, актова зала
кв-л Гагаріна, 22, с.Бараниківка, Кремінський р-н, Луганська обл., 92922","1456","788","1433","70","611","57","668","","0","611","57","668","55","613","22","12","53","356","10","17","143","29.10.12"
"440156","113","Луганська область","школа, спортивна зала
вул.70 років Жовтня, 14, с.Голубівка, Кремінський р-н, Луганська обл., 92920","360","126","349","37","197","37","234","","0","197","37","234","19","215","8","5","29","132","4","10","27","29.10.12"
"440157","113","Луганська область","СТОВ ""Авангард"", фойє
квартал Молодіжний, 18, с.Климівка, Кремінський р-н, Луганська обл., 92921","216","55","211","21","140","21","161","","0","140","21","161","6","155","5","3","27","92","2","10","16","29.10.12"
"440158","113","Луганська область","школа, спортивна зала
вул.Совєтська, 32А, с.Булгаківка, Кремінський р-н, Луганська обл., 92930","392","134","383","33","226","32","258","","0","226","32","258","12","246","6","5","22","165","5","9","34","29.10.12"
"440159","113","Луганська область","школа, коридор, 1-й поверх
вул.Леніна, 45 с.Нова Астрахань, Кремінський р-н, Луганська обл., 92940","1440","719","1423","111","610","111","721","","0","610","111","721","33","688","34","5","64","497","13","8","67","29.10.12"
"440160","113","Луганська область","школа, спортивна зала
вул.Леніна, 1А, с.Єпіфанівка, Кремінський р-н, Луганська обл., 92942","760","308","757","65","395","57","452","","0","0","0","452","21","431","18","4","19","312","7","8","63","30.10.12"
"440161","113","Луганська область","школа, спортивна зала
вул.Леніна, 29А, с.Боровеньки, Кремінський р-н, Луганська обл., 92943","616","192","604","61","368","56","424","","0","368","56","424","22","402","13","5","22","314","3","7","38","29.10.12"
"440162","113","Луганська область","сільська рада, 2-й поверх
вул.Леніна, 127, с.Михайлівка, Кремінський р-н, Луганська обл., 92941","368","139","362","33","200","29","229","","0","200","29","229","7","222","7","3","15","139","3","6","49","29.10.12"
"440163","113","Луганська область","школа, актова зала
вул.Комсомольська, 1, с.Варварівка, Кремінський р-н, Луганська обл., 92934","1152","422","1138","76","657","73","730","","0","657","73","730","27","703","34","16","45","526","6","12","64","29.10.12"
"440164","113","Луганська область","клуб, фойє
вул.Леніна, 85А, с.Новокраснянка, Кремінський р-н, Луганська обл., 92923","976","390","969","107","489","97","586","","0","489","97","586","31","555","12","6","46","380","11","10","90","29.10.12"
"440165","113","Луганська область","школа, спортивна зала
вул.Леніна, 4, с.Червонопопівка, Кремінський р-н, Луганська обл., 92924","896","245","875","67","585","66","651","","0","585","66","651","44","607","12","13","53","420","8","36","65","29.10.12"
"440166","113","Луганська область","школа, спортивна зала
вул.Леніна, 2А, с.Новомикільське, Кремінський р-н, Луганська обл., 92910","760","249","739","110","414","97","511","","0","414","97","511","33","478","20","16","58","299","5","21","59","29.10.12"
"440167","113","Луганська область","сільська рада, каб.1
вул.Шкільна, 1Д, с.Новоолександрівка, Кремінський р-н, Луганська обл., 92910","360","103","357","33","228","29","257","","0","228","29","257","17","240","10","9","29","145","5","9","33","29.10.12"
"440168","113","Луганська область","будинок культури, фойє
вул.Совєтська, 6, с.Кудряшівка, Кремінський р-н, Луганська обл., 92931","1048","352","1043","59","638","58","696","","0","638","58","696","23","673","23","5","47","511","5","23","59","29.10.12"
"440169","113","Луганська область","лікарня, червоний куточок
вул.Побєди, 1А, м.Кремінна, Кремінський р-н, Луганська обл., 92900","104","57","53","24","24","23","47","","0","24","23","47","1","46","0","0","11","28","0","3","4","29.10.12"
"440257","113","Луганська область","районний будинок культури, фойє
вул.Леніна, 25, смт Новоайдар, Новоайдарський р-н, Луганська обл., 93500","1936","729","1893","66","1145","62","1207","","0","1145","62","1207","54","1153","60","22","80","670","19","63","239","29.10.12"
"440258","113","Луганська область","райавтодор, зал засідань
вул.Коваленко, 14, смт Новоайдар, Новоайдарський р-н, Луганська обл., 93500","1136","444","1126","60","634","58","692","","0","634","58","692","40","652","31","11","36","406","14","30","124","29.10.12"
"440259","113","Луганська область","ЗАТ СПФ ""Агротон"", зал засідань
вул.Октябрська, 42, смт Новоайдар, Новоайдарський р-н, Луганська обл., 93500","864","314","848","56","496","54","550","","0","496","54","550","19","531","25","5","11","382","12","17","79","29.10.12"
"440260","113","Луганська область","аграрний ліцей, актовий зал
вул.Пролетарська, 68, смт Новоайдар, Новоайдарський р-н, Луганська обл., 93500","1808","679","1785","86","1059","70","1129","","0","1058","70","1128","45","1083","66","21","78","608","19","61","230","29.10.12"
"440261","113","Луганська область","народний дім, актовий зал
вул.Зарічна, 36, смт Новоайдар, Новоайдарський р-н, Луганська обл., 93500","272","79","270","18","175","18","193","","0","175","18","193","12","181","5","3","9","135","3","8","18","29.10.12"
"440262","113","Луганська область","сільський клуб, актовий зал
вул.Карла Маркса, 223А, с.Айдар-Миколаївка, Новоайдарський р-н, Луганська обл., 93506","768","295","763","56","422","51","473","","0","422","51","473","24","449","16","8","19","277","6","23","100","29.10.12"
"440263","113","Луганська область","школа, спортивний зал
вул.Центральна, 1, с.Бахмутівка, Новоайдарський р-н, Луганська обл., 93541","856","328","838","66","465","63","528","","0","465","63","528","31","497","12","4","17","349","8","6","101","29.10.12"
"440264","113","Луганська область","фельдшерсько-акушерський пункт, к.1
пров.Шкільний, 10/3, с.Царівка, Новоайдарський р-н, Луганська обл., 93542","472","193","462","40","240","39","279","","0","240","39","279","18","261","19","4","11","193","2","6","26","29.10.12"
"440265","113","Луганська область","сільська рада, актовий зал
вул.Радянська, 1А, с.Гречишкине, Новоайдарський р-н, Луганська обл., 93533","1064","374","1037","72","625","65","690","","0","625","65","690","18","672","19","9","22","478","8","26","110","29.10.12"
"440266","113","Луганська область","сільський клуб, актовий зал
вул.Коваленко, 16, с.Безгинове, Новоайдарський р-н, Луганська обл., 93533","120","16","122","11","93","11","104","","0","93","11","104","1","103","2","0","9","73","1","1","17","29.10.12"
"440267","113","Луганська область","школа, спортивний зал
вул.Центральна, 27Б, с.Денежникове, Новоайдарський р-н, Луганська обл., 93511","736","200","713","61","475","61","536","","0","475","61","536","28","508","9","9","9","375","4","11","91","28.10.12"
"440268","113","Луганська область","будинок культури, фойє
площа Миру, 2, с.Дмитрівка, Новоайдарський р-н, Луганська обл., 93540","656","223","642","43","393","40","433","","0","393","40","433","46","387","8","9","14","275","7","11","63","29.10.12"
"440269","113","Луганська область","школа, фойє
вул.Шкільна, 4А, с.Колядівка, Новоайдарський р-н, Луганська обл., 93520","592","151","574","54","390","51","441","","0","390","51","441","24","417","6","4","15","259","3","35","95","28.10.12"
"440270","113","Луганська область","школа, фойє
вул.Мостова, 6В, с.Вовкодаєве, Новоайдарський р-н, Луганська обл., 93521","368","112","360","24","233","23","256","","0","233","23","256","22","234","11","10","21","123","4","5","60","28.10.12"
"440271","113","Луганська область","дитячий садок, к.2
вул.Октябрьська, 14Б, с.Муратове, Новоайдарський р-н, Луганська обл., 93535","432","157","423","30","249","26","275","","0","249","26","275","14","261","17","4","16","182","3","21","18","29.10.12"
"440272","113","Луганська область","Капітанівське лісництво, к.1
вул.Кірова, 32, с.Капітанове, Новоайдарський р-н, Луганська обл., 93536","128","41","122","13","76","11","87","","0","76","11","87","4","83","0","2","8","61","1","5","6","29.10.12"
"440273","113","Луганська область","адміністративна будівля, кабінет сільського голови
вул.Радянська, 27В/1, с.Новоохтирка, Новоайдарський р-н, Луганська обл., 93530","696","248","685","55","399","49","448","","0","399","49","448","32","416","11","12","15","290","6","14","68","29.10.12"
"440274","113","Луганська область","школа-гімназія, фойє
Центральна площа, 2, с.Олексіївка, Новоайдарський р-н, Луганська обл., 93522","680","197","667","40","443","40","483","","0","443","40","483","28","455","16","13","11","314","6","14","81","29.10.12"
"440275","113","Луганська область","школа, фойє
вул.Центральна площа, 2, с.Михайлюки, Новоайдарський р-н, Луганська обл., 93524","352","104","342","19","229","19","248","","0","229","19","248","8","240","3","6","10","92","1","6","122","29.10.12"
"440276","113","Луганська область","школа, фойє
вул.Будьонного, 12, с-ще Побєда, Новоайдарський р-н, Луганська обл., 93523","432","165","418","18","249","18","267","","0","249","18","267","15","252","10","8","14","183","4","8","25","29.10.12"
"440277","113","Луганська область","будинок культури, фойє
вул.Нова, будинок культури, с.Райгородка, Новоайдарський р-н, Луганська обл., 93543","1448","607","1427","67","776","65","841","","0","776","65","841","52","789","16","10","30","564","15","15","139","29.10.12"
"440278","113","Луганська область","школа, актовий зал
вул.Леніна, 95, с.Смолянинове, Новоайдарський р-н, Луганська обл., 93532","840","281","824","66","498","61","559","","0","498","61","559","22","537","27","11","37","360","12","34","56","29.10.12"
"440279","113","Луганська область","будинок культури, актовий зал
вул.Совєтська, 12, с.Співаківка, Новоайдарський р-н, Луганська обл., 93512","344","95","339","32","220","29","249","","0","220","29","249","12","237","1","3","8","179","2","3","41","28.10.12"
"440280","113","Луганська область","школа, фойє
вул.Миру, 26, с.Чабанівка, Новоайдарський р-н, Луганська обл., 93513","424","133","417","35","258","33","291","","0","258","33","291","17","274","12","13","14","187","4","3","41","29.10.12"
"440281","113","Луганська область","Піщане лісництво, червоний куток
вул.Крупська, 20, с.Олександрівка, Новоайдарський р-н, Луганська обл., 93515","240","75","234","14","153","12","165","","0","153","12","165","8","157","6","5","7","114","4","1","20","28.10.12"
"440282","113","Луганська область","будинок культури, танцзал
вул.Леніна, 36, с.Штормове, Новоайдарський р-н, Луганська обл., 93510","880","321","875","72","490","69","559","","0","490","69","559","26","533","11","1","33","326","4","31","127","29.10.12"
"440283","113","Луганська область","обласний психоневрологічний інтернат, приймальня
вул.Леніна, 32А, с.Дмитрівка, Новоайдарський р-н, Луганська обл., 93540","224","41","214","63","122","61","183","","0","122","61","183","54","129","15","14","12","56","10","8","14","29.10.12"
"440425","113","Луганська область","клуб, к.3
кв.ім.С.П.Петрова, 6, с-ще Сосновий, м.Сватове, Сватівський р-н, Луганська обл., 92606","216","35","225","9","173","8","181","","0","173","8","181","9","172","2","1","2","157","0","7","3","28.10.12"
"440426","113","Луганська область","Сватівська школа №1, коридор
пл.ім.Шевченка, 28А, м.Сватове, Сватівський р-н, Луганська обл., 92600","1360","594","1350","54","720","46","766","","0","720","46","766","50","716","40","6","36","454","7","45","128","29.10.12"
"440427","113","Луганська область","Сватівська школа №6, коридор
вул.ім.Шевченка, 10, м.Сватове, Сватівський р-н, Луганська обл., 92600","1080","474","1068","35","576","30","606","","0","576","30","606","19","587","40","7","30","372","7","39","92","28.10.12"
"440428","113","Луганська область","народний дім ""Сватова-Лучка"", фойє
пл.Радянська, 43, м.Сватове, Сватівський р-н, Луганська обл., 92600","1720","835","1689","65","835","50","885","","0","835","50","885","54","831","56","9","31","547","11","68","109","29.10.12"
"440429","113","Луганська область","школа мистецтв імені В.Зінкевича, к.8
пл.50-річчя Перемоги, 25, м.Сватове, Сватівський р-н, Луганська обл., 92600","1759","887","1709","59","823","49","872","","0","823","49","872","49","823","59","6","48","480","21","63","146","29.10.12"
"440430","113","Луганська область","гімназія імені В.Сосюри, к.3
пл.50-річчя Перемоги, 35, м.Сватове, Сватівський р-н, Луганська обл., 92600","1864","853","1852","126","895","116","1011","","0","895","116","1011","49","962","54","10","50","579","16","61","192","29.10.12"
"440431","113","Луганська область","Сватівська школа №2, к.29
вул.Весела, 2, м.Сватове, Сватівський р-н, Луганська обл., 92600","1816","823","1809","69","940","53","993","","0","940","53","993","66","927","70","17","60","557","12","66","145","29.10.12"
"440432","113","Луганська область","автоклас Сватівської школи №2, к.10
вул.Весела, 140, м.Сватове, Сватівський р-н, Луганська обл., 92600","1328","604","1306","49","679","45","724","","0","679","45","724","32","692","37","9","31","461","14","50","90","29.10.12"
"440433","113","Луганська область","клуб залізничників, к.2
кв-л Залізничників, 12, м.Сватове, Сватівський р-н, Луганська обл., 92600","2000","948","1965","44","1016","36","1052","","0","1016","36","1052","50","1001","70","13","49","628","20","83","138","28.10.12"
"440434","113","Луганська область","Сватівська школа №8, коридор
пров.Промисловий, 15, м.Сватове, Сватівський р-н, Луганська обл., 92600","2184","1073","2160","95","1022","89","1111","","0","1022","89","1111","49","1062","65","14","50","679","11","65","178","29.10.12"
"440435","113","Луганська область","Петрівська школа, коридор
вул.Шкільна, 10, с.Петрівка, Сватівський р-н, Луганська обл., 92652","656","204","643","39","416","36","452","","0","416","36","452","20","432","15","8","18","265","8","27","91","28.10.12"
"440436","113","Луганська область","Комсомольська школа, коридор, кл.2
вул.Шевченка, 9, с-ще Комсомольський, Сватівський р-н, Луганська обл., 92653","144","23","146","10","111","10","121","","0","111","10","121","3","118","4","0","10","66","1","8","29","28.10.12"
"440437","113","Луганська область","Рудівська школа-дитсад, коридор
пл.Перемоги, 18, с.Рудівка, Сватівський р-н, Луганська обл., 92650","576","182","572","57","339","55","394","","0","339","55","394","22","372","22","5","27","174","2","69","73","28.10.12"
"440438","113","Луганська область","Круглівська школа, фойє
вул.Жовтнева, 29, с.Кругле, Сватівський р-н, Луганська обл., 92651","264","84","261","35","148","32","180","","0","148","32","180","7","173","4","3","11","119","1","10","25","29.10.12"
"440439","113","Луганська область","сільська рада, актова зала
вул.Будьоного, 86, с.Первомайськ, Сватівський р-н, Луганська обл., 92643","288","102","279","23","163","23","186","","0","163","23","186","13","173","6","1","6","119","0","22","19","29.10.12"
"440440","113","Луганська область","Гончарівський Центр дозвілля, актова зала, к.1
вул.Гаєвого, 1, с.Гончарівка, Сватівський р-н, Луганська обл., 92631","1008","349","999","51","609","50","659","","0","0","0","658","62","596","30","13","23","420","8","39","63","30.10.12"
"440441","113","Луганська область","сільський будинок культури, фойє
вул.Садова, 24, с.Хомівка, Сватівський р-н, Луганська обл., 92632","408","112","406","16","281","15","296","","0","281","15","296","23","273","9","5","14","193","7","3","42","28.10.12"
"440442","113","Луганська область","фельдшерський пункт, зала
вул.Гагаріна, 3, с.Кривошиївка, Сватівський р-н, Луганська обл., 92620","136","56","129","12","72","8","80","","0","72","8","80","4","76","2","2","5","36","3","10","18","29.10.12"
"440443","113","Луганська область","Куземівська школа, коридор
вул.Молодіжна, 14, с.Куземівка, Сватівський р-н, Луганська обл., 92620","456","159","452","40","257","40","297","","0","257","40","297","20","277","14","6","23","152","1","13","68","28.10.12"
"440444","113","Луганська область","фельдшерський пункт, зала
вул.Центральна, 5, с-ще Новоселівське, Сватівський р-н, Луганська обл., 92621","424","126","417","24","274","24","298","","0","274","24","298","25","273","13","6","13","149","3","24","65","29.10.12"
"440445","113","Луганська область","фельдшерський пункт, зала
вул.Весела, 12/2, с.Володимирівка, Сватівський р-н, Луганська обл., 92621","96","35","90","8","54","7","61","","0","54","7","61","6","55","1","2","2","34","0","7","9","29.10.12"
"440446","113","Луганська область","сільська рада, кабінет сільського голови
вул.Першотравнева, 25, с.Коломийчиха, Сватівський р-н, Луганська обл., 92622","432","105","427","37","291","36","327","","0","291","36","327","8","319","11","4","16","229","4","14","41","28.10.12"
"440447","113","Луганська область","Стельмахівська школа, фойє
вул.Шкільна, 5, с.Стельмахівка, Сватівський р-н, Луганська обл., 92623","328","124","321","29","184","20","204","","0","184","20","204","16","188","8","8","24","99","3","8","38","29.10.12"
"440448","113","Луганська область","Райгородська школа, спортзал
вул.Конопліна, 4, с.Райгородка, Сватівський р-н, Луганська обл., 92624","456","159","447","41","258","39","297","","0","258","39","297","26","271","22","11","11","130","7","27","63","28.10.12"
"440449","113","Луганська область","сільська рада, коридор
вул.Жовтнева, 32, с.Ковалівка, Сватівський р-н, Луганська обл., 92625","432","167","428","54","218","47","265","","0","218","47","265","20","245","17","4","21","146","3","26","28","29.10.12"
"440450","113","Луганська область","Мілуватська школа, спортзал
вул.Радянська, 45, с.Мілуватка, Сватівський р-н, Луганська обл., 92633","1856","836","1846","124","911","109","1020","","0","911","109","1020","60","960","31","17","55","652","19","85","101","28.10.12"
"440451","113","Луганська область","Містківська початкова школа, спортзал
вул.Кооперативна, 32, с.Містки, Сватівський р-н, Луганська обл., 92654","856","301","849","52","510","45","555","","0","510","45","555","27","528","11","2","23","404","4","45","39","29.10.12"
"440452","113","Луганська область","Містківська школа, спортзал
вул.Степова, 1А, с.Містки, Сватівський р-н, Луганська обл., 92654","888","417","878","32","447","24","471","","0","447","24","471","34","437","24","5","37","215","5","37","114","29.10.12"
"440453","113","Луганська область","приватна агрофірма ""Мрія"", актова зала
вул.Центральна, 7, с.Чепигівка, Сватівський р-н, Луганська обл., 92655","176","39","163","15","122","15","137","","0","122","15","137","9","128","3","1","5","52","2","32","33","28.10.12"
"440454","113","Луганська область","Нижньодуванська школа, актова зала
вул.Леніна, 65, смт Нижня Дуванка, Сватівський р-н, Луганська обл., 92612","1648","726","1630","182","768","154","922","","0","768","154","922","66","856","54","15","35","488","12","51","201","29.10.12"
"440455","113","Луганська область","колишня Новониканорівська школа, спортзал
вул.Кірова, 123, с.Новониканорівка, Сватівський р-н, Луганська обл., 92613","296","108","285","24","166","22","188","","0","166","22","188","14","174","3","3","9","116","5","10","28","28.10.12"
"440456","113","Луганська область","будинок культури, фойє
вул.Радянська, 37, с.Оборотнівка, Сватівський р-н, Луганська обл., 92614","464","121","454","34","310","33","343","","0","310","33","343","8","335","9","10","13","224","3","4","72","29.10.12"
"440457","113","Луганська область","сільський клуб, фойє
вул.Лугова, 55, с.Наугольне, Сватівський р-н, Луганська обл., 92615","152","46","150","12","97","9","106","","0","97","9","106","1","105","1","1","0","85","1","10","7","28.10.12"
"440458","113","Луганська область","Верхньодуванська школа, спортзал
вул.Шкільна, 1, с.Верхня Дуванка, Сватівський р-н, Луганська обл., 92610","336","132","331","25","182","22","204","","0","182","22","204","13","191","6","1","16","128","1","9","30","29.10.12"
"440459","113","Луганська область","Преображенська школа, спортзал
вул.Шевченка, 5, с.Преображенне, Сватівський р-н, Луганська обл., 92630","600","187","586","71","346","67","413","","0","346","67","413","32","381","28","8","22","224","5","56","38","28.10.12"
"440460","113","Луганська область","сільський будинок культури, танцювальна зала
вул.Леніна, 1А, с.Свистунівка, Сватівський р-н, Луганська обл., 92642","472","153","464","79","252","67","319","","0","252","67","319","36","283","23","6","19","163","3","32","37","28.10.12"
"440461","113","Луганська область","сільський клуб, актова зала
вул.Центральна, 29, с.Маньківка, Сватівський р-н, Луганська обл., 92640","352","108","350","42","206","38","244","","0","206","38","244","15","229","22","6","35","108","2","19","37","29.10.12"
"440557","113","Луганська область","учбовий центр підготовки та підвищення кваліфікації, бібліотека, 1-й поверх
вул.ІІІ Інтернаціоналу, 2, м.Старобільськ, Старобільський р-н, Луганська обл., 92703","1152","544","1146","25","585","23","608","","0","585","23","608","43","565","30","5","74","272","5","31","148","29.10.12"
"440558","113","Луганська область","гімназія, спортивна зала, 1-й поверх
вул.Володарського, 25, м.Старобільськ, Старобільський р-н, Луганська обл., 92703","816","368","800","27","421","27","448","","0","421","27","448","12","436","19","4","47","210","5","14","137","29.10.12"
"440559","113","Луганська область","школа №3, спортивна зала, 1-й поверх
вул.Жовтнева, 17, м.Старобільськ, Старобільський р-н, Луганська обл., 92703","952","403","943","27","524","25","549","","0","524","25","549","23","526","29","2","42","266","4","22","161","29.10.12"
"440560","113","Луганська область","профліцей Луганського національного університету ім.Т.Г.Шевченка, актова зала, 2-й поверх
пл.Гоголя, 1, м.Старобільськ, Старобільський р-н, Луганська обл., 92703","1472","797","1464","38","644","31","675","","0","644","31","675","23","652","32","6","49","315","13","37","200","29.10.12"
"440561","113","Луганська область","колишній дитячий садок ТОВ ""Старобільський елеватор"", актова зала, 1-й поверх
вул.Свободи, 1А, м.Старобільськ, Старобільський р-н, Луганська обл., 92702","1840","995","1820","52","794","51","845","","0","794","51","845","51","794","36","8","56","417","4","45","228","29.10.12"
"440562","113","Луганська область","школа №1, спортивна зала, 1-й поверх
вул.Андрющенка, 118, м.Старобільськ, Старобільський р-н, Луганська обл., 92701","1480","790","1463","40","657","33","690","","0","657","33","690","40","650","28","3","35","343","10","28","203","29.10.12"
"440563","113","Луганська область","адмінбудівля колишнього ремонтно-транспортного підприємства, актова зала, 2-й поверх
вул.Рози Люксембург, 78, м.Старобільськ, Старобільський р-н, Луганська обл., 92701","1744","880","1717","44","827","37","864","","0","827","37","864","49","815","18","8","78","374","10","34","293","29.10.12"
"440564","113","Луганська область","районний Будинок культури ім.Т.Г.Шевченка, фойє, 1-й поверх
вул.Комунарів, 33, м.Старобільськ, Старобільський р-н, Луганська обл., 92703","1680","839","1662","37","806","35","841","","0","806","35","841","40","801","54","10","85","333","9","43","267","29.10.12"
"440565","113","Луганська область","професійний ліцей, їдальня, 1-й поверх
кв-л Ватутіна, 9, м.Старобільськ, Старобільський р-н, Луганська обл., 92704","2048","976","2029","48","1026","46","1072","","0","1026","46","1072","51","1021","51","10","96","488","9","44","323","28.10.12"
"440566","113","Луганська область","школа №4, актова зала, 2-й поверх
кв-л Ватутіна, школа №4, м.Старобільськ, Старобільський р-н, Луганська обл., 92704","1544","737","1532","34","780","27","807","","0","780","27","807","33","774","40","4","74","337","13","33","273","29.10.12"
"440567","113","Луганська область","медичне училище, актова зала, 1-й поверх
вул.Старотаганрозька, 30, м.Старобільськ, Старобільський р-н, Луганська обл., 92703","1840","839","1826","47","960","41","1001","","0","960","41","1001","47","954","44","13","72","502","7","39","277","29.10.12"
"440568","113","Луганська область","сільський клуб, фойє
вул.Красна, 1В, с.Байдівка, Старобільський р-н, Луганська обл., 92763","880","362","871","77","447","71","518","","0","447","71","518","15","503","15","6","39","211","2","11","219","29.10.12"
"440569","113","Луганська область","сільський клуб, актова зала
вул.Чернишевського, сільський клуб, с.Бутове, Старобільський р-н, Луганська обл., 92762","2240","1083","2206","82","1080","77","1157","","0","1080","77","1157","61","1095","48","9","88","553","8","33","356","28.10.12"
"440570","113","Луганська область","школа, спортивна зала
вул.Молодіжна, 12, с.Верхня Покровка, Старобільський р-н, Луганська обл., 92713","640","241","631","79","322","77","399","","0","322","77","399","14","385","8","3","19","230","4","25","96","29.10.12"
"440571","113","Луганська область","ВП Старобільський технікум ЛНАУ, фойє
вул.Леніна, 8, с.Веселе, Старобільський р-н, Луганська обл., 92733","1144","500","1124","62","591","53","644","","0","591","53","644","21","623","16","10","31","351","16","37","162","29.10.12"
"440572","113","Луганська область","сільський клуб, глядацька зала
вул.Центральна, 9, с.Вишневе, Старобільський р-н, Луганська обл., 92742","592","189","579","46","364","39","403","","0","364","39","403","15","388","7","2","14","227","2","12","124","29.10.12"
"440573","113","Луганська область","школа, спортивна зала
вул.Аграрна, 71А, с.Калмиківка, Старобільський р-н, Луганська обл., 92711","520","185","518","30","309","26","335","","0","309","26","335","11","324","14","6","19","194","2","20","69","29.10.12"
"440574","113","Луганська область","школа, спортивна зала
вул.Леніна, 75, с.Бондареве, Старобільський р-н, Луганська обл., 92731","416","132","406","29","255","29","284","","0","255","29","284","10","274","7","1","36","140","8","10","72","29.10.12"
"440575","113","Луганська область","школа, хол
вул.Жовтнева, 91, с.Курячівка, Старобільський р-н, Луганська обл., 92724","816","325","793","65","428","63","491","","0","428","63","491","21","470","8","1","42","245","2","21","151","29.10.12"
"440576","113","Луганська область","школа, спортивна зала
вул.Шкільна, школа, с.Проїждже, Старобільський р-н, Луганська обл., 92722","1000","346","1021","184","479","175","654","","0","479","175","654","23","631","25","8","43","386","5","25","139","29.10.12"
"440577","113","Луганська область","сільський клуб, актова зала
вул.Шкільна, 1, с.Лиман, Старобільський р-н, Луганська обл., 92720","1768","880","1745","112","787","101","888","","0","787","101","888","71","817","49","10","65","403","7","49","234","29.10.12"
"440578","113","Луганська область","школа, спортивна зала
вул.Артема, 14, с.Малохатка, Старобільський р-н, Луганська обл., 92755","592","239","589","60","299","54","353","","0","299","54","353","11","342","4","2","21","220","3","5","87","29.10.12"
"440579","113","Луганська область","школа, фойє
вул.Чернишова, 1, с.Нижньопокровка, Старобільський р-н, Луганська обл., 92714","664","264","655","65","340","60","400","","0","340","60","400","15","385","9","6","23","236","6","19","86","28.10.12"
"440580","113","Луганська область","школа, спортивна зала
вул.Леніна, 96/1, с.Новоборове, Старобільський р-н, Луганська обл., 92712","344","100","334","37","211","33","244","","0","211","33","244","12","232","1","5","8","159","2","3","54","29.10.12"
"440581","113","Луганська область","ПП Кобиляцька ""У Петровича"", зала
вул.Інтернаціональна, 73, с.Підгорівка, Старобільський р-н, Луганська обл., 92723","504","223","494","12","269","12","281","","0","269","12","281","14","267","5","1","22","128","5","15","91","28.10.12"
"440582","113","Луганська область","школа, фойє
вул.Чкалова, 82, с.Підгорівка, Старобільський р-н, Луганська обл., 92723","1400","596","1373","53","751","53","804","","0","751","53","804","21","783","16","10","39","460","10","39","209","29.10.12"
"440583","113","Луганська область","сільська рада, актова зала
вул.Чкалова, 128, с.Підгорівка, Старобільський р-н, Луганська обл., 92723","992","459","972","50","486","47","533","","0","486","47","533","24","509","9","4","24","272","6","27","167","29.10.12"
"440584","113","Луганська область","будинок культури, дискотечна зала
вул.Леніна, 22, с.Половинкине, Старобільський р-н, Луганська обл., 92760","2272","988","2256","95","1196","88","1284","","0","1196","88","1284","33","1251","49","9","67","675","10","56","385","29.10.12"
"440585","113","Луганська область","школа, спортивна зала
вул.Леніна, 49А, с.Садки, Старобільський р-н, Луганська обл., 92732","416","124","396","28","265","27","292","","0","265","27","292","5","287","3","4","34","153","2","11","80","29.10.12"
"440586","113","Луганська область","школа, коридор
вул.Шкільна, школа, с.Світле, Старобільський р-н, Луганська обл., 92710","480","222","470","26","234","24","258","","0","234","24","258","12","246","3","6","9","99","2","5","122","29.10.12"
"440587","113","Луганська область","будинок культури, актова зала
вул.Леніна, 7А, с.Титарівка, Старобільський р-н, Луганська обл., 92750","448","113","438","32","303","32","335","","0","303","32","335","13","322","6","7","7","205","2","3","92","29.10.12"
"440588","113","Луганська область","фельдшерський пункт, каб.1
вул.Горького, 19А, с.Новоселівка, Старобільський р-н, Луганська обл., 92751","384","176","381","17","191","17","208","","0","191","17","208","10","198","4","4","16","116","4","7","47","29.10.12"
"440589","113","Луганська область","школа, спортивна зала
вул.Леніна, 17, с.Хворостянівка, Старобільський р-н, Луганська обл., 92752","360","83","355","33","246","31","277","","0","246","31","277","6","271","8","1","17","63","1","4","177","29.10.12"
"440590","113","Луганська область","сільський клуб, актова зала
вул.Радянська, 94, с.Лозовівка, Старобільський р-н, Луганська обл., 92753","328","90","323","30","210","28","238","","0","210","28","238","3","235","3","0","18","86","0","5","123","28.10.12"
"440591","113","Луганська область","школа, спортивна зала
вул.Калініна, 1, с.Кам’янка, Старобільський р-н, Луганська обл., 92754","232","62","227","24","147","23","170","","0","147","23","170","9","161","3","2","8","60","2","1","85","28.10.12"
"440592","113","Луганська область","сільська рада, актова зала
вул.Повітрянофлотська, 52А, с.Чмирівка, Старобільський р-н, Луганська обл., 92740","2040","1141","1993","84","827","72","899","","0","827","72","899","77","822","26","10","52","376","10","45","303","30.10.12"
"440593","113","Луганська область","школа-гімназія, хол
вул.Запорізька, 15А, с.Чмирівка, Старобільський р-н, Луганська обл., 92740","1720","810","1687","78","841","69","910","","0","841","69","910","55","855","39","5","58","440","8","37","268","28.10.12"
"440594","113","Луганська область","школа, коридор, 1-й поверх
вул.Леніна, 103, с.Шпотине, Старобільський р-н, Луганська обл., 92744","448","138","438","36","274","36","310","","0","274","36","310","21","289","5","0","24","129","2","19","110","29.10.12"
"440595","113","Луганська область","будинок культури, хол
вул.Леніна, 12Н, с.Шульгинка, Старобільський р-н, Луганська обл., 92764","1760","699","1732","160","918","143","1061","","0","918","143","1061","43","1018","30","5","44","478","7","31","423","29.10.12"
"440596","113","Луганська область","КУ Старобільське районне територіальне медичне об’єднання, актова зала
вул.Кірова, 67, м.Старобільськ, Старобільський р-н, Луганська обл., 92700","216","166","53","28","23","27","50","","0","23","27","50","2","48","3","0","6","23","1","2","13","29.10.12"
"440597","113","Луганська область","будинок культури ім.Кірова, танцювальна зала
просп.Перемоги, 10, смт Троїцьке, Троїцький р-н, Луганська обл., 92100","2168","697","2157","93","1390","81","1471","","0","1390","81","1471","65","1406","60","14","79","937","15","72","229","29.10.12"
"440598","113","Луганська область","будинок школяра, актова зала
вул.Радянська, 17, смт Троїцьке, Троїцький р-н, Луганська обл., 92100","1312","419","1316","103","804","89","893","","0","804","89","893","30","863","31","2","55","567","13","51","144","29.10.12"
"440599","113","Луганська область","школа, актова зала
пров.Шкільний, 13, смт Троїцьке, Троїцький р-н, Луганська обл., 92100","1424","603","1411","120","721","100","821","","0","721","100","821","42","779","26","18","43","522","12","48","110","28.10.12"
"440600","113","Луганська область","селищний будинок культури, глядацька зала
вул.Пушкіна, 105, смт Троїцьке, Троїцький р-н, Луганська обл., 92100","816","263","798","107","450","103","553","","0","450","103","553","32","521","8","8","19","392","7","28","59","29.10.12"
"440601","113","Луганська область","школа, фойє
вул.Центральна, 5, с.Арапівка, Троїцький р-н, Луганська обл., 92136","296","95","286","16","188","13","201","","0","188","13","201","6","195","10","10","19","111","6","18","21","28.10.12"
"440602","113","Луганська область","будинок культури, фойє
вул.Шкільна, 35, с.Багачка, Троїцький р-н, Луганська обл., 92112","376","99","365","41","238","39","277","","0","238","39","277","21","256","6","3","10","188","1","19","29","29.10.12"
"440603","113","Луганська область","сільський клуб, к.3
вул.Центральна, 28А, с.Максимівка, Троїцький р-н, Луганська обл., 92113","88","6","89","16","66","16","82","","0","66","16","82","1","81","2","1","9","59","3","4","3","28.10.12"
"440604","113","Луганська область","сільський клуб, глядацька зала
вул.Д.Р.Овчаренка, 10, с.Вівчарове, Троїцький р-н, Луганська обл., 92124","360","116","351","38","210","34","244","","0","210","34","244","8","236","4","5","13","146","1","24","43","29.10.12"
"440605","113","Луганська область","школа, фойє
вул.Шевченка, 6А, с.Воєводське, Троїцький р-н, Луганська обл., 92121","360","57","350","29","275","28","303","","0","275","28","303","27","276","4","10","17","193","5","8","39","29.10.12"
"440606","113","Луганська область","сільський будинок культури, к.16
вул.Центральна, 7, с.Іллічівка, Троїцький р-н, Луганська обл., 92122","176","42","176","21","114","20","134","","0","114","20","134","4","130","8","2","8","84","3","6","19","28.10.12"
"440607","113","Луганська область","школа, спортзал
пров.Річковий, 16, с.Демино-Олександрівка, Троїцький р-н, Луганська обл., 92110","504","161","500","61","282","61","343","","0","282","61","343","17","326","10","14","15","160","5","32","90","28.10.12"
"440608","113","Луганська область","школа, фойє
вул.Садова, 1, с.Сиротине, Троїцький р-н, Луганська обл., 92111","352","75","345","53","227","50","277","","0","227","50","277","33","244","3","8","11","174","7","11","30","29.10.12"
"440609","113","Луганська область","школа, фойє
вул.Піонерська, 2, с.Лантратівка, Троїцький р-н, Луганська обл., 92114","824","293","811","55","482","49","531","","0","482","49","531","51","480","14","7","22","341","7","21","68","28.10.12"
"440610","113","Луганська область","школа, класна кімната, 2-й поверх
вул.Колгоспна, 3А, с.Бабичеве, Троїцький р-н, Луганська обл., 92115","480","157","461","47","278","45","323","","0","278","45","323","21","302","7","3","13","192","6","18","63","29.10.12"
"440611","113","Луганська область","будинок культури, глядацька зала
вул.70 років Жовтня, 9, с.Новоолександрівка, Троїцький р-н, Луганська обл., 92134","288","82","282","12","194","12","206","","0","194","12","206","10","196","8","5","13","135","3","16","16","29.10.12"
"440612","113","Луганська область","школа, фойє
вул.30 років Перемоги, 28, с.Новочервоне, Троїцький р-н, Луганська обл., 92145","704","168","688","94","444","92","536","","0","444","92","536","29","507","19","9","51","356","6","13","53","29.10.12"
"440613","113","Луганська область","сільський клуб, глядацька зала
вул.Шкільна, 14, с.Новознам’янка, Троїцький р-н, Луганська обл., 92131","272","52","265","15","205","15","220","","0","205","15","220","6","214","3","1","6","194","0","6","4","29.10.12"
"440614","113","Луганська область","сільський клуб, глядацька зала
вул.Центральна, 13, с.Солонці, Троїцький р-н, Луганська обл., 92131","136","18","134","6","112","6","118","","0","112","6","118","8","110","1","1","2","97","3","6","0","29.10.12"
"440615","113","Луганська область","школа, коридор, 1-й поверх
вул.Спортивна, 2, с-ще Привілля, Троїцький р-н, Луганська обл., 92123","864","312","846","58","500","52","552","","0","500","52","552","26","526","14","6","20","370","6","35","75","29.10.12"
"440616","113","Луганська область","будинок культури, малий зал
вул.Радянська, 64, с.Покровське, Троїцький р-н, Луганська обл., 92135","1120","412","1093","101","616","92","708","","0","616","92","708","56","652","11","19","44","421","10","12","135","29.10.12"
"440617","113","Луганська область","сільський будинок культури, глядацька зала
вул.Радянська, 7, с.Розпасіївка, Троїцький р-н, Луганська обл., 92140","488","143","479","48","302","43","345","","0","302","43","345","20","325","3","2","13","257","2","20","28","29.10.12"
"440618","113","Луганська область","дитячий садок, актова зала
вул.ім.О.Г.Попугаєва, 2, с.Розсипне, Троїцький р-н, Луганська обл., 92120","280","53","273","28","199","28","227","","0","199","28","227","20","207","1","3","14","172","1","1","15","28.10.12"
"440619","113","Луганська область","школа, коридор
вул.Леніна, 72, с.Тарасівка, Троїцький р-н, Луганська обл., 92144","480","120","468","62","303","57","360","","0","303","57","360","27","333","11","7","23","196","3","33","60","29.10.12"
"440620","113","Луганська область","школа, спортзал
вул.Леніна, 7А, с.Тимонове, Троїцький р-н, Луганська обл., 92142","368","80","357","50","242","46","288","","0","242","46","288","22","266","7","11","10","164","3","15","56","29.10.12"
"440621","113","Луганська область","сільський клуб, глядацька зала
пров.Центральний, 3, с.Малоолександрівка, Троїцький р-н, Луганська обл., 92143","320","101","310","25","195","24","219","","0","195","24","219","13","206","6","4","20","105","2","18","51","29.10.12"
"440622","113","Луганська область","школа, фойє
вул.Радянська, 18, с.Тополі, Троїцький р-н, Луганська обл., 92130","432","148","428","40","249","35","284","","0","249","35","284","18","266","3","6","8","195","2","8","44","29.10.12"
"440623","113","Луганська область","сільський клуб, глядацька зала
вул.Матросова, 10, с.Аношкине, Троїцький р-н, Луганська обл., 92133","304","106","290","29","170","28","198","","0","170","28","198","5","193","6","5","16","109","2","9","46","29.10.12"
"440624","113","Луганська область","школа, спортзал
вул.Центральна, 31, с.Ями, Троїцький р-н, Луганська обл., 92141","176","45","169","15","116","15","131","","0","116","15","131","8","123","0","3","9","75","2","10","24","28.10.12"
"440625","113","Луганська область","сільський клуб, глядацька зала
вул.Молодіжна, 18, с.Коченове, Троїцький р-н, Луганська обл., 92141","176","28","168","9","139","9","148","","0","139","9","148","14","134","0","0","3","108","0","9","14","01.11.12"
"440626","113","Луганська область","сільський клуб, глядацька зала
вул.Лісова, 34, с.Караїчне, Троїцький р-н, Луганська обл., 92141","112","5","114","9","98","9","107","","0","98","9","107","8","99","1","0","5","82","2","2","7","29.10.12"
