"№ ВД","OBO","Назва регіону України","Місцезнаходження та адреса приміщення для голосування","1) К-сть одержаних бюлетенів","2) К-сть невикористаних бюлетенів","3) К-сть виборців, внесених до списку виборців","4) К-сть виборців, внесених до витягу зі списку виборців","5) К-сть виборців, які отримали бюлетені у приміщенні","6) К-сть виборців, які отримали за місцем перебування","7) Сумарна к-сть виборців, які отримали бюлетені","8) К-сть бюлетенів, що виявилися у кожній скринці","9) К-сть бюлетенів, що не підлягають врахуванню","10) К-сть виборців, які взяли участь у голос. у приміщенні для гол.","11) К-сть виборців, які взяли участь у голос. за місцем перебування","12) К-сть виборців, які взяли участь у голосуванні на виборчій дільниці","13) К-сть бюлетенів, визнаних недійсними","14) Сумарна к-сть голосів виборців ЗА","Бебешко
Олександр
Миколайович","Горулько
Юлія
Олександрівна","Жученко
Олександр
Вікторович","Іванов
Дмитро
Валерійович","Кириченко
Микола
Єгорович","Лисянський
Павло
Леонідович","Саліхов
Артем
Романович","Чуб
Володимир
Євгенович","Дата підписання протоколу"
"440009","110","Луганська область","будинок культури, фойє
вул.Октябрьська, 5, смт Іванівка, Антрацитівський р-н, Луганська обл., 94643","1722","817","1695","29","879","26","905","","0","879","26","905","42","863","138","11","81","18","13","48","11","543","29.10.12"
"440010","110","Луганська область","гімназія, хол
вул.Інтернаціональна, 65, смт Іванівка, Антрацитівський р-н, Луганська обл., 94643","1680","807","1655","41","839","34","873","","0","839","34","873","50","823","142","10","103","24","12","54","10","468","28.10.12"
"440011","110","Луганська область","школа, хол, 1-й поверх
вул.Шкільна, 1А, смт Іванівка, Антрацитівський р-н, Луганська обл., 94644","1350","541","1336","28","783","26","809","","0","783","26","809","46","763","152","7","155","32","10","28","6","373","29.10.12"
"440012","110","Луганська область","Штерівський клуб, хол
вул.Вокзальна, 88, смт Іванівка, Антрацитівський р-н, Луганська обл., 94644","1284","603","1264","55","635","46","681","","0","635","46","681","39","642","114","8","140","15","9","26","5","325","29.10.12"
"440013","110","Луганська область","фельдшерський пункт, хол
вул.Дзержинського, фельдшерський пункт, с-ще Степове, Антрацитівський р-н, Луганська обл., 94622","102","42","100","1","59","1","60","","0","59","1","60","6","54","8","0","8","3","5","2","1","27","28.10.12"
"440015","110","Луганська область","школа, хол, 1-й поверх
вул.Свердлова, 46, смт Красний Кут, Антрацитівський р-н, Луганська обл., 94653","990","361","977","42","588","41","629","","0","588","41","629","22","607","120","4","12","17","5","27","11","411","28.10.12"
"440016","110","Луганська область","будинок культури, фойє
вул.Октябрська, 13, смт Красний Кут, Антрацитівський р-н, Луганська обл., 94653","930","355","924","40","537","38","575","","0","537","38","575","30","545","73","6","18","17","15","12","7","397","29.10.12"
"440017","110","Луганська область","будинок культури, фойє
вул.Совхозна, 7, с-ще Індустрія, Антрацитівський р-н, Луганська обл., 94655","534","141","529","22","371","22","393","","0","371","22","393","14","379","124","2","14","6","5","8","7","213","29.10.12"
"440018","110","Луганська область","сільська рада, актовий зал
вул.Радянська, 17, с-ще Краснолуцький, Антрацитівський р-н, Луганська обл., 94670","456","170","445","16","270","16","286","","0","270","16","286","17","269","45","5","8","7","11","8","5","180","29.10.12"
"440019","110","Луганська область","сільський клуб, фойє
вул.Космонавтів, сільський клуб, с-ще Орлівське, Антрацитівський р-н, Луганська обл., 94644","252","95","245","9","148","9","157","","0","148","9","157","16","141","30","2","11","2","4","12","2","78","28.10.12"
"440020","110","Луганська область","селищний клуб, актовий зал
вул.Радянська, 11А, смт Маломиколаївка, Антрацитівський р-н, Луганська обл., 94641","1638","681","1616","116","868","89","957","","0","868","89","957","58","899","139","6","132","21","17","29","6","549","29.10.12"
"440028","110","Луганська область","будинок культури, актовий зал
вул.Радянська, 5, смт Фащівка, Антрацитівський р-н, Луганська обл., 94650","2112","811","2076","146","1163","138","1301","","0","1163","138","1301","43","1258","433","15","210","22","16","18","7","537","29.10.12"
"440179","110","Луганська область","будинок культури, хол
вул.Леніна, 1, смт Біле, Лутугинський р-н, Луганська обл., 92014","2382","1042","2347","46","1304","36","1340","","0","1304","36","1340","70","1270","380","34","176","50","37","56","15","522","29.10.12"
"440180","110","Луганська область","клуб ""Шахтар"", актова зала
вул.Площа Культури, клуб ""Шахтар"", смт Біле, Лутугинський р-н, Луганська обл., 92015","1806","657","1783","48","1102","47","1149","","1","1101","47","1148","72","1076","183","12","117","57","29","43","25","610","29.10.12"
"440181","110","Луганська область","адміністративно-битовий комплекс шахти ХІХ з’їзду КПРС, хол
вул.Кірова, 63, смт Біле, Лутугинський р-н, Луганська обл., 92015","1338","568","1316","41","734","36","770","","0","734","36","770","46","724","153","12","82","48","29","34","10","356","29.10.12"
"440182","110","Луганська область","будинок культури ДВАТ шахта Білоріченська ""Луганськвугілля"", хол, 2-й поверх
вул.Леніна, 12, смт Білоріченський, Лутугинський р-н, Луганська обл., 92016","1548","669","1541","69","823","56","879","","0","823","56","879","44","835","193","12","47","38","10","11","18","506","29.10.12"
"440183","110","Луганська область","школа, хол
вул.Чапаєва, 1А, смт Білоріченський, Лутугинський р-н, Луганська обл., 92016","1422","551","1386","40","833","38","871","","0","833","38","871","49","822","182","24","34","31","15","19","18","499","29.10.12"
"440184","110","Луганська область","будинок культури ""Комсомолець"", хол
вул.Тупик, 3, с-ще Комсомолець, Лутугинський р-н, Луганська обл., 92017","570","243","556","26","301","26","327","","0","301","26","327","16","311","101","4","25","11","6","14","4","146","29.10.12"
"440185","110","Луганська область","залізнична станція, червоний куточок
вул.Вокзальна, залізнична станція, с-ще Збірне, Лутугинський р-н, Луганська обл., 92018","144","32","147","14","100","12","112","","0","100","12","112","4","108","23","1","2","0","0","1","2","79","29.10.12"
"440199","110","Луганська область","будинок культури, хол
вул.Леніна, 3, смт Юр’ївка, Лутугинський р-н, Луганська обл., 92012","828","329","814","38","461","38","499","","0","461","38","499","25","474","66","2","70","2","6","10","6","312","29.10.12"
"440200","110","Луганська область","школа, спортивна зала
вул.Шкільна, 17, смт Юр’ївка, Лутугинський р-н, Луганська обл., 92012","1716","714","1688","53","956","46","1002","","0","956","46","1002","61","941","205","17","85","23","12","26","10","563","29.10.12"
"440204","110","Луганська область","сільський клуб, актова зала
вул.Гагаріна, 24, с.Західне, Лутугинський р-н, Луганська обл., 92022","318","112","318","8","198","8","206","","0","198","8","206","7","199","37","6","60","13","4","4","2","73","28.10.12"
"440205","110","Луганська область","бібліотека, актова зала
вул.Першотравнева, 122, с.Іллірія, Лутугинський р-н, Луганська обл., 92018","822","241","804","42","539","42","581","","0","539","42","581","23","558","118","5","57","10","11","22","10","325","28.10.12"
"440627","110","Луганська область","дитячий садок №28 ""Буратіно"", музична зала
вул.Піонерська, 2, м.Алчевськ, Луганська обл., 94202","702","268","686","18","420","14","434","","0","420","14","434","36","398","67","7","111","13","43","9","6","142","28.10.12"
"440628","110","Луганська область","навчально-виховний комплекс ""Злагода"", спортивна зала
вул.Центральна, 15А, м.Алчевськ, Луганська обл., 94202","1128","559","1109","54","530","39","569","","0","530","39","569","35","534","52","15","168","8","47","9","2","233","29.10.12"
"440629","110","Луганська область","навчально-виховний комплекс ""Злагода"", актова зала
вул.Центральна, 15А, м.Алчевськ, Луганська обл., 94202","1224","629","1191","71","543","52","595","","0","543","52","595","36","559","72","6","187","9","54","9","6","216","29.10.12"
"440630","110","Луганська область","навчально-виховний комплекс ""Світанок"", спортивна зала
вул.Чайковського, 6, м.Алчевськ, Луганська обл., 94203","1722","854","1707","70","807","61","868","","0","807","61","868","42","826","97","6","207","15","97","16","7","381","29.10.12"
"440631","110","Луганська область","навчально-виховний комплекс ""Світанок"", фойє
вул.Чайковського, 6, м.Алчевськ, Луганська обл., 94203","2304","1358","2307","51","909","37","946","","0","908","37","945","63","882","76","15","206","25","96","26","6","432","30.10.12"
"440632","110","Луганська область","музична школа №1, фойє, 2-й поверх
вул.Московська, 3, м.Алчевськ, Луганська обл., 94204","1536","615","1517","49","880","41","921","","0","880","41","921","40","881","91","13","201","18","174","45","3","336","29.10.12"
"440633","110","Луганська область","Донбаський державний технічний університет, 6-й корпус, фойє, 2-й поверх
вул.Набережна, 10, м.Алчевськ, Луганська обл., 94204","1662","883","1586","44","743","36","779","","0","743","36","779","58","721","116","8","116","17","162","27","4","271","29.10.12"
"440634","110","Луганська область","школа №3, вестибюль
вул.Горького, 24, м.Алчевськ, Луганська обл., 94201","1608","701","1584","53","861","46","907","","0","861","46","907","47","860","131","11","226","27","106","36","7","316","29.10.12"
"440635","110","Луганська область","навчально-виховний комплекс ""Дипломат"", фойє
вул.Набережна, 2, м.Алчевськ, Луганська обл., 94201","1740","772","1696","39","939","29","968","","0","939","29","968","51","917","107","12","321","25","102","32","8","310","29.10.12"
"440636","110","Луганська область","палац культури ""Хімік"", фойє
вул.Кірова, 19, м.Алчевськ, Луганська обл., 94201","1584","758","1556","69","769","57","826","","0","769","57","826","41","785","137","9","167","27","93","27","5","320","29.10.12"
"440637","110","Луганська область","палац культури ""Хімік"", танцювальна зала
вул.Кірова, 19, м.Алчевськ, Луганська обл., 94201","1578","743","1552","35","805","30","835","","0","805","30","835","40","795","93","16","235","20","69","24","7","331","29.10.12"
"440638","110","Луганська область","школа №24, фойє
вул.Франка, 76, м.Алчевськ, Луганська обл., 94201","2310","1130","2267","71","1113","67","1180","","0","1113","67","1180","65","1115","167","6","244","40","110","51","11","486","29.10.12"
"440639","110","Луганська область","колишнє тролейбусне управління, червоний куток
вул.Кірова, 72, м.Алчевськ, Луганська обл., 94222","2208","1092","2181","115","1031","84","1115","","0","1031","84","1115","57","1058","110","20","254","39","144","24","8","459","29.10.12"
"440640","110","Луганська область","Алчевське виробниче управління водопровідно-каналізаційного господарства, зала засідань
вул.Філатова, 19, м.Алчевськ, Луганська обл., 94217","1680","871","1662","85","735","74","809","","0","735","74","809","47","762","96","15","146","16","78","33","6","372","29.10.12"
"440641","110","Луганська область","центр дитячо-юнацької творчості, фойє, 2-й поверх
вул.Горького, 55, м.Алчевськ, Луганська обл., 94204","1650","808","1608","63","788","54","842","","0","788","54","842","53","789","127","19","151","19","128","27","3","315","29.10.12"
"440642","110","Луганська область","спортивна школа №2, спортивна зала
вул.Горького, 55А, м.Алчевськ, Луганська обл., 94204","1686","806","1672","54","831","49","880","","0","831","49","880","55","825","96","13","212","17","107","31","11","338","29.10.12"
"440643","110","Луганська область","спеціалізована школа №22, вестибюль
вул.Московська, 17, м.Алчевськ, Луганська обл., 94213","1362","590","1344","53","722","50","772","","0","722","50","772","53","719","91","13","134","15","103","42","8","313","29.10.12"
"440644","110","Луганська область","Донбаський державний технічний університет, головний корпус, зала слави
пр.Леніна, 16, м.Алчевськ, Луганська обл., 94204","2184","979","2190","60","1156","49","1205","","0","1156","49","1205","76","1129","174","23","244","28","144","39","10","467","29.10.12"
"440645","110","Луганська область","Донбаський державний технічний університет, 6-й корпус, хол, 1-й поверх
вул.Набережна, 10, м.Алчевськ, Луганська обл., 94204","2298","1207","2271","50","1050","41","1091","","0","1050","41","1091","65","1026","119","15","272","32","125","42","11","410","29.10.12"
"440646","110","Луганська область","Алчевський дитячо-юнацький центр туризму, екскурсій і краєзнавства, фойє
вул.Липовенка, 20, м.Алчевськ, Луганська обл., 94213","2382","1043","2342","54","1297","42","1339","","0","1297","42","1339","72","1267","175","17","392","31","162","49","13","428","29.10.12"
"440647","110","Луганська область","Алчевська українська гуманітарна гімназія, вестибюль
вул.Гагаріна, 35, м.Алчевськ, Луганська обл., 94213","2082","955","2047","53","1083","44","1127","","0","1083","44","1127","48","1079","87","19","352","22","132","31","9","427","29.10.12"
"440648","110","Луганська область","школа №17, вестибюль
вул.Гагаріна, 34, м.Алчевськ, Луганська обл., 94213","2405","1117","2365","71","1230","58","1288","","0","1230","58","1288","87","1201","154","17","354","32","115","43","11","475","29.10.12"
"440649","110","Луганська область","Алчевська українська гуманітарна гімназія, спортивна зала
вул.Гагаріна, 35, м.Алчевськ, Луганська обл., 94213","2460","1079","2411","100","1317","64","1381","","0","1317","64","1381","95","1286","153","23","358","33","158","48","12","501","29.10.12"
"440650","110","Луганська область","будівля колишньої школи №23, хол, 1-й поверх
вул.Запорізька, 161, м.Алчевськ, Луганська обл., 94200","2448","1020","2397","122","1309","119","1428","","0","1309","119","1428","79","1349","182","11","368","32","166","41","8","541","29.10.12"
"440651","110","Луганська область","будівля колишньої школи №23, хол, 2-й поверх
вул.Запорізька, 161, м.Алчевськ, Луганська обл., 94200","1764","840","1728","33","897","27","924","","0","897","27","924","52","872","118","12","263","19","102","22","9","327","29.10.12"
"440652","110","Луганська область","школа №7, хол, 1-й поверх молодшої школи
вул.Станіславського, 7, м.Алчевськ, Луганська обл., 94214","2370","1203","2328","72","1108","59","1167","","0","1108","59","1167","64","1103","155","13","254","19","166","42","8","446","29.10.12"
"440653","110","Луганська область","школа №7, хол, 1-й поверх старшої школи
вул.Станіславського, 7, м.Алчевськ, Луганська обл., 94214","2292","894","2250","54","1351","47","1398","","0","1351","47","1398","82","1316","161","12","353","38","149","42","13","548","29.10.12"
"440654","110","Луганська область","дитячий садок №7 ""Золота рибка"", музична зала
вул.Гмирі, 32А, м.Алчевськ, Луганська обл., 94214","2298","1014","2268","57","1238","46","1284","","0","1238","46","1284","83","1201","172","17","292","39","133","46","15","487","29.10.12"
"440655","110","Луганська область","Алчевська інформаційно-технологічна гімназія, рекреація, 2-й поверх, ліворуч
вул.Леніна, 122А, м.Алчевськ, Луганська обл., 94214","1740","848","1706","22","876","16","892","","0","876","16","892","58","834","130","13","171","33","100","47","4","336","29.10.12"
"440656","110","Луганська область","школа-ліцей №11, хол, 1-й поверх
вул.Леніна, 89, м.Алчевськ, Луганська обл., 94214","2400","1200","2341","41","1174","26","1200","","0","1174","26","1200","98","1102","148","25","209","23","161","47","10","479","29.10.12"
"440657","110","Луганська область","Алчевський міський центр зайнятості, коридор
вул.Леніна, 114, м.Алчевськ, Луганська обл., 94220","2430","1100","2394","20","1316","14","1330","","0","1315","14","1329","89","1240","172","19","203","25","222","47","19","533","29.10.12"
"440658","110","Луганська область","Алчевська інформаційно-технологічна гімназія, рекреація, 2-й поверх, праворуч
вул.Леніна, 122А, м.Алчевськ, Луганська обл., 94214","2148","1087","2114","11","1053","8","1061","","0","1053","8","1061","51","1010","119","10","196","23","170","45","8","439","29.10.12"
"440659","110","Луганська область","Алчевська соціально-економічна гімназія, вестибюль
вул.Леніна, 85А, м.Алчевськ, Луганська обл., 94214","2394","1206","2343","11","1182","6","1188","","0","1182","6","1188","64","1124","130","19","251","34","153","46","16","475","29.10.12"
"440660","110","Луганська область","школа-ліцей №11, хол, 1-й поверх, ліворуч
вул.Леніна, 89, м.Алчевськ, Луганська обл., 94214","1800","882","1763","20","903","15","918","","0","903","15","918","43","875","135","9","178","14","134","28","5","372","29.10.12"
"440661","110","Луганська область","Алчевська соціально-економічна гімназія, вестибюль
вул.Леніна, 85А, м.Алчевськ, Луганська обл., 94214","2388","1114","2326","34","1245","29","1274","","0","1243","29","1272","83","1189","171","15","258","31","165","44","11","494","29.10.12"
"440662","110","Луганська область","школа-ліцей №11, хол, 1-й поверх, праворуч
вул.Леніна, 89, м.Алчевськ, Луганська обл., 94214","2310","1092","2246","29","1195","23","1218","","0","1195","23","1218","74","1144","138","15","270","25","161","45","10","480","29.10.12"
"440663","110","Луганська область","Алчевська соціально-економічна гімназія, вестибюль початкової школи, 1-й поверх
вул.Леніна, 85А, м.Алчевськ, Луганська обл., 94214","1794","863","1753","30","906","25","931","","0","906","25","931","50","881","96","9","148","20","140","38","13","417","30.10.12"
"440664","110","Луганська область","Алчевська гімназія, вестибюль
вул.Леніна, 41А, м.Алчевськ, Луганська обл., 94214","2148","915","2105","66","1174","59","1233","","0","1174","59","1233","64","1169","145","21","271","28","144","57","8","495","29.10.12"
"440665","110","Луганська область","спортивна школа №1, тенісна зала
пр.Металургів, 3, м.Алчевськ, Луганська обл., 94214","1230","535","1197","17","684","11","695","","0","684","11","695","44","651","64","5","187","15","83","28","6","263","29.10.12"
"440666","110","Луганська область","Алчевська гімназія, спортивна зала
вул.Леніна, 41А, м.Алчевськ, Луганська обл., 94214","2328","956","2278","51","1327","45","1372","","0","1327","45","1372","87","1285","167","20","297","29","173","37","14","548","29.10.12"
"440667","110","Луганська область","школа №12, вестибюль
пр.Металургів, 13В, м.Алчевськ, Луганська обл., 94222","1278","523","1261","25","737","18","755","","0","737","18","755","57","698","104","9","159","22","106","26","8","264","29.10.12"
"440668","110","Луганська область","вище професійне училище №40, фойє, 2-й поверх
пр.Металургів, 19, м.Алчевськ, Луганська обл., 94206","1620","700","1602","28","895","25","920","","0","895","25","920","38","882","99","18","272","14","82","33","8","356","29.10.12"
"440669","110","Луганська область","школа №6, центральний вестибюль
вул.Гмирі, 17, м.Алчевськ, Луганська обл., 94206","1488","631","1469","31","828","29","857","","0","828","29","857","52","805","83","10","243","24","85","27","8","325","29.10.12"
"440670","110","Луганська область","індустріальний технікум Донбаського державного технічного університету, фойє
вул.Дунауйвароська, 14, м.Алчевськ, Луганська обл., 94222","1500","677","1461","19","805","18","823","","0","805","18","823","47","776","107","16","204","26","85","29","8","301","29.10.12"
"440671","110","Луганська область","школа №6, вестибюль
вул.Гмирі, 17, м.Алчевськ, Луганська обл., 94206","1380","630","1337","29","724","26","750","","0","723","26","749","55","694","96","16","168","30","78","20","6","280","29.10.12"
"440672","110","Луганська область","Алчевський професійний металургійний ліцей, 1-й корпус, фойє
вул.Дунауйвароська, 16, м.Алчевськ, Луганська обл., 94222","1518","699","1506","44","778","41","819","","0","778","41","819","42","777","108","10","186","30","86","27","5","325","29.10.12"
"440673","110","Луганська область","центральна міська лікарня, червоний куток
вул.Леніна, 4А, м.Алчевськ, Луганська обл., 94207","426","198","233","32","198","30","228","","0","198","30","228","12","216","23","5","43","3","19","10","0","113","29.10.12"
"440674","110","Луганська область","пологовий будинок, 4-й поверх адміністративної частини будівлі, конференційна зала
вул.Дунауйвароська, 20, м.Алчевськ, Луганська обл., 94220","126","52","79","0","74","0","74","","0","74","0","74","4","70","8","0","13","1","10","2","1","35","29.10.12"
"440675","110","Луганська область","протитуберкульозний диспансер, зала засідань
вул.Дунауйвароська, 22, м.Алчевськ, Луганська обл., 94220","156","58","123","2","96","2","98","","0","96","2","98","17","81","6","3","17","4","5","2","2","42","29.10.12"
"440676","110","Луганська область","онкологічний диспансер, зала засідань
вул.Гагаріна, 23Б, м.Алчевськ, Луганська обл., 94207","114","4","112","9","101","9","110","","0","101","9","110","3","107","9","1","11","4","9","2","0","71","29.10.12"
"440677","110","Луганська область","психіатрична лікарня, конференційна зала
вул.Запорізька, 109, м.Алчевськ, Луганська обл., 94201","126","10","118","1","115","1","116","","0","115","1","116","3","113","4","0","7","0","3","0","1","98","29.10.12"
"440678","110","Луганська область","виправна колонія №13, кабінет начальника
вул.Матросова, 23, м.Алчевськ, Луганська обл., 94203","564","79","493","216","270","215","485","","0","270","215","485","16","469","5","1","9","3","3","6","4","438","28.10.12"
"440679","110","Луганська область","адміністративний корпус ДХК ""Луганськвуглеремонт"", актова зала
вул.Ростовська, 42Б, м.Антрацит, Луганська обл., 94601","1032","417","1025","74","554","61","615","","0","554","61","615","45","570","92","11","62","14","13","44","6","328","29.10.12"
"440680","110","Луганська область","школа №4, їдальня
вул.Молодіжна, 18, м.Антрацит, Луганська обл., 94601","984","466","978","42","478","40","518","","0","478","40","518","16","502","93","10","42","15","5","36","5","296","28.10.12"
"440681","110","Луганська область","КТ ""Мирян і Компанія"", авто-транспортне підприємство, фойє
вул.Пархоменка, 21, м.Антрацит, Луганська обл., 94601","930","423","916","47","468","39","507","","0","468","39","507","29","478","73","12","38","29","6","43","4","273","30.10.12"
"440682","110","Луганська область","ДП ""Антрацит"", фойє
вул.Ростовська, 38, м.Антрацит, Луганська обл., 94613","978","415","974","55","516","47","563","","0","516","47","563","39","524","97","9","68","22","9","35","5","279","29.10.12"
"440683","110","Луганська область","школа №2, актова зала, 2-й поверх
вул.Петровського, 41, м.Антрацит, Луганська обл., 94613","1194","503","1178","55","643","48","691","","0","643","48","691","55","636","125","7","79","14","8","41","12","350","29.10.12"
"440684","110","Луганська область","кінотеатр ім.Шевченка, фойє
вул.Петровського, 51А, м.Антрацит, Луганська обл., 94613","1224","518","1220","31","684","22","706","","0","684","22","706","69","637","114","6","151","24","7","33","9","293","29.10.12"
"440685","110","Луганська область","плавальний басейн, фойє
вул.Ілліча, 34, м.Антрацит, Луганська обл., 94613","1290","498","1268","41","756","36","792","","0","756","36","792","38","754","131","10","220","12","10","34","5","332","29.10.12"
"440686","110","Луганська область","ліцей №1, фойє
вул.Ілліча, ліцей №1, м.Антрацит, Луганська обл., 94613","1104","497","1089","20","590","17","607","","0","590","17","607","46","561","100","7","143","10","10","39","7","245","29.10.12"
"440687","110","Луганська область","школа №3, фойє
вул.Петровського, 142А, м.Антрацит, Луганська обл., 94613","1164","477","1127","36","661","26","687","","0","661","26","687","51","636","89","3","173","11","6","33","5","316","29.10.12"
"440688","110","Луганська область","будинок побуту, фойє, 2-й поверх
вул.Петровського, 34, м.Антрацит, Луганська обл., 94613","1050","496","1028","38","523","31","554","","0","523","31","554","41","513","91","8","45","19","15","36","7","292","29.10.12"
"440689","110","Луганська область","палац культури ім.Леніна, фойє
вул.Леніна, 12, м.Антрацит, Луганська обл., 94613","1494","742","1480","32","721","31","752","","0","721","31","752","51","701","140","12","83","23","16","57","7","363","29.10.12"
"440690","110","Луганська область","школа №1, їдальня
вул.Леніна, 10, м.Антрацит, Луганська обл., 94613","1464","660","1440","35","774","30","804","","0","774","30","804","33","771","106","4","212","39","10","48","10","342","29.10.12"
"440691","110","Луганська область","технікум, фойє
вул.Леніна, 26, м.Антрацит, Луганська обл., 94613","1440","615","1425","34","802","23","825","","0","802","23","825","50","775","146","9","131","55","16","23","13","382","29.10.12"
"440692","110","Луганська область","будівельний ліцей, актова зала
вул.Паркова, 15, м.Антрацит, Луганська обл., 94613","1188","530","1164","27","635","23","658","","0","635","23","658","48","610","90","11","66","16","12","48","9","358","29.10.12"
"440693","110","Луганська область","школа №5, вестибюль
вул.Паркова, 1, м.Антрацит, Луганська обл., 94613","1236","562","1218","17","662","12","674","","0","662","12","674","40","634","84","13","120","19","11","63","12","312","30.10.12"
"440694","110","Луганська область","дитячий дошкільний заклад №9, спальна кімната
вул.Молодогвардійська, 9, м.Антрацит, Луганська обл., 94611","1296","603","1288","28","669","24","693","","0","669","24","693","33","660","90","8","167","22","6","35","12","320","29.10.12"
"440695","110","Луганська область","палац культури ім.Леніна, фойє нової будівлі
вул.Леніна, 12, м.Антрацит, Луганська обл., 94613","1188","608","1164","27","554","26","580","","0","554","26","580","35","545","82","12","85","15","8","66","9","268","29.10.12"
"440696","110","Луганська область","приватний клуб ""Плутон"", фойє
вул.Калініна, 10А, м.Антрацит, Луганська обл., 94611","1080","511","1069","26","550","19","569","","0","550","19","569","29","540","52","3","163","13","1","52","8","248","29.10.12"
"440697","110","Луганська область","школа №19, каб.16
вул.Калініна, 6, м.Антрацит, Луганська обл., 94612","1146","602","1121","19","529","15","544","","0","529","15","544","29","515","80","5","76","17","8","41","3","285","28.10.12"
"440698","110","Луганська область","дошкільний дитячий заклад №13, медичний кабінет
вул.Калініна, 16, м.Антрацит, Луганська обл., 94612","1254","636","1225","19","600","18","618","","0","600","18","618","47","571","117","9","87","19","15","68","10","246","29.10.12"
"440699","110","Луганська область","дитячий дошкільний заклад №12, кабінет екології
вул.Калініна, 8А, м.Антрацит, Луганська обл., 94612","1176","514","1154","23","641","21","662","","0","641","21","662","22","640","95","4","222","14","8","37","1","259","29.10.12"
"440700","110","Луганська область","ДП ""Злагода"", актова зала
вул.Кальницької, ДП ""Злагода"", м.Антрацит, Луганська обл., 94612","1356","681","1337","25","655","20","675","","0","655","20","675","38","637","106","10","79","16","16","49","9","352","29.10.12"
"440701","110","Луганська область","гімназія №1, фойє, 1-й поверх
вул.Ткаленка, гімназія №1, м.Антрацит, Луганська обл., 94612","1380","605","1358","12","764","11","775","","0","764","11","775","33","742","82","8","291","19","5","53","8","276","29.10.12"
"440702","110","Луганська область","прибудова гімназії №1, танцювальний зал, 2-й поверх
вул.Ткаленка, прибудова гімназії №1, м.Антрацит, Луганська обл., 94612","1404","739","1370","11","658","7","665","","0","658","7","665","38","627","102","7","149","23","13","29","10","294","29.10.12"
"440703","110","Луганська область","КП ""Сільгосптехніка"", каб.2, 2-й поверх
вул.Комунальна, 57, м.Антрацит, Луганська обл., 94611","954","465","941","33","459","30","489","","0","459","30","489","31","458","75","14","54","20","7","33","6","249","29.10.12"
"440704","110","Луганська область","дільниця ""Теплокомуненерго"", фойє
вул.Тургенєва, 1, м.Антрацит, Луганська обл., 94611","792","462","765","24","311","19","330","","0","311","19","330","27","303","55","4","35","11","3","25","2","168","29.10.12"
"440705","110","Луганська область","Антрацитміжрайгаз, токарний цех
вул.Толстого, Антрацитміжрайгаз, м.Антрацит, Луганська обл., 94611","966","540","973","24","405","21","426","","0","405","21","426","33","393","93","3","24","18","7","28","4","216","29.10.12"
"440706","110","Луганська область","Вуглеавтоматика, актова зала
вул.Івана Франка, 56, м.Антрацит, Луганська обл., 94610","1494","655","1475","106","769","70","839","","0","769","70","839","52","787","169","8","84","29","15","38","9","435","29.10.12"
"440707","110","Луганська область","школа №15, кл.1
вул.Фадєєва, школа №15, м.Антрацит, Луганська обл., 94608","1386","610","1354","42","738","38","776","","0","738","38","776","30","746","135","13","64","16","12","26","6","474","29.10.12"
"440708","110","Луганська область","гірничий ліцей, фойє
вул.Говорова, 5, м.Антрацит, Луганська обл., 94605","1176","484","1167","77","620","72","692","","0","620","72","692","28","664","93","5","149","15","8","37","2","355","29.10.12"
"440709","110","Луганська область","школа №6, вестибюль
вул.Говорова, 1, м.Антрацит, Луганська обл., 94605","996","474","982","49","476","46","522","","0","476","46","522","33","489","73","6","118","14","12","19","3","244","29.10.12"
"440710","110","Луганська область","професійний ліцей, актова зала
вул.Урожайна, 1, м.Антрацит, Луганська обл., 94604","1272","470","1260","64","740","62","802","","0","740","62","802","56","746","99","19","148","23","12","36","11","398","29.10.12"
"440711","110","Луганська область","школа №8, фойє, 2-й поверх
вул.Стаханова, 1, м.Антрацит, Луганська обл., 94606","1590","601","1560","94","904","85","989","","0","904","85","989","67","922","186","10","59","26","13","47","16","565","29.10.12"
"440712","110","Луганська область","навчально-виховний комплекс №1, фойє, 2-й поверх
вул.Миру, 20А, м.Антрацит, Луганська обл., 94607","1278","527","1265","62","701","50","751","","0","701","50","751","40","711","121","11","55","20","13","21","7","463","29.10.12"
"440713","110","Луганська область","палац культури, фойє
вул.Миру, 22А, м.Антрацит, Луганська обл., 94607","1188","505","1176","50","643","40","683","","0","643","40","683","47","636","134","11","47","15","4","20","8","397","29.10.12"
"440714","110","Луганська область","школа №21, актова зала
вул.Папаніна, 1, м.Антрацит, Луганська обл., 94601","840","416","839","44","382","42","424","","0","382","42","424","27","397","70","3","18","24","4","20","5","253","29.10.12"
"440715","110","Луганська область","школа №14, к.6
вул.Тімошенка, школа №14, м.Антрацит, Луганська обл., 94609","648","243","641","29","380","25","405","","0","380","25","405","16","389","56","7","27","8","3","20","1","267","28.10.12"
"440716","110","Луганська область","будинок культури, зала для глядачів
вул.Переверзєва, 6, смт Боково-Платове, м.Антрацит, Луганська обл., 94625","1392","399","1382","92","907","86","993","","0","907","86","993","65","928","129","1","386","9","12","22","5","364","29.10.12"
"440717","110","Луганська область","школа №13, фойє
вул.Шевченка, 26, смт Боково-Платове, м.Антрацит, Луганська обл., 94625","870","382","859","64","431","57","488","","0","431","57","488","22","466","73","7","188","14","7","18","4","155","29.10.12"
"440718","110","Луганська область","школа №20, фойє, 1-й поверх
вул.Лісна, 1, с-ще Христофорівка Боково-Платівської селищної ради, м.Антрацит, Луганська обл., 94628","462","159","460","58","248","55","303","","0","248","55","303","9","294","54","2","17","8","7","6","1","199","28.10.12"
"440719","110","Луганська область","Щотівська селищна рада, фойє
вул.Леніна, 5, смт Щотове, м.Антрацит, Луганська обл., 94620","1176","527","1165","54","610","39","649","","0","610","39","649","50","599","139","19","71","21","16","20","5","308","29.10.12"
"440720","110","Луганська область","клуб смт Щотове, танцювальна зала
вул.Леніна, 10, смт Щотове, м.Антрацит, Луганська обл., 94620","1080","426","1060","80","593","61","654","","0","593","61","654","49","605","129","15","33","33","16","24","7","348","28.10.12"
"440721","110","Луганська область","школа № 12, фойє
вул.Першотравнева, 1, м.Антрацит, Луганська обл., 94620","1056","436","1026","61","566","54","620","","0","566","54","620","38","582","146","10","43","36","14","18","4","311","29.10.12"
"440722","110","Луганська область","клуб смт Кам’яне, зала для глядачів
вул.Шахтарська, 158, смт Кам’яне, м.Антрацит, Луганська обл., 94623","1104","538","1101","56","521","45","566","","0","521","45","566","30","536","83","11","61","21","13","24","5","318","29.10.12"
"440723","110","Луганська область","Кам’янська селищна рада, обрядова зала, 1-й поверх
вул.Шахтарська, 160, смт Кам’яне, м.Антрацит, Луганська обл., 94623","1176","547","1153","62","578","51","629","","0","578","51","629","30","599","107","13","103","9","26","33","10","298","29.10.12"
"440724","110","Луганська область","медичне училище, актова зала
вул.40 років Жовтня, 11Б, смт Кріпенський, м.Антрацит, Луганська обл., 94632","1116","528","1087","37","557","31","588","","0","557","31","588","44","544","149","13","59","20","11","50","3","239","29.10.12"
"440725","110","Луганська область","палац культури ім.Горького, танцювальна зала
вул.40 років Жовтня, палац культури ім.Горького, смт Кріпенський, м.Антрацит, Луганська обл., 94632","1218","561","1189","54","608","49","657","","0","608","49","657","34","623","115","14","48","21","12","35","4","374","29.10.12"
"440726","110","Луганська область","школа №9, фойє
вул.Леніна, 8, смт Кріпенський, м.Антрацит, Луганська обл., 94632","1110","589","1096","62","465","56","521","","0","465","56","521","37","484","145","7","42","11","10","21","2","246","29.10.12"
"440727","110","Луганська область","школа №17, фойє, 2-й поверх
вул.40 років Жовтня, 25А, смт Кріпенський, м.Антрацит, Луганська обл., 94632","1146","486","1141","47","613","47","660","","0","613","47","660","44","616","100","10","74","25","5","23","4","375","29.10.12"
"440728","110","Луганська область","адміністративно-побутовий комбінат шахти ""Кріпенська"", актова зала
вул.Більшовик, адміністративно-побутовий комбінат шахти ""Кріпенська"", смт Кріпенський, м.Антрацит, Луганська обл., 94632","702","285","701","34","385","32","417","","0","385","32","417","32","385","77","9","44","13","11","14","3","214","28.10.12"
"440729","110","Луганська область","Верхньонагольчицька селищна рада, актова зала
вул.Леніна, 1, смт Верхній Нагольчик, м.Антрацит, Луганська обл., 94630","1404","521","1391","86","809","74","883","","0","809","74","883","52","831","224","7","147","12","7","4","27","403","29.10.12"
"440730","110","Луганська область","школа №10, фойє
вул.Московська, 10, смт Дубівський, м.Антрацит, Луганська обл., 94637","1356","583","1349","59","721","52","773","","0","721","52","773","49","724","141","10","48","24","16","23","7","455","29.10.12"
"440731","110","Луганська область","будинок культури ""Дубівський"", фойє
вул.Миру, 10А, смт Дубівський, м.Антрацит, Луганська обл., 94637","936","342","930","51","543","51","594","","0","543","51","594","39","555","108","9","38","22","5","16","2","355","28.10.12"
"440732","110","Луганська область","клуб шахти ""Дружба"", актова зала
вул.Кірова, 17, смт Дубівський, м.Антрацит, Луганська обл., 94636","582","196","568","53","337","49","386","","0","337","49","386","16","370","27","7","17","9","5","16","3","286","29.10.12"
"440733","110","Луганська область","колишня школа №30, актова зала
вул.Мічуріна, 5, смт Дубівський, м.Антрацит, Луганська обл., 94608","246","43","242","20","184","19","203","","0","184","19","203","8","195","31","3","8","1","1","6","2","143","28.10.12"
"440734","110","Луганська область","школа №22, спортивна зала
вул.Горького, 72, с.Оріхове, м.Антрацит, Луганська обл., 94683","408","95","400","22","291","22","313","","0","291","22","313","12","301","46","5","13","8","21","10","1","197","28.10.12"
"440735","110","Луганська область","комунальна установа ""1-а міська лікарня"", дитяче інфекційне відділення, фойє, 2-й поверх
вул.Толстоусова, 1, м.Антрацит, Луганська обл., 94613","54","0","71","51","15","39","54","","0","15","39","54","0","54","11","2","8","3","0","1","2","27","28.10.12"
"440736","110","Луганська область","комунальна установа ""2-а міська лікарня"", палата 1
вул.Суворова, 2, смт Кріпенський, м.Антрацит, Луганська обл., 94632","54","26","28","0","28","0","28","","0","28","0","28","1","27","7","0","5","0","1","1","1","12","28.10.12"
"440737","110","Луганська область","Антрацитівська центральна районна лікарня, актова зала
вул.Говорова, 1, м.Антрацит, Луганська обл., 94605","54","37","18","4","14","3","17","","0","14","3","17","0","17","5","0","4","1","0","0","0","7","28.10.12"
