"№ ВД","OBO","Назва регіону України","Місцезнаходження та адреса приміщення для голосування","1) К-сть одержаних бюлетенів","2) К-сть невикористаних бюлетенів","3) К-сть виборців, внесених до списку виборців","4) К-сть виборців, внесених до витягу зі списку виборців","5) К-сть виборців, які отримали бюлетені у приміщенні","6) К-сть виборців, які отримали за місцем перебування","7) Сумарна к-сть виборців, які отримали бюлетені","8) К-сть бюлетенів, що виявилися у кожній скринці","9) К-сть бюлетенів, що не підлягають врахуванню","10) К-сть виборців, які взяли участь у голос. у приміщенні для гол.","11) К-сть виборців, які взяли участь у голос. за місцем перебування","12) К-сть виборців, які взяли участь у голосуванні на виборчій дільниці","13) К-сть бюлетенів, визнаних недійсними","14) Сумарна к-сть голосів виборців ЗА","Беркут
Ігор
Віталійович","Грицишин
Геннадій
Андрійович","Казаков
Олег
Іванович","Казаков
Сергій
Вікторович","Карацуба
Павло
Васильович","Комчадалов
Євгеній
Євгенович","Корчагін
Павло
Петрович","Кунченко
Олексій
Петрович","Луговцов
Олексій
Сергійович","Припотень
Володимир
Юрійович","Самарський
Сергій
Вікторович","Сідєльнікова
Галина
Анатоліївна","Фурман
Юрій
Анатолійович","Хітько
Ірина
Сергіївна","Шахов
Сергій
Олександрович","Шевчук
Вячеслав
Анатолійович","Дата підписання протоколу"
"440393","106","Луганська область","сільський будинок культури, фойє, 1-й поверх
вул.Кірова, 4, смт Білогорівка, Попаснянський р-н, Луганська обл., 93310","764","228","758","55","481","55","536","","0","481","55","536","19","517","77","3","0","4","2","2","42","267","3","0","14","8","62","3","28","2","29.10.12"
"440394","106","Луганська область","школа, хол, 1-й поверх
пров.Шкільний, 2, с.Шипилівка, Попаснянський р-н, Луганська обл., 93311","416","99","412","26","293","24","317","","0","293","24","317","11","306","19","0","1","2","1","0","23","232","1","1","8","4","2","1","10","1","28.10.12"
"440395","106","Луганська область","школа, хол, 1-й поверх
вул.Шкільна, 4, с.Золотарівка, Попаснянський р-н, Луганська обл., 93312","520","154","518","32","334","32","366","","0","334","32","366","8","358","36","1","2","2","2","0","20","200","1","2","8","7","52","0","21","4","29.10.12"
"440396","106","Луганська область","школа, ліва частина спортзалу, 1-й поверх
вул.Чапаєва, 2, смт Вовчоярівка, Попаснянський р-н, Луганська обл., 93315","368","78","368","31","265","25","290","","0","265","25","290","8","282","19","0","3","1","0","0","23","222","0","0","11","0","0","1","2","0","29.10.12"
"440397","106","Луганська область","приватний будинок, кабінет 1, 1-й поверх
вул.Октябрьська, 19, смт Вовчоярівка, Попаснянський р-н, Луганська обл., 93315","320","71","315","29","223","26","249","","0","223","26","249","5","244","26","0","7","3","1","1","20","169","0","0","4","3","1","2","5","2","29.10.12"
"440398","106","Луганська область","школа, фойє, 1-й поверх
вул.Артема, 5, смт Врубівка, Попаснянський р-н, Луганська обл., 93330","860","340","857","55","470","50","520","","0","470","50","520","16","504","72","1","5","2","1","2","42","321","3","1","7","6","4","2","32","3","29.10.12"
"440399","106","Луганська область","фельдшерсько-акушерський пункт, приймальна кімната, 1-й поверх
вул.Кірова, фельдшерсько-акушерський пункт, с-ще Миколаївка, Попаснянський р-н, Луганська обл., 93331","104","27","106","18","60","17","77","","0","60","17","77","2","75","4","0","1","1","0","2","2","46","0","0","5","0","4","1","9","0","29.10.12"
"440400","106","Луганська область","школа, їдальня, 1-й поверх
вул.Первомайська, школа, с.Новоіванівка, Попаснянський р-н, Луганська обл., 93332","408","130","405","51","234","44","278","","0","234","44","278","21","257","13","2","3","2","1","0","32","175","0","0","4","4","4","5","11","1","29.10.12"
"440401","106","Луганська область","школа, коридор, 1-й поверх
вул.Шкільна, 1, смт Калинове, Попаснянський р-н, Луганська обл., 93350","624","263","614","20","344","17","361","","0","344","17","361","9","352","24","1","3","1","9","0","45","181","0","1","4","2","61","0","20","0","29.10.12"
"440402","106","Луганська область","сільський будинок культури, глядацький зал, 1-й поверх
вул.Леніна, 13А, смт Калинове, Попаснянський р-н, Луганська обл., 93350","896","394","884","56","446","56","502","","0","446","56","502","19","483","19","1","2","3","9","4","56","181","0","3","5","3","141","1","55","0","29.10.12"
"440403","106","Луганська область","дитячий садок №9, коридор, 1-й поверх
вул.Маяковського, 68, смт Калинове, Попаснянський р-н, Луганська обл., 93351","928","375","910","56","498","55","553","","0","498","55","553","22","531","58","3","1","1","25","2","35","250","3","0","5","2","97","0","45","4","29.10.12"
"440404","106","Луганська область","сільський будинок культури, глядацький зал, 1-й поверх
вул.Нова, будинок культури, с.Калинове-Борщувате, Попаснянський р-н, Луганська обл., 93302","204","49","207","18","137","18","155","","0","137","18","155","2","153","11","1","2","1","3","0","12","78","2","1","14","1","2","1","23","1","29.10.12"
"440405","106","Луганська область","школа, спортивний зал, 1-й поверх
вул.60 років Жовтня, школа, смт Комишуваха, Попаснянський р-н, Луганська обл., 93340","1508","702","1484","49","760","46","806","","0","760","46","806","44","762","62","7","9","7","5","3","125","461","6","7","20","10","4","1","33","2","29.10.12"
"440406","106","Луганська область","сільський будинок культури, кінозал, 1-й поверх
вул.Поштова, 1, смт Комишуваха, Попаснянський р-н, Луганська обл., 93341","592","265","583","28","300","27","327","","0","300","27","327","13","314","13","3","4","2","3","1","37","221","3","1","10","2","3","2","7","2","29.10.12"
"440407","106","Луганська область","сільський будинок культури, дискозал, 1-й поверх
вул.Чапаєва, 1А, с-ще Ниркове, Попаснянський р-н, Луганська обл., 93340","184","48","184","12","125","11","136","","0","125","11","136","3","133","12","0","1","0","0","1","18","57","1","0","3","0","26","1","12","1","29.10.12"
"440408","106","Луганська область","фельдшерсько-акушерський пункт, медична кімната, 1-й поверх
вул.Верхня, 23, с-ще Дружба, Попаснянський р-н, Луганська обл., 93300","136","44","142","4","88","4","92","","0","88","4","92","4","88","3","0","2","1","2","0","23","39","1","0","7","1","2","2","5","0","29.10.12"
"440409","106","Луганська область","школа, коридор, 1-й поверх
вул.Ворошилова, 17А, с-ще Лисичанський, Попаснянський р-н, Луганська обл., 93314","1164","559","1149","74","542","63","605","","0","542","63","605","25","580","40","3","8","0","3","1","57","411","3","0","10","9","0","3","28","4","29.10.12"
"440410","106","Луганська область","адміністративна будівля селищної ради, фойє, 1-й поверх
вул.Освіти, 1, смт Мирна Долина, Попаснянський р-н, Луганська обл., 93321","300","96","304","17","189","15","204","","0","189","15","204","5","199","36","2","2","2","0","0","21","109","0","0","7","4","3","0","12","1","29.10.12"
"440411","106","Луганська область","сільський будинок культури, фойє, 1-й поверх
вул.Октябрьська, 1А, с-ще Підлісне, Попаснянський р-н, Луганська обл., 93324","316","101","319","27","188","27","215","","0","188","27","215","5","210","38","2","2","1","1","0","22","111","0","0","8","3","4","1","17","0","29.10.12"
"440412","106","Луганська область","нежитлова будівля селищної ради, кабінет 2, 1-й поверх
вул.Шевченко, 10А, с-ще Лоскутівка, Попаснянський р-н, Луганська обл., 93323","380","150","381","39","197","33","230","","0","197","33","230","10","220","44","2","3","1","0","2","34","96","1","3","5","5","5","1","17","1","29.10.12"
"440413","106","Луганська область","сільський будинок культури, фойє, 1-й поверх
вул.Зубенко, 10А, с.Біла Гора, Попаснянський р-н, Луганська обл., 93322","244","72","247","16","157","15","172","","0","157","15","172","5","167","6","1","1","2","0","1","15","92","0","0","7","0","14","0","27","1","29.10.12"
"440414","106","Луганська область","сільський будинок культури, глядацький зал, 1-й поверх
вул.Первомайська, 84А, с.Березівське, Попаснянський р-н, Луганська обл., 93343","508","181","504","51","288","39","327","","0","288","39","327","12","315","31","5","2","4","2","2","61","163","3","0","21","3","2","1","10","5","29.10.12"
"440415","106","Луганська область","сільський будинок культури, глядацький зал, 1-й поверх
вул.Коцюбинського, 35А, с.Катеринівка, Попаснянський р-н, Луганська обл., 93344","280","80","276","41","165","35","200","","0","165","35","200","6","194","7","1","2","3","1","1","35","112","1","0","7","4","14","2","3","1","29.10.12"
"440416","106","Луганська область","школа, коридор, 1-й поверх
вул.Врожайна, 5, с-ще Молодіжне, Попаснянський р-н, Луганська обл., 93345","236","72","240","11","153","11","164","","0","153","11","164","1","163","7","2","3","2","0","1","4","128","0","0","2","0","1","1","12","0","29.10.12"
"440417","106","Луганська область","їдальня, виробничий зал, 1-й поверх
вул.Совхозна, 12, с-ще Голубівське, Попаснянський р-н, Луганська обл., 93336","440","172","435","26","244","24","268","","0","244","24","268","13","255","20","1","2","3","3","4","59","136","1","3","6","2","2","1","8","4","29.10.12"
"440418","106","Луганська область","сільський будинок культури, глядацький зал, 1-й поверх
вул.Широка, 41А, с-ще Голубівське, Попаснянський р-н, Луганська обл., 93335","584","175","585","61","349","60","409","","0","349","60","409","10","399","91","2","4","3","2","2","45","224","2","1","7","3","3","1","8","1","29.10.12"
"440419","106","Луганська область","школа, кабінет української мови, 1-й поверх
вул.Центральна, 1, с.Оріхове, Попаснянський р-н, Луганська обл., 93334","320","118","317","19","186","16","202","","0","186","16","202","7","195","44","1","2","2","1","0","40","82","1","3","10","1","3","0","4","1","29.10.12"
"440420","106","Луганська область","школа, вестибюль, 1-й поверх
вул.Красна, 1А, с.Троїцьке, Попаснянський р-н, Луганська обл., 93354","448","171","443","27","253","24","277","","0","253","24","277","9","268","14","2","3","1","2","2","40","163","0","4","4","3","10","1","16","3","29.10.12"
"440421","106","Луганська область","сільський будинок культури, кінозал, 1-й поверх
вул.Фрунзе, 20А, с.Троїцьке, Попаснянський р-н, Луганська обл., 93345","424","170","420","40","220","34","254","","0","220","34","254","5","249","18","1","3","1","0","0","22","162","1","0","15","1","12","1","12","0","29.10.12"
"440424","106","Луганська область","дільнична лікарня, коридор, 1-й поверх
вул.Зарічна, 13А, смт Калинове, Попаснянський р-н, Луганська обл., 93353","36","1","38","17","19","16","35","","0","19","16","35","1","34","0","0","0","0","0","0","0","33","0","1","0","0","0","0","0","0","29.10.12"
"441162","106","Луганська область","школа №2, фойє, 1-й поверх
вул.Жовтнева, 1, м.Сєвєродонецьк, Луганська обл., 93400","2384","1081","2375","55","1253","50","1303","","0","1253","50","1303","47","1256","224","17","12","5","5","2","191","516","11","4","89","39","78","7","41","15","29.10.12"
"441163","106","Луганська область","Палац культури ""Хіміків"", фойє, 1-й поверх
вул.Леніна, 37, м.Сєвєродонецьк, Луганська обл., 93400","2272","952","2248","52","1275","45","1320","","0","1275","45","1320","63","1257","192","12","9","10","10","3","193","558","6","5","75","40","94","6","25","19","29.10.12"
"441164","106","Луганська область","ДНЗ ""Сєвєродонецьке вище професійне училище"", корпус 3, ауд.1, 1-й поверх
просп.Радянський, 22, м.Сєвєродонецьк, Луганська обл., 93400","2352","1130","2335","47","1182","40","1222","","0","1182","40","1222","38","1184","206","13","13","8","3","1","155","552","5","5","77","41","32","6","48","19","29.10.12"
"441165","106","Луганська область","ТОВ ""ТАУН СЕРВІС"", фойє, 1-й поверх
вул.Заводська, 13, м.Сєвєродонецьк, Луганська обл., 93400","2112","1028","2099","62","1033","51","1084","","0","1033","51","1084","45","1039","149","8","13","2","7","2","109","541","2","1","46","24","85","3","32","15","29.10.12"
"441166","106","Луганська область","ДНЗ ""Сєвєродонецький професійний ліцей"", приймальна комісія, 1-й поверх
просп.Хіміків, 5, м.Сєвєродонецьк, Луганська обл., 93400","2320","1101","2289","37","1188","31","1219","","0","1188","31","1219","44","1175","155","20","19","14","7","2","151","564","0","1","79","23","100","2","29","9","29.10.12"
"441167","106","Луганська область","КЗ ""Сєвєродонецьке обласне музичне училище ім.С.С.Прокоф’єва"", фойє, 1-й поверх
просп.Хіміків, 10, м.Сєвєродонецьк, Луганська обл., 93400","2344","1196","2327","37","1116","32","1148","","0","1116","32","1148","37","1111","151","9","12","12","5","4","110","539","1","3","54","18","152","3","31","7","29.10.12"
"441168","106","Луганська область","школа №5, коридор, 1-й поверх
просп.Хіміків, 18, м.Сєвєродонецьк, Луганська обл., 93400","2120","1007","2117","40","1078","35","1113","","0","1078","35","1113","34","1079","138","11","14","7","6","2","131","505","3","4","71","16","106","2","48","15","29.10.12"
"441169","106","Луганська область","школа №12, фойє, 1-й поверх
просп.Гвардійський, 9, м.Сєвєродонецьк, Луганська обл., 93400","2200","1018","2180","40","1149","33","1182","","0","1149","33","1182","43","1139","136","9","11","10","4","1","126","555","4","4","49","23","158","3","32","14","29.10.12"
"441170","106","Луганська область","школа №6, фойє, 1-й поверх
вул.Маяковського, 9, м.Сєвєродонецьк, Луганська обл., 93400","1980","905","1977","16","1063","12","1075","","1","1062","12","1074","39","1035","135","7","10","10","2","4","141","526","2","0","59","22","63","5","34","15","31.10.12"
"441171","106","Луганська область","Сєвєродонецький професійний будівельний ліцей, фойє, 1-й поверх
вул.Маяковського, 18, м.Сєвєродонецьк, Луганська обл., 93400","2260","1051","2240","27","1186","23","1209","","0","1186","23","1209","39","1170","178","16","12","12","7","2","129","555","1","1","57","26","112","4","42","16","29.10.12"
"441172","106","Луганська область","Сєвєродонецький хіміко-механічний технікум, фойє, 1-й поверх
просп.Радянський, 72, м.Сєвєродонецьк, Луганська обл., 93400","1816","981","1798","12","823","12","835","","0","822","12","834","32","802","104","6","12","6","3","2","105","381","1","0","34","9","82","2","45","10","29.10.12"
"441173","106","Луганська область","школа №10, фойє, 2-й поверх
вул.Леніна, 47, м.Сєвєродонецьк, Луганська обл., 93400","1948","801","1928","55","1094","53","1147","","0","1094","53","1147","34","1113","196","12","6","5","7","0","142","469","6","1","58","40","99","8","30","34","28.10.12"
"441174","106","Луганська область","дитячо-юнацька спортивна школа №3, спортивний комплекс ""Олімпія"", спортивна зала, 1-й поверх
вул.Сметаніна, 5А, м.Сєвєродонецьк, Луганська обл., 93400","2088","1042","2083","16","1035","11","1046","","0","1035","11","1046","28","1018","183","9","5","6","4","0","152","397","3","0","88","61","63","4","19","24","29.10.12"
"441175","106","Луганська область","ДНЗ ""Сєвєродонецьке вище професійне училище"", корпус 1, фойє, 1-й поверх
просп.Радянський, 17, м.Сєвєродонецьк, Луганська обл., 93400","1928","1029","1910","48","860","39","899","","0","859","39","898","39","859","115","8","11","5","2","0","91","415","2","3","60","35","56","4","28","24","29.10.12"
"441176","106","Луганська область","ДНЗ ""Сєвєродонецьке вище професійне училище"", корпус 2, фойє, 1-й поверх
вул.Горького, 2, м.Сєвєродонецьк, Луганська обл., 93400","1620","791","1612","12","817","12","829","","0","817","12","829","27","802","124","6","13","6","3","2","79","334","2","1","32","20","127","2","45","6","29.10.12"
"441177","106","Луганська область","Міський палац культури, права частина фойє, 1-й поверх
просп.Хіміків, 28, м.Сєвєродонецьк, Луганська обл., 93400","2380","1234","2353","39","1111","35","1146","","0","1111","35","1146","27","1119","140","14","15","15","2","3","117","569","2","0","66","32","83","2","44","15","29.10.12"
"441178","106","Луганська область","Міський палац культури, ліва частина фойє, 1-й поверх
просп.Хіміків, 28, м.Сєвєродонецьк, Луганська обл., 93400","2392","1250","2360","41","1111","31","1142","","0","1111","31","1142","37","1105","141","16","9","11","4","2","126","562","3","1","73","29","66","3","48","11","29.10.12"
"441179","106","Луганська область","комплексна дитячо-юнацька спортивна школа №1, фойє, 1-й поверх
вул.Федоренка, 33, м.Сєвєродонецьк, Луганська обл., 93400","1840","850","1830","50","949","41","990","","0","949","41","990","34","956","129","10","8","12","3","3","103","524","0","1","47","24","59","3","20","10","29.10.12"
"441180","106","Луганська область","школа №11, фойє, 1-й поверх
просп.Гвардійський, 25, м.Сєвєродонецьк, Луганська обл., 93400","1824","790","1821","32","1008","26","1034","","0","1008","26","1034","32","1002","163","10","11","3","2","1","121","453","4","2","52","14","115","2","39","10","29.10.12"
"441181","106","Луганська область","Льодовий палац спорту, праве фойє
вул.Маяковського, 28, м.Сєвєродонецьк, Луганська обл., 93400","2336","1117","2316","42","1185","34","1219","","0","1185","34","1219","38","1181","159","11","9","5","6","1","118","581","0","2","75","20","132","4","45","13","29.10.12"
"441182","106","Луганська область","Льодовий палац спорту, ліве фойє
вул.Маяковського, 28, м.Сєвєродонецьк, Луганська обл., 93400","2260","988","2245","63","1225","47","1272","","0","1225","47","1272","37","1235","137","11","8","10","4","1","135","652","2","0","66","19","121","5","42","22","29.10.12"
"441183","106","Луганська область","Технологічний інститут СНУ ім.В.Даля, фойє навчального корпусу, 1-й поверх
вул.Донецька, 41, м.Сєвєродонецьк, Луганська обл., 93400","2320","1006","2295","38","1293","21","1314","","0","1293","21","1314","49","1265","219","21","10","5","9","2","143","522","2","2","91","37","148","3","29","22","29.10.12"
"441184","106","Луганська область","гуртожиток КПЖ ""Промінь"", червоний куток, 1-й поверх
вул.Гагаріна, 70А, м.Сєвєродонецьк, Луганська обл., 93400","772","397","765","9","366","9","375","","0","366","9","375","19","356","68","10","1","2","4","0","35","148","0","2","35","16","10","0","13","12","29.10.12"
"441185","106","Луганська область","ДП ""Науково-дослідний інститут техніки безпеки хімічних виробництв"", фойє, 1-й поверх
просп.Гвардійський, 34, м.Сєвєродонецьк, Луганська обл., 93400","2424","1148","2402","27","1249","27","1276","","0","1248","27","1275","39","1236","144","14","9","10","10","1","148","535","10","1","69","27","187","7","44","20","29.10.12"
"441186","106","Луганська область","спеціалізована школа №17, фойє молодшого корпусу, 1-й поверх
вул.Курчатова, 34, м.Сєвєродонецьк, Луганська обл., 93400","2276","1052","2265","29","1201","23","1224","","0","1200","23","1223","18","1205","177","6","10","8","1","2","140","636","3","2","59","45","48","1","45","22","29.10.12"
"441187","106","Луганська область","ДП ""Інститут азотної промисловості і органічного синтезу"", фойє, 1-й поверх
вул.Вілєсова, 1, м.Сєвєродонецьк, Луганська обл., 93400","2144","847","2134","25","1280","17","1297","","0","1280","17","1297","42","1255","152","10","10","8","7","1","146","610","5","3","80","35","103","2","61","22","29.10.12"
"441188","106","Луганська область","школа №16, фойє, 1-й поверх
вул.Гагаріна, 97, м.Сєвєродонецьк, Луганська обл., 93400","2376","1006","2346","40","1339","31","1370","","0","1339","31","1370","54","1316","182","18","15","8","8","4","163","645","3","7","94","38","66","5","36","24","29.10.12"
"441189","106","Луганська область","Сєвєродонецький багатопрофільний ліцей, фойє, 1-й поверх
вул.Гагаріна, 97, м.Сєвєродонецьк, Луганська обл., 93400","2408","1115","2389","41","1258","35","1293","","0","1258","35","1293","43","1250","207","11","7","6","3","2","146","615","1","6","71","28","79","4","44","20","29.10.12"
"441190","106","Луганська область","школа №4, фойє молодшого корпусу, 1-й поверх
вул.Гагаріна, 90, м.Сєвєродонецьк, Луганська обл., 93400","2388","1023","2361","44","1328","37","1365","","0","1328","37","1365","40","1325","182","9","9","10","1","3","169","606","4","5","100","43","119","4","29","32","29.10.12"
"441191","106","Луганська область","школа №4, фойє старшого корпусу, 1-й поверх
вул.Гагаріна, 90, м.Сєвєродонецьк, Луганська обл., 93400","2408","1104","2380","30","1280","24","1304","","0","1280","24","1304","40","1264","183","14","15","12","4","2","159","555","3","0","73","35","144","5","40","20","29.10.12"
"441192","106","Луганська область","спеціалізована школа №17, фойє старшого корпусу, 1-й поверх
вул.Курчатова, 34, м.Сєвєродонецьк, Луганська обл., 93400","1784","729","1774","19","1039","16","1055","","0","1039","16","1055","33","1022","139","8","5","11","1","0","141","464","2","2","58","28","120","3","25","15","29.10.12"
"441193","106","Луганська область","школа №8, фойє старшого корпусу, 1-й поверх
вул.Вілєсова, 10, м.Сєвєродонецьк, Луганська обл., 93400","2164","911","2137","26","1233","20","1253","","0","1233","20","1253","37","1216","160","5","8","7","3","2","143","648","3","6","84","37","28","6","33","43","31.10.12"
"441194","106","Луганська область","школа №8, фойє молодшого корпусу, 1-й поверх
вул.Вілєсова, 10, м.Сєвєродонецьк, Луганська обл., 93400","2208","1059","2186","23","1133","16","1149","","0","1133","16","1149","37","1112","164","11","10","6","4","2","130","515","1","2","84","42","81","1","29","30","29.10.12"
"441195","106","Луганська область","школа №14, фойє, 1-й поверх
вул.Гагаріна, 111, м.Сєвєродонецьк, Луганська обл., 93400","2316","1237","2287","19","1064","15","1079","","0","1064","15","1079","41","1038","140","7","5","10","2","4","128","469","2","0","82","38","0","101","28","22","29.10.12"
"441196","106","Луганська область","школа №20, центральне фойє, 1-й поверх
вул.Гагаріна, 113, м.Сєвєродонецьк, Луганська обл., 93400","2176","1020","2145","12","1147","9","1156","","0","1147","9","1156","15","1141","151","6","12","4","7","2","138","546","1","1","103","41","78","2","23","26","29.10.12"
"441197","106","Луганська область","школа №20, фойє молодшого корпусу, 1-й поверх
вул.Гагаріна, 113, м.Сєвєродонецьк, Луганська обл., 93400","2408","1150","2384","22","1240","18","1258","","0","1240","18","1258","47","1211","190","7","7","3","6","5","145","589","2","2","94","49","55","3","22","32","29.10.12"
"441198","106","Луганська область","КП Житлосервіс ""Евріка"", актова зала, 2-й поверх
вул.Гагаріна, 115, м.Сєвєродонецьк, Луганська обл., 93400","2440","1298","2415","11","1134","8","1142","","0","1134","8","1142","32","1110","180","6","7","8","1","7","107","528","4","4","88","59","45","5","32","29","29.10.12"
"441199","106","Луганська область","КП ""Сєвєродонецьке тролейбусне управління"", побутове приміщення №2, 2-й поверх
шосе Будівельників, 27, м.Сєвєродонецьк, Луганська обл., 93400","2196","1050","2184","15","1131","15","1146","","0","1131","15","1146","35","1111","170","19","19","14","6","0","117","536","4","1","52","28","78","7","35","25","29.10.12"
"441200","106","Луганська область","КЗ ""Сєвєродонецька міська бібліотека для юнацтва ім.Й.Б.Курлата"", читальна зала, 1-й поверх
вул.Курчатова, 17, м.Сєвєродонецьк, Луганська обл., 93400","2196","963","2170","23","1218","15","1233","","0","1217","15","1232","45","1187","206","18","10","12","6","3","130","528","2","5","80","41","61","2","56","27","29.10.12"
"441201","106","Луганська область","школа №18, ліва сторона фойє, 1-й поверх
вул.Курчатова, 27Б, м.Сєвєродонецьк, Луганська обл., 93400","2272","983","2239","17","1276","13","1289","","0","1276","13","1289","52","1237","188","9","11","5","8","2","130","617","3","1","94","47","59","2","32","29","29.10.12"
"441202","106","Луганська область","школа №18, права сторона фойє, 1-й поверх
вул.Курчатова, 27Б, м.Сєвєродонецьк, Луганська обл., 93400","2404","1091","2378","20","1298","15","1313","","0","1298","15","1313","44","1269","162","15","8","9","6","4","144","611","7","3","86","40","88","6","55","25","29.10.12"
"441203","106","Луганська область","ДП ""Сєвєродонецьке лісомисливське господарство"", господарча кімната
вул.Кірова, 112, кв-л Щедрищеве, м.Сєвєродонецьк, Луганська обл., 93404","664","300","654","30","337","27","364","","0","337","27","364","13","351","71","6","6","2","4","1","36","165","1","2","20","12","14","0","7","4","29.10.12"
"441204","106","Луганська область","Торгівельний комплекс ""Хуторок"", зала для масових заходів, 1-й поверх
вул.Першотравнева, 1, смт Метьолкіне, м.Сєвєродонецьк, Луганська обл., 93491","540","263","540","22","260","17","277","","0","259","17","276","10","266","50","4","0","3","0","0","30","114","1","0","8","6","21","1","25","3","29.10.12"
"441205","106","Луганська область","клуб смт Воронове, к.2
вул.Горького, 10, смт Воронове, м.Сєверодонецьк, Луганська обл., 93492","644","335","636","19","292","17","309","","0","292","17","309","12","297","49","6","4","0","0","0","36","115","0","1","3","2","54","2","22","3","28.10.12"
"441206","106","Луганська область","школа №7, спортивна зала, 1-й поверх
вул.Комсомольська, 32, смт Сиротине, м.Сєверодонецьк, Луганська обл., 93490","1144","499","1145","72","580","65","645","","0","580","65","645","13","632","73","9","12","7","0","4","58","357","3","2","26","12","32","5","26","6","29.10.12"
"441207","106","Луганська область","школа №19, фойє, 1-й поверх
вул.Леніна, 35, смт Борівське, м.Сєвєродонецьк, Луганська обл., 93493","2068","1090","2045","97","902","76","978","","0","902","76","978","28","950","150","10","19","15","4","1","103","596","3","0","19","7","7","0","12","4","29.10.12"
"441208","106","Луганська область","дошкільний корпус школи №19, зала, 1-й поверх
вул.Колгоспна, 30, смт Борівське, м.Сєвєродонецьк, Луганська обл., 93493","1908","1002","1897","90","824","82","906","","0","824","82","906","38","868","138","13","24","16","5","2","56","560","2","1","8","10","11","2","13","7","29.10.12"
"441209","106","Луганська область","Бобрівське лісництво, фойє
вул.Червона, 50, с.Боброве, м.Сєверодонецьк, Луганська обл., 93493","152","59","162","7","86","7","93","","0","86","7","93","5","88","12","1","1","1","1","0","7","48","0","1","6","0","6","0","3","1","28.10.12"
"441210","106","Луганська область","Воєводівський сільський комітет, к.2
вул.Шкільна, 4, с.Воєводівка, м.Сєверодонецьк, Луганська обл., 93481","520","187","525","29","309","24","333","","0","309","24","333","10","323","44","6","7","6","1","0","26","192","1","0","10","6","14","1","8","1","28.10.12"
"441211","106","Луганська область","КУ ""Сєвєродонецька міська багатопрофільна лікарня"", поліклініка №1, фойє, 2-й поверх
вул.Сметаніна, 5, м.Сєвєродонецьк, Луганська обл., 93400","104","32","77","59","18","54","72","","0","18","54","72","2","70","13","1","0","1","0","0","6","30","0","0","3","2","7","0","6","1","29.10.12"
"441212","106","Луганська область","Стахановська гімназія №11, хол, 1-й поверх, ліве крило
вул.Олімпійська, 23, м.Стаханов, Луганська обл., 94013","1584","705","1574","43","843","36","879","","0","843","36","879","32","847","35","1","4","2","19","12","53","129","1","7","10","8","464","4","97","1","29.10.12"
"441213","106","Луганська область","Стахановська гімназія №11, хол, 1-й поверх, праве крило
вул.Олімпійська, 23, м.Стаханов, Луганська обл., 94013","1696","859","1670","22","820","17","837","","0","820","17","837","34","803","49","3","4","7","27","20","39","98","3","2","10","14","408","3","115","1","29.10.12"
"441214","106","Луганська область","дитяча школа мистецтв №5, концертна зала
вул.Олімпійська, 38, м.Стаханов, Луганська обл., 94013","2184","961","2182","26","1205","18","1223","","0","1205","18","1223","42","1181","52","3","5","3","29","17","49","120","2","4","17","12","734","1","124","9","29.10.12"
"441215","106","Луганська область","гуртожиток ВАТ ""Стахановський вагонобудівний завод"", хол
вул.Стаханова, 7А, м.Стаханов, Луганська обл., 94013","2176","1042","2157","24","1122","12","1134","","0","1122","12","1134","38","1096","49","3","1","2","30","15","63","172","1","7","11","4","139","4","590","5","29.10.12"
"441216","106","Луганська область","спеціалізована школа №10, хол, 1-й поверх
вул.70 років Жовтня, школа №10, м.Стаханов, Луганська обл., 94013","1568","684","1562","21","866","18","884","","0","866","18","884","27","857","47","1","3","10","15","4","42","104","1","5","19","10","498","5","86","7","29.10.12"
"441217","106","Луганська область","поліклініка №2, хол
вул.Стаханова, 6, м.Стаханов, Луганська обл., 94013","1724","899","1701","32","799","26","825","","0","799","26","825","40","785","38","3","7","4","16","7","67","103","4","6","9","8","424","1","87","1","29.10.12"
"441218","106","Луганська область","дитячо-юнацька спортивна школа №1 спортзал ""Геркулес"", спортивна зала
вул.60 років Жовтня, 7А, м.Стаханов, Луганська обл., 94013","2068","1103","2047","71","914","51","965","","0","914","51","965","36","929","64","2","3","10","25","9","70","140","0","4","8","13","487","3","87","4","29.10.12"
"441219","106","Луганська область","навчально-виховний комплекс №8, хол
вул.Бурбело, 28, м.Стаханов, Луганська обл., 94013","2020","1012","1999","50","970","38","1008","","0","970","38","1008","33","975","56","2","7","4","36","16","67","198","2","11","14","14","434","2","106","6","29.10.12"
"441220","106","Луганська область","навчально-виховний комплекс №8 (вхід з двору), хол
вул.Бурбело, 28, м.Стаханов, Луганська обл., 94013","1608","769","1599","38","806","33","839","","0","806","33","839","29","810","58","2","3","3","11","9","52","133","1","7","7","9","396","3","113","3","29.10.12"
"441221","106","Луганська область","Стахановський машинобудівельний технікум, спортивна зала
вул.Літке, 10, м.Стаханов, Луганська обл., 94013","1656","817","1647","20","825","14","839","","0","825","14","839","38","801","47","2","0","2","36","5","58","121","3","7","13","6","382","4","111","4","29.10.12"
"441222","106","Луганська область","Стахановська гімназія №26, їдальня, 1-й поверх
вул.Руднєва, 3, м.Стаханов, Луганська обл., 94013","1968","840","1954","24","1110","18","1128","","0","1109","18","1127","54","1073","59","4","1","8","45","9","74","145","1","10","5","10","612","1","86","3","29.10.12"
"441223","106","Луганська область","центр зайнятості населення, фойє
просп.Леніна, 24, м.Стаханов, Луганська обл., 94013","2456","1129","2427","50","1285","42","1327","","0","1285","42","1327","52","1275","46","0","3","6","45","23","104","240","0","11","20","14","654","4","102","3","29.10.12"
"441224","106","Луганська область","центр дитячої та юнацької творчості, фойє, 1-й поверх
вул.Б.Хмельницького, 18, м.Стаханов, Луганська обл., 94002","1964","951","1947","39","986","27","1013","","0","986","27","1013","40","973","57","3","7","9","40","12","65","154","3","10","15","14","481","3","92","8","29.10.12"
"441225","106","Луганська область","вище професійне училище сфери послуг, фойє
вул.Гагаріна, 18, м.Стаханов, Луганська обл., 94018","1000","441","994","18","544","15","559","","0","544","15","559","25","534","34","2","2","0","19","5","41","95","2","9","6","6","260","1","50","2","29.10.12"
"441226","106","Луганська область","палац культури ім.Горького, фойє
вул.Кірова, 30, м.Стаханов, Луганська обл., 94005","1664","803","1659","37","835","26","861","","0","835","26","861","41","820","57","2","3","6","17","37","81","141","2","12","20","5","307","4","121","5","29.10.12"
"441227","106","Луганська область","спеціалізована школа №3, хол, 2-й поверх
вул.Леніна, 4, м.Стаханов, Луганська обл., 94005","1784","844","1766","68","890","50","940","","0","890","50","940","45","895","81","3","4","3","40","12","92","176","1","7","14","8","344","1","103","6","28.10.12"
"441228","106","Луганська область","школа №28, хол, 1-й поверх
вул.Дзержинського, 20, м.Стаханов, Луганська обл., 94005","2108","893","2068","72","1148","67","1215","","0","1148","67","1215","40","1175","83","2","4","5","42","21","108","244","5","15","21","15","508","2","95","5","29.10.12"
"441229","106","Луганська область","Стахановський учбово-науковий інститут гірничих та освітніх технологій УІПА, фойє
вул.Тельмана, 53, м.Стаханов, Луганська обл., 94005","1492","726","1489","55","728","38","766","","0","728","38","766","58","708","57","2","0","2","18","9","90","174","3","9","8","4","236","2","92","2","29.10.12"
"441230","106","Луганська область","промислово-економічний технікум, фойє
вул.Леніна, 20, м.Стаханов, Луганська обл., 94005","1352","624","1346","75","665","63","728","","0","665","63","728","30","698","49","0","1","2","22","9","68","268","2","6","18","6","166","2","75","4","29.10.12"
"441231","106","Луганська область","Стахановський професійний ліцей, фойє
вул.Челюскінців, 10, м.Стаханов, Луганська обл., 94005","1292","568","1286","34","697","27","724","","0","697","27","724","39","685","49","0","10","3","10","62","39","171","3","4","14","5","237","4","67","7","29.10.12"
"441232","106","Луганська область","Стахановська гімназія №7, хол, 2-й поверх
вул.К.Лібкнехта, 61, м.Стаханов, Луганська обл., 94016","2136","1013","2126","79","1057","66","1123","","0","1057","66","1123","53","1070","59","0","6","7","84","9","78","206","3","7","25","10","433","1","137","5","29.10.12"
"441249","106","Луганська область","Стахановська школа-інтернат №2, хол, 1-й поверх
вул.Шосейна, 14, м.Стаханов, Луганська обл., 94008","1128","532","1122","34","575","21","596","","0","575","21","596","20","576","30","1","3","6","5","3","46","110","0","2","7","4","281","2","71","5","29.10.12"
"441250","106","Луганська область","клуб імені Фрунзе, фойє
вул.Пархоменка, 1, м.Стаханов, Луганська обл., 94008","652","317","652","23","313","22","335","","0","313","22","335","21","314","22","0","1","2","6","3","29","108","1","0","3","2","89","0","42","6","29.10.12"
"441251","106","Луганська область","школа №16, хол, 1-й поверх
вул.Луганська, 1, м.Стаханов, Луганська обл., 94012","1812","932","1796","63","824","56","880","","0","824","56","880","40","840","106","5","3","9","16","2","47","280","5","8","13","1","227","4","106","8","29.10.12"
"441258","106","Луганська область","бібліотека-філіал №4, фойє
пров.Педагогічний, 10, м.Алмазна, Луганська обл., 94095","1540","713","1508","74","755","72","827","","0","755","72","827","25","802","33","3","1","3","7","7","32","399","0","11","10","6","208","0","78","4","29.10.12"
"441259","106","Луганська область","школа №1, хол, 2-й поверх
вул.Ілліча, 17, м.Алмазна, Луганська обл., 94095","784","370","778","48","370","44","414","","0","370","44","414","17","397","13","1","1","5","3","4","31","151","0","8","8","4","123","3","40","2","29.10.12"
"441260","106","Луганська область","школа №25, спортивна зала, 2-й поверх
вул.Серго, 13, м.Алмазна, Луганська обл., 94095","1004","387","995","50","569","48","617","","0","569","48","617","25","592","32","0","3","3","7","9","49","231","1","20","9","3","163","0","59","3","29.10.12"
"441261","106","Луганська область","АТЗТ ""Стахановський міськмолокозавод"", клуб
вул.Поселення 43, 7, м.Алмазна, Луганська обл., 94095","552","251","561","23","279","22","301","","0","279","22","301","10","291","19","0","1","3","6","10","21","78","4","10","6","3","89","0","40","1","29.10.12"
"441262","106","Луганська область","перша міська лікарня, велика зала
пров.Лісовий, 16, м.Стаханов, Луганська обл., 94016","360","266","104","44","54","40","94","","0","54","40","94","2","92","9","0","1","0","4","0","2","17","0","4","1","1","20","0","33","0","29.10.12"
