"№ ВД","OBO","Назва регіону України","Місцезнаходження та адреса приміщення для голосування","1) К-сть одержаних бюлетенів","2) К-сть невикористаних бюлетенів","3) К-сть виборців, внесених до списку виборців","4) К-сть виборців, внесених до витягу зі списку виборців","5) К-сть виборців, які отримали бюлетені у приміщенні","6) К-сть виборців, які отримали за місцем перебування","7) Сумарна к-сть виборців, які отримали бюлетені","8) К-сть бюлетенів, що виявилися у кожній скринці","9) К-сть бюлетенів, що не підлягають врахуванню","10) К-сть виборців, які взяли участь у голос. у приміщенні для гол.","11) К-сть виборців, які взяли участь у голос. за місцем перебування","12) К-сть виборців, які взяли участь у голосуванні на виборчій дільниці","13) К-сть бюлетенів, визнаних недійсними","14) Сумарна к-сть голосів виборців ЗА","Демішкан
Володимир
Федорович","Запорожець
Іван
Іванович","Ільїнова
Лідія
Рефатівна","Кравченко
Ольга
Ігнатівна","Сивоконь
Тетяна
Семенівна","Черенков
Олександр
Павлович","Чудовський
Андрій
Ігорович","Штомпель
Віталій
Олександрович","Дата підписання протоколу"
"440035","114","Луганська область","заготконтора, торгова зала
вул.ім.Торосяна, 13, смт Біловодськ, Біловодський р-н, Луганська обл., 92800","1104","242","1095","183","698","164","862","","0","698","164","862","28","834","674","18","9","11","97","13","7","5","29.10.12"
"440036","114","Луганська область","ліцей, фойє
вул.ім.Карла Маркса, 32, смт Біловодськ, Біловодський р-н, Луганська обл., 92800","1504","253","1480","325","974","277","1251","","0","974","277","1251","0","1251","1045","16","36","30","97","11","11","5","29.10.12"
"440037","114","Луганська область","будинок культури, фойє
вул.ім.Леніна, 109, смт Біловодськ, Біловодський р-н, Луганська обл., 92800","1432","348","1400","201","906","178","1084","","0","906","178","1084","28","1056","739","27","39","33","164","30","14","10","29.10.12"
"440038","114","Луганська область","дитячо-юнацька спортивна школа, ігрова зала
вул.ім.Козюменського, 16, смт Біловодськ, Біловодський р-н, Луганська обл., 92800","1480","358","1457","233","947","175","1122","","0","947","175","1122","14","1108","788","35","31","52","153","30","7","12","29.10.12"
"440039","114","Луганська область","райавтодор, актова зала
вул.ім.Гуньяна, 20, смт Біловодськ, Біловодський р-н, Луганська обл., 92800","1200","132","1181","240","830","238","1068","","0","830","238","1068","9","1059","847","23","25","19","111","16","12","6","29.10.12"
"440040","114","Луганська область","школа, спортивна зала
вул.ім.Юрченка, 21, с.Бараниківка, Біловодський р-н, Луганська обл., 92830","976","62","957","260","656","258","914","","0","656","258","914","2","912","904","0","0","0","8","0","0","0","29.10.12"
"440041","114","Луганська область","школа, спортивна зала
вул.Єлісєєва, 57, с.Зелеківка, Біловодський р-н, Луганська обл., 92831","536","35","524","75","426","75","501","","0","426","75","501","8","493","479","3","0","0","11","0","0","0","29.10.12"
"440042","114","Луганська область","сільська рада, фойє
вул.Степова, 7, с.Брусівка, Біловодський р-н, Луганська обл., 92814","446","91","432","39","318","37","355","","0","318","37","355","8","347","230","11","12","42","38","8","0","6","31.10.12"
"440043","114","Луганська область","будинок культури, фойє
вул.Леніна, 8, с.Городище, Біловодський р-н, Луганська обл., 92835","1112","287","1091","109","728","97","825","","0","728","97","825","13","812","566","30","36","24","133","8","6","9","29.10.12"
"440044","114","Луганська область","дитячий садок, музична зала
вул.Леніна, 40, с.Данилівка, Біловодський р-н, Луганська обл., 92833","648","198","634","56","394","56","450","","0","394","56","450","4","446","234","15","11","27","140","5","11","3","29.10.12"
"440045","114","Луганська область","школа, коридор
вул.Пастухова, 9, с.Новодеркул, Біловодський р-н, Луганська обл., 92833","696","209","686","32","455","32","487","","0","455","32","487","19","468","278","6","11","7","162","2","0","2","28.10.12"
"440046","114","Луганська область","контора, фойє
вул.Молодіжна, 12, с.Городнє, Біловодський р-н, Луганська обл., 92833","192","40","181","5","147","5","152","","0","147","5","152","1","151","110","5","6","16","14","0","0","0","28.10.12"
"440047","114","Луганська область","сільський клуб, глядацька зала
вул.Центральна, 99, с.Третяківка, Біловодський р-н, Луганська обл., 92834","384","42","377","61","281","61","342","","0","281","61","342","2","340","287","8","1","5","35","2","1","1","28.10.12"
"440048","114","Луганська область","сільський клуб, фойє
вул.Клубна, 1А, с.Первомайськ, Біловодський р-н, Луганська обл., 92834","136","13","131","20","103","20","123","","0","103","20","123","0","123","108","0","0","0","15","0","0","0","28.10.12"
"440049","114","Луганська область","сільський клуб, фойє
вул.Шевченка, 2, с.Євсуг, Біловодський р-н, Луганська обл., 92820","360","87","351","69","207","66","273","","0","207","66","273","12","261","166","9","7","27","36","10","5","1","28.10.12"
"440050","114","Луганська область","школа, спортивна зала
вул.Старобільська, 36, с.Євсуг, Біловодський р-н, Луганська обл., 92820","648","146","636","80","425","77","502","","0","425","77","502","9","493","300","19","18","37","77","31","8","3","28.10.12"
"440051","114","Луганська область","школа, спортивна зала
вул.Центральна, 1, с.Парневе, Біловодський р-н, Луганська обл., 92822","472","140","460","64","273","59","332","","0","273","59","332","20","312","179","14","9","11","86","8","4","1","28.10.12"
"440052","114","Луганська область","будинок культури, глядацька зала
вул.Леніна, 18, с.Кононівка, Біловодський р-н, Луганська обл., 92810","272","41","261","21","212","19","231","","0","212","19","231","0","231","209","0","0","0","16","6","0","0","28.10.12"
"440053","114","Луганська область","сільський клуб, фойє
вул.Леніна, 35, с.Гармашівка, Біловодський р-н, Луганська обл., 92811","208","6","204","12","190","12","202","","0","190","12","202","4","198","122","9","10","5","33","15","4","0","28.10.12"
"440054","114","Луганська область","сільський клуб, фойє
вул.Радянська, 45, с.Лимарівка, Біловодський р-н, Луганська обл., 92812","232","8","234","17","207","17","224","","0","207","17","224","0","224","221","0","1","1","0","0","1","0","28.10.12"
"440055","114","Луганська область","школа, спортивна зала
вул.Шевченко, 9, с.Литвинівка, Біловодський р-н, Луганська обл., 92815","688","30","682","161","497","161","658","","0","497","161","658","6","652","550","13","17","18","35","7","4","8","28.10.12"
"440056","114","Луганська область","сільська рада, фойє
вул.Жовтнева, 1, с.Нижньобараниківка, Біловодський р-н, Луганська обл., 92832","384","12","380","122","250","122","372","","0","250","122","372","0","372","366","0","0","4","1","1","0","0","28.10.12"
"440057","114","Луганська область","будинок культури, фойє
вул.Шкільна, 10, с.Новоолександрівка, Біловодський р-н, Луганська обл., 92823","728","230","716","70","430","68","498","","0","430","68","498","11","487","290","11","11","12","91","65","3","4","29.10.12"
"440058","114","Луганська область","фельдшерсько-акушерський пункт, кабінет керівника
вул.Садова, 1, с.Степове, Біловодський р-н, Луганська обл., 92823","232","32","223","17","183","17","200","","0","183","17","200","5","195","157","6","1","4","14","8","3","2","28.10.12"
"440059","114","Луганська область","школа, спортивна зала
вул.Шкільна, 55, с.Новолимарівка, Біловодський р-н, Луганська обл., 92813","688","83","687","141","464","141","605","","0","464","141","605","0","605","436","19","2","28","92","13","8","7","29.10.12"
"440060","114","Луганська область","школа, спортивна зала
вул.Комарова, 13, с.Плугатар, Біловодський р-н, Луганська обл., 92806","432","26","428","97","309","97","406","","0","309","97","406","0","406","386","2","2","5","9","0","1","1","28.10.12"
"440061","114","Луганська область","контора відділення, кабінет директора
вул.Центральна, 1, с.Узлісся, Біловодський р-н, Луганська обл., 92830","112","7","110","25","80","25","105","","0","80","25","105","0","105","99","0","1","0","4","1","0","0","28.10.12"
"440062","114","Луганська область","сільський клуб, фойє
вул.Октябрська, 24, с.Семикозівка, Біловодський р-н, Луганська обл., 92803","952","214","931","112","644","94","738","","0","644","94","738","26","712","487","28","15","38","117","7","10","10","31.10.12"
"440063","114","Луганська область","будинок культури, фойє
вул.Уманського, 77, с.Семикозівка, Біловодський р-н, Луганська обл., 92803","432","46","428","59","327","59","386","","0","327","59","386","6","380","282","19","8","9","41","14","3","4","28.10.12"
"440064","114","Луганська область","дитячий садок, музичний зал
вул.Мічуріна, 46, с.Шуліківка, Біловодський р-н, Луганська обл., 92816","272","50","269","46","178","44","222","","0","178","44","222","5","217","156","7","3","2","29","18","1","1","28.10.12"
"440216","114","Луганська область","сільський будинок культури, актова зала
вул.Леніна, 228, смт Марківка, Марківський р-н, Луганська обл., 92400","736","264","728","29","445","27","472","","0","445","27","472","16","456","284","44","15","32","59","9","5","8","29.10.12"
"440217","114","Луганська область","районний будинок культури, хол
вул.Леніна, 29, смт Марківка, Марківський р-н, Луганська обл., 92400","1520","513","1495","68","946","61","1007","","0","946","61","1007","30","977","477","87","53","83","196","17","33","31","28.10.12"
"440218","114","Луганська область","аграрний ліцей, спортивний зал
пл.Жовтнева, 1, смт Марківка, Марківський р-н, Луганська обл., 92400","856","300","834","32","528","28","556","","0","528","28","556","27","529","301","49","25","35","80","12","13","14","28.10.12"
"440219","114","Луганська область","школа №1, хол
вул.Задорожнього, 9, смт Марківка, Марківський р-н, Луганська обл., 92400","1040","323","1028","62","657","60","717","","0","657","60","717","21","696","406","51","26","46","120","27","10","10","28.10.12"
"440220","114","Луганська область","філія ""Марківський райавтодор"", актова зала
вул.Єременка, 24, смт Марківка, Марківський р-н, Луганська обл., 92400","816","235","803","46","537","44","581","","0","537","44","581","10","571","299","55","18","40","124","20","6","9","29.10.12"
"440221","114","Луганська область","ТОВ ""Біловодський елеватор"", хол
вул.Єременка, 175А, смт Марківка, Марківський р-н, Луганська обл., 92400","768","268","762","42","462","38","500","","0","462","38","500","24","476","236","40","17","21","95","46","7","14","29.10.12"
"440222","114","Луганська область","гімназія, спортивний зал
вул.Леніна, 53, с.Бондарівка, Марківський р-н, Луганська обл., 92443","1240","468","1227","75","707","65","772","","0","707","65","772","25","747","388","73","51","55","117","33","16","14","28.10.12"
"440223","114","Луганська область","школа, хол
пл.Радянська, 1Б, с.Курячівка, Марківський р-н, Луганська обл., 92444","432","138","421","39","258","36","294","","0","258","36","294","13","281","172","16","9","22","37","18","1","6","28.10.12"
"440224","114","Луганська область","школа, хол
вул.Радянська, 12А, с.Кризьке, Марківський р-н, Луганська обл., 92424","584","171","569","58","359","54","413","","0","359","54","413","15","398","222","25","20","26","76","14","10","5","28.10.12"
"440225","114","Луганська область","сільський клуб, актова зала
вул.Гагаріна, 6, с.Сичівка, Марківський р-н, Луганська обл., 93425","200","43","190","24","134","23","157","","0","134","23","157","2","155","83","20","3","14","28","2","3","2","28.10.12"
"440226","114","Луганська область","школа, коридор
вул.Єременка, 1, с.Сичанське, Марківський р-н, Луганська обл., 92440","616","242","602","41","334","40","374","","0","334","40","374","16","358","219","23","12","41","52","3","5","3","29.10.12"
"440227","114","Луганська область","гімназія, спортивний зал
вул.Радянська, 18, с.Караван-Солодкий, Марківський р-н, Луганська обл., 92441","584","163","567","26","398","23","421","","0","398","23","421","6","415","285","19","21","42","38","5","3","2","28.10.12"
"440228","114","Луганська область","сільська рада, к.1
вул.Леніна, 13А, с.Лісна Поляна, Марківський р-н, Луганська обл., 92430","704","251","686","62","398","55","453","","0","398","55","453","14","439","266","39","4","26","73","24","3","4","28.10.12"
"440229","114","Луганська область","сільський клуб, хол
вул.Пушкіна, 28А, с.Марківське, Марківський р-н, Луганська обл., 92433","192","43","193","15","140","9","149","","0","140","9","149","9","140","92","7","0","7","28","4","1","1","29.10.12"
"440230","114","Луганська область","сільський клуб, актова зала
вул.Мічуріна, 6, с.Тишківка, Марківський р-н, Луганська обл., 94434","248","63","239","35","151","34","185","","0","151","34","185","6","179","100","8","6","13","45","4","2","1","28.10.12"
"440231","114","Луганська область","школа, спортивний зал
вул.Шкільна, 10, с.Красне Поле, Марківський р-н, Луганська обл., 92410","520","178","514","59","287","55","342","","0","287","55","342","5","337","162","43","17","33","55","8","11","8","28.10.12"
"440232","114","Луганська область","школа, спортивний зал
вул.Радянська, 58, с.Височинівка, Марківський р-н, Луганська обл., 92411","376","90","376","21","267","19","286","","0","267","19","286","8","278","183","5","3","7","60","12","5","3","28.10.12"
"440233","114","Луганська область","сільська рада, к.3
вул.Жовтнева, 13, с.Гераськівка, Марківський р-н, Луганська обл., 92413","256","70","251","22","166","20","186","","0","166","20","186","4","182","127","10","1","14","24","3","1","2","28.10.12"
"440234","114","Луганська область","фельдшерсько-акушерський пункт, к.2
вул.Колгоспна, 1Б, с.Тернівка, Марківський р-н, Луганська обл., 92415","168","52","165","11","106","10","116","","0","106","10","116","5","111","68","5","5","9","19","1","1","3","28.10.12"
"440235","114","Луганська область","фельдшерсько-акушерський пункт, к.3
вул.Гагаріна, 17А, с.Рудівка, Марківський р-н, Луганська обл., 92414","88","22","84","10","56","10","66","","0","56","10","66","3","63","43","4","0","5","10","1","0","0","28.10.12"
"440236","114","Луганська область","школа, хол
вул.Кірова, 9, с.Просяне, Марківський р-н, Луганська обл., 92420","352","92","342","20","241","19","260","","0","241","19","260","2","258","155","18","6","19","46","4","4","6","28.10.12"
"440237","114","Луганська область","школа, хол
вул.Матросова, 21, с.Розсохувате, Марківський р-н, Луганська обл., 92421","240","48","237","12","180","12","192","","0","180","12","192","3","189","104","14","4","20","39","4","2","2","29.10.12"
"440238","114","Луганська область","школа, спортивний зал
вул.Леніна, 118, с.Кабичівка, Марківський р-н, Луганська обл., 92422","664","201","647","70","399","64","463","","0","399","64","463","3","460","312","27","13","25","73","2","3","5","29.10.12"
"440239","114","Луганська область","школа, спортивний зал
вул.40 років Перемоги, 50, с.Веселе, Марківський р-н, Луганська обл., 92423","272","80","269","18","174","18","192","","0","174","18","192","4","188","143","7","7","6","22","1","1","1","29.10.12"
"440240","114","Луганська область","Міловська дитяча школа мистецтв, клас хореографії, 1-й поверх
вул.Леніна, 1, смт Мілове, Міловський р-н, Луганська обл., 92500","1688","867","1673","69","763","58","821","","0","763","58","821","27","794","566","29","17","54","107","7","7","7","28.10.12"
"440241","114","Луганська область","Міловський районний будинок культури, фойє, 1-й поверх
вул.Первомайська, 17, смт Мілове, Міловський р-н, Луганська обл., 92500","2264","1104","2231","71","1105","55","1160","","0","1105","55","1160","27","1133","740","33","43","85","189","18","11","14","29.10.12"
"440242","114","Луганська область","сільський клуб, актовий зал
вул.Клубна, 1, с.Травневе, Міловський р-н, Луганська обл., 92506","304","159","292","6","140","5","145","","0","140","5","145","3","142","99","2","5","13","17","2","3","1","29.10.12"
"440243","114","Луганська область","Великоцька школа, фойє, 1-й поверх
вул.Красногорська, 1, с.Великоцьк, Міловський р-н, Луганська обл., 92505","1248","580","1228","95","594","74","668","","0","594","74","668","25","643","432","22","20","25","118","11","10","5","29.10.12"
"440244","114","Луганська область","Зориківська школа, спортивний зал, 1-й поверх
вул.Совєтська, 43, с.Зориківка, Міловський р-н, Луганська обл., 92523","512","161","497","33","322","29","351","","0","322","29","351","7","344","236","12","6","18","59","7","4","2","28.10.12"
"440245","114","Луганська область","сільський клуб, фойє
вул.Леніна, 123, с.Півнівка, Міловський р-н, Луганська обл., 92523","280","87","273","18","175","18","193","","0","175","18","193","2","191","136","6","4","3","30","8","2","2","28.10.12"
"440246","114","Луганська область","Микільська школа, фойє, 1-й поверх
вул.Леніна, 72А, с.Микільське, Міловський р-н, Луганська обл., 92510","632","212","629","52","368","52","420","","0","368","52","420","9","411","302","21","9","23","43","4","4","5","29.10.12"
"440247","114","Луганська область","сільський клуб, фойє
вул.Ювілейна, 41А, с.Микільське, Міловський р-н, Луганська обл., 92511","320","123","315","25","174","23","197","","0","174","23","197","8","189","118","8","8","16","34","2","1","2","28.10.12"
"440248","114","Луганська область","Дібровська школа, спортивний зал
вул.Радянська, 1А, с.Діброва, Міловський р-н, Луганська обл., 92513","256","84","255","15","161","11","172","","0","161","11","172","3","169","100","1","4","12","47","2","2","1","28.10.12"
"440249","114","Луганська область","Морозівська школа, фойє, 1-й поверх
вул.50 років Жовтня, 24А, с.Морозівка, Міловський р-н, Луганська обл., 92520","704","276","685","41","391","37","428","","0","391","37","428","8","420","303","9","7","22","30","44","4","1","29.10.12"
"440250","114","Луганська область","Зоринівський елеватор, адміністративний будинок, актовий зал, 1-й поверх
вул.Залізнодорожна, 2А, с.Зоринівка, Міловський р-н, Луганська обл., 92522","240","98","233","17","126","16","142","","0","126","16","142","2","140","116","2","2","4","9","6","1","0","29.10.12"
"440251","114","Луганська область","сільський клуб, глядацький зал
вул.Придорожна, 34А, с.Шелестівка, Міловський р-н, Луганська обл., 92521","208","70","201","26","113","25","138","","0","113","25","138","3","135","89","4","2","10","27","2","1","0","29.10.12"
"440252","114","Луганська область","Мусіївська школа, фойє, 1-й поверх
вул.Радянська, 40, с.Мусіївка, Міловський р-н, Луганська обл., 92533","568","250","550","37","283","35","318","","0","283","35","318","7","311","195","15","7","18","63","11","2","0","28.10.12"
"440253","114","Луганська область","сільський будинок культури, танцювальний зал, 1-й поверх
пл.Центральна, 22, с.Новострільцівка, Міловський р-н, Луганська обл., 92540","856","394","836","74","390","72","462","","0","390","70","460","11","449","253","15","8","16","134","14","6","3","31.10.12"
"440254","114","Луганська область","Стрільцівська школа, коридор
вул.Садова, 1, с.Стрільцівка, Міловський р-н, Луганська обл., 92530","360","106","356","31","226","28","254","","0","226","28","254","10","244","169","5","7","35","24","0","3","1","30.10.12"
"440255","114","Луганська область","сільський клуб, фойє
вул.Степова, 10, с.Новомикільське, Міловський р-н, Луганська обл., 92531","256","75","252","16","166","15","181","","0","166","15","181","2","179","113","9","5","18","23","9","1","1","29.10.12"
"440256","114","Луганська область","Калмиківська школа, коридор
вул.Центральна, 23, с.Калмиківка, Міловський р-н, Луганська обл., 92532","408","147","403","29","232","29","261","","0","232","29","261","3","258","207","6","2","10","28","0","3","2","28.10.12"
"440284","114","Луганська область","школа, учбовий клас
вул.Побєди, 29, с.Березівка, Новопсковський р-н, Луганська обл., 92314","240","68","232","17","155","17","172","","0","155","17","172","3","169","146","2","3","3","12","1","0","2","31.10.12"
"440285","114","Луганська область","будинок культури, кабінет червоного куточка
вул.Центральна, 13, с.Танюшівка, Новопсковський р-н, Луганська обл., 92312","544","183","536","79","285","76","361","","0","285","76","361","8","353","251","20","9","19","47","1","5","1","28.10.12"
"440286","114","Луганська область","контора ТОВ ""Технаука"", кабінет керівника
вул.Комсомольська, 31, с.Соснівка, Новопсковський р-н, Луганська обл., 92313","224","83","221","29","113","28","141","","0","113","28","141","1","140","109","9","2","2","16","1","0","1","28.10.12"
"440287","114","Луганська область","будинок культури, глядацький зал
вул.1 Травня, 5, смт Білолуцьк, Новопсковський р-н, Луганська обл., 92322","1320","562","1281","104","668","90","758","","0","668","90","758","21","737","354","148","28","62","122","9","8","6","29.10.12"
"440288","114","Луганська область","приміщення підприємця Савченко, кімната пошти, к.2
вул.Куйбишева, 46, смт Білолуцьк, Новопсковський р-н, Луганська обл., 92322","912","377","900","92","447","88","535","","0","447","88","535","5","530","242","107","5","44","119","7","2","4","29.10.12"
"440289","114","Луганська область","Білолуцька гімназія, приміщення їдальні
вул.Чернишової, 15А, смт Білолуцьк, Новопсковський р-н, Луганська обл., 92322","1056","420","1041","126","515","121","636","","0","516","120","636","12","624","314","98","13","52","131","12","2","2","29.10.12"
"440290","114","Луганська область","будинок культури, хол, 1-й поверх
вул.Красноармійська, 81, с.Можняківка, Новопсковський р-н, Луганська обл., 92326","1248","548","1226","84","628","72","700","","0","628","72","700","12","688","227","218","27","37","165","5","2","7","29.10.12"
"440291","114","Луганська область","адміністративна будівля радгоспу ""Білолуцький"", к.1
вул.Шевченка, 25, с-ще Радгоспний, Новопсковський р-н, Луганська обл., 92326","48","25","45","2","21","2","23","","0","21","2","23","0","23","2","15","0","4","2","0","0","0","28.10.12"
"440292","114","Луганська область","будинок культури, спортивна зала
вул.Миру, 2А, с.Новобіла, Новопсковський р-н, Луганська обл., 92310","1400","542","1369","89","775","83","858","","0","775","83","858","19","839","331","125","31","98","235","7","10","2","29.10.12"
"440293","114","Луганська область","будинок культури, глядацька зала
вул.Леніна, 8, с.Козлове, Новопсковський р-н, Луганська обл., 92311","224","85","217","11","130","9","139","","0","130","9","139","7","132","66","25","3","11","19","3","2","3","28.10.12"
"440294","114","Луганська область","будинок культури, глядацька зала
вул.Першотравнева, 22, с.Світле, Новопсковський р-н, Луганська обл., 92304","80","30","50","5","45","5","50","","0","45","5","50","5","45","24","12","1","5","1","1","1","0","28.10.12"
"440295","114","Луганська область","школа, хол
вул.Леніна, 4, с.Павленкове, Новопсковський р-н, Луганська обл., 92320","512","171","508","42","304","37","341","","0","304","37","341","18","323","159","68","12","41","32","1","7","3","29.10.12"
"440296","114","Луганська область","будинок культури, глядацька зала
вул.Шкільна, 1А, с.Трембачеве, Новопсковський р-н, Луганська обл., 92321","224","77","211","28","120","27","147","","0","120","27","147","7","140","65","33","2","21","16","1","1","1","28.10.12"
"440297","114","Луганська область","сільський клуб, фойє
вул.Радянська, 2, с.Рогове, Новопсковський р-н, Луганська обл., 92341","520","190","506","60","277","53","330","","0","277","53","330","10","320","155","39","17","14","81","3","6","5","29.10.12"
"440298","114","Луганська область","будинок культури, фойє
вул.Первомайська, 37, с.Заайдарівка, Новопсковський р-н, Луганська обл., 92340","1192","486","1171","90","622","84","706","","0","622","84","706","33","673","336","114","26","56","112","12","8","9","29.10.12"
"440299","114","Луганська область","школа №1, фойє
вул.Леніна, 1А, с.Осинове, Новопсковський р-н, Луганська обл., 92342","912","381","898","64","471","60","531","","0","471","60","531","19","512","230","89","32","31","112","1","13","4","29.10.12"
"440300","114","Луганська область","школа №2, фойє
вул.Октябрська, 2А, с.Осинове, Новопсковський р-н, Луганська обл., 92343","871","282","861","100","491","98","589","","0","491","98","589","18","571","278","83","22","31","134","4","10","9","28.10.12"
"440301","114","Луганська область","школа, фойє
вул.Димитрова, 42В, с.Макартетине, Новопсковський р-н, Луганська обл., 92346","224","53","218","16","156","15","171","","0","156","15","171","5","166","60","19","18","18","45","0","6","0","28.10.12"
"440302","114","Луганська область","районний центр культури та дозвілля, фойє
вул.Леніна, 38, смт Новопсков, Новопсковський р-н, Луганська обл., 92303","2248","972","2230","125","1168","108","1276","","0","1168","108","1276","45","1231","426","378","59","140","183","20","16","9","29.10.12"
"440303","114","Луганська область","селищний будинок культури, дискотечна зала
вул.Шкільна, 15Б, смт Новопсков, Новопсковський р-н, Луганська обл., 92302","2288","1011","2250","91","1209","68","1277","","0","1209","68","1277","32","1245","480","366","41","113","182","22","28","13","29.10.12"
"440304","114","Луганська область","будинок культури газівників, танцювальна зала
вул.Карла Маркса, 299, смт Новопсков, Новопсковський р-н, Луганська обл., 92301","2232","1035","2201","82","1123","74","1197","","0","1123","74","1197","31","1166","475","322","33","112","170","20","18","16","29.10.12"
"440305","114","Луганська область","будинок культури, фойє
вул.Леніна, 14А, с.Риб’янцеве, Новопсковський р-н, Луганська обл., 92350","968","304","953","57","609","55","664","","0","609","55","664","13","651","244","99","13","29","247","1","9","9","29.10.12"
"440306","114","Луганська область","будинок культури, глядацька зала
вул.Пархоменко, 23, с.Писарівка, Новопсковський р-н, Луганська обл., 92351","592","158","580","45","390","44","434","","0","390","44","434","15","419","201","70","8","29","79","18","7","7","29.10.12"
"440307","114","Луганська область","будинок культури, глядацька зала
вул.Айдарська, 6, с.Закотне, Новопсковський р-н, Луганська обл., 92352","896","327","888","90","486","83","569","","0","486","83","569","17","552","216","55","9","25","235","3","7","2","29.10.12"
"440308","114","Луганська область","сільський клуб, глядацька зала
вул.Братів Касяненко, 61А, с.Лисогорівка, Новопсковський р-н, Луганська обл., 92353","248","76","243","35","137","35","172","","0","137","35","172","5","167","91","16","2","14","43","0","1","0","28.10.12"
"440309","114","Луганська область","будинок культури, глядацька зала
вул.Леніна, 8, с.Піски, Новопсковський р-н, Луганська обл., 92354","1024","388","1019","73","568","68","636","","0","568","68","636","16","620","181","92","20","66","241","3","9","8","29.10.12"
"440310","114","Луганська область","будинок культури, фойє
вул.Совєтська, 9, с.Булавинівка, Новопсковський р-н, Луганська обл., 92355","616","185","610","62","372","59","431","","0","372","59","431","22","409","133","93","22","52","86","1","13","9","29.10.12"
"440311","114","Луганська область","будинок культури, глядацька зала
вул.Ювілейна, 35, с.Новорозсош, Новопсковський р-н, Луганська обл., 92335","1408","401","1402","141","869","138","1007","","0","869","138","1007","26","981","521","173","21","45","194","4","11","12","29.10.12"
"440312","114","Луганська область","будинок культури, фойє
вул.Радянська, 21, с.Донцівка, Новопсковський р-н, Луганська обл., 92334","992","356","982","82","574","62","636","","0","574","62","636","16","620","190","219","15","25","161","1","5","4","29.10.12"
"440313","114","Луганська область","будинок культури, фойє
вул.Пульного, 1, с.Кам’янка, Новопсковський р-н, Луганська обл., 92332","1112","431","1099","114","575","106","681","","0","575","106","681","27","654","279","263","10","33","57","1","7","4","29.10.12"
"440314","114","Луганська область","сільський клуб, глядацька зала
вул.Леніна, 25, с.Ганусівка, Новопсковський р-н, Луганська обл., 92330","344","115","339","22","207","22","229","","0","207","22","229","6","223","84","79","9","14","36","1","0","0","28.10.12"
"440315","114","Луганська область","сільський клуб, каб.1
вул.Радянська, 10, с.Пантюхине, Новопсковський р-н, Луганська обл., 92331","80","30","71","12","38","12","50","","0","38","12","50","1","49","18","13","3","0","13","1","0","1","31.10.12"
"440462","114","Луганська область","школа, фойє
вул.Весняна, 21, с.Весела Гора, Слов’яносербський р-н, Луганська обл., 93730","1080","420","1067","48","613","47","660","","0","613","47","660","35","625","370","31","26","38","85","33","25","17","28.10.12"
"440463","114","Луганська область","сільський клуб, фойє
вул.Зелена, 87, с.Привітне, Слов’яносербський р-н, Луганська обл., 93730","288","80","280","27","183","25","208","","0","183","25","208","8","200","116","10","14","11","27","9","11","2","30.10.12"
"440464","114","Луганська область","ТОВ ""Луга-Райз-Агро"", фойє адмінбудинку
вул.Новостройна, 14, с.Обозне, Слов’яносербський р-н, Луганська обл., 93731","208","59","203","30","119","30","149","","0","119","30","149","8","141","95","8","5","8","18","2","2","3","28.10.12"
"440465","114","Луганська область","школа, фойє
вул.Назаренка, 2, с.Весняне, Слов’яносербський р-н, Луганська обл., 93723","624","160","613","84","381","83","464","","0","381","83","464","0","464","397","3","4","12","40","1","2","5","28.10.12"
"440466","114","Луганська область","будинок культури, актова зала
пров.Комсомольський, 1, с.Жовте, Слов’яносербський р-н, Луганська обл., 93734","984","304","969","70","612","68","680","","0","612","68","680","10","670","499","30","28","28","52","14","13","6","28.10.12"
"440467","114","Луганська область","сільський клуб, актова зала
вул.Шевченка, 6, с.Лобачеве, Слов’яносербський р-н, Луганська обл., 93734","176","36","172","16","124","16","140","","0","124","16","140","2","138","119","0","2","5","3","2","1","6","28.10.12"
"440468","114","Луганська область","школа, фойє
вул.Шабаліна, 1А, с.Сабівка, Слов’яносербський р-н, Луганська обл., 93735","784","236","786","61","489","59","548","","0","489","59","548","15","533","398","12","18","27","39","9","15","15","28.10.12"
"440469","114","Луганська область","фельдшерсько-акушерський пункт, каб.2
вул.Горького, 80, м.Зимогір’я, Слов’яносербський р-н, Луганська обл., 93740","280","69","280","38","174","37","211","","0","174","37","211","2","209","167","6","5","6","21","3","0","1","29.10.12"
"440470","114","Луганська область","філія Луганської автошколи, к.2
вул.Леніна, 94, м.Зимогір’я, Слов’яносербський р-н, Луганська обл., 93740","664","252","665","54","365","47","412","","0","365","47","412","25","387","280","6","9","23","52","1","7","9","29.10.12"
"440471","114","Луганська область","школа, фойє
вул.Садова, 26А, м.Зимогір’я, Слов’яносербський р-н, Луганська обл., 93740","680","262","670","52","368","50","418","","0","368","50","418","19","399","306","7","6","16","53","3","4","4","29.10.12"
"440472","114","Луганська область","школа, їдальня
вул.Садова, 26А, м.Зимогір’я, Слов’яносербський р-н, Луганська обл., 93740","744","298","740","37","410","36","446","","0","410","36","446","18","428","303","11","10","16","71","3","6","8","28.10.12"
"440473","114","Луганська область","будинок культури, дискотечна зала
вул.Побєди, 7А, м.Зимогір’я, Слов’яносербський р-н, Луганська обл., 93740","912","332","891","82","498","82","580","","0","497","82","579","25","554","373","12","16","17","114","5","5","12","29.10.12"
"440474","114","Луганська область","будинок культури, фойє, 2-й поверх
вул.Побєди, 7А, м.Зимогір’я, Слов’яносербський р-н, Луганська обл., 93740","1520","614","1489","50","858","48","906","","0","858","48","906","35","871","645","12","27","28","106","6","25","22","29.10.12"
"440475","114","Луганська область","комунальне підприємство ""Мрія"", фойє
вул.Совєтов, 2А, м.Зимогір’я, Слов’яносербський р-н, Луганська обл., 93740","1368","542","1327","54","772","54","826","","0","772","54","826","34","792","569","13","16","35","114","12","21","12","29.10.12"
"440476","114","Луганська область","гімназія, фойє
вул.Гоголя, 1А, м.Зимогір’я, Слов’яносербський р-н, Луганська обл., 93740","1320","485","1288","71","772","63","835","","0","772","63","835","21","814","658","11","20","22","64","9","15","15","30.10.12"
"440477","114","Луганська область","будинок культури, актова зала
вул.Совєтська, 9, с.Кримське, Слов’яносербський р-н, Луганська обл., 93713","952","320","946","72","564","68","632","","0","564","68","632","20","612","473","17","13","13","64","12","7","13","28.10.12"
"440478","114","Луганська область","сільський клуб, актова зала
вул.Горького, 108, с.Сокільники, Слов’яносербський р-н, Луганська обл., 93714","240","69","235","22","149","22","171","","0","149","22","171","6","165","139","0","3","6","8","6","2","1","28.10.12"
"440479","114","Луганська область","будинок культури, фойє
вул.Леніна, 1А, смт Лозівський, Слов’яносербський р-н, Луганська обл., 93745","1608","683","1568","64","875","50","925","","0","875","50","925","43","882","573","22","18","28","194","14","11","22","29.10.12"
"440480","114","Луганська область","школа, фойє
вул.Октябрська, 7, смт Лозівський, Слов’яносербський р-н, Луганська обл., 93745","1392","532","1354","87","775","85","860","","0","775","85","860","45","815","540","16","18","24","186","10","7","14","29.10.12"
"440481","114","Луганська область","початкова школа, кл.2
вул.Садова, 19, смт Лозівський, Слов’яносербський р-н, Луганська обл., 93745","552","170","543","52","332","50","382","","0","332","50","382","19","363","260","9","8","15","55","2","8","6","31.10.12"
"440482","114","Луганська область","будинок культури, фойє
вул.Леніна, 26, смт Лотикове, Слов’яносербський р-н, Луганська обл., 93747","1168","311","1155","229","639","218","857","","0","639","218","857","31","826","636","15","14","19","115","6","7","14","29.10.12"
"440483","114","Луганська область","школа, фойє
вул.Чкалова, 1, смт Лотикове, Слов’яносербський р-н, Луганська обл., 93747","1624","826","1103","68","741","57","798","","0","741","57","798","24","774","597","10","19","19","102","6","10","11","29.10.12"
"440484","114","Луганська область","будинок культури, фойє
вул.Октябрська, 58, с-ще Металіст, Слов’яносербський р-н, Луганська обл., 93733","1824","611","1801","101","1115","98","1213","","0","1115","98","1213","53","1160","541","103","51","80","261","51","42","31","29.10.12"
"440485","114","Луганська область","сільський клуб, фойє
вул.Молодіжна, 30, с.Шишкове, Слов’яносербський р-н, Луганська обл., 93733","280","68","274","29","183","29","212","","0","183","29","212","9","203","165","7","5","3","12","2","4","5","29.10.12"
"440486","114","Луганська область","сільський клуб, актова зала
пл.Леніна, 2, с.Раївка, Слов’яносербський р-н, Луганська обл., 93732","200","47","195","16","137","16","153","","0","137","16","153","5","148","81","13","4","7","39","1","2","1","28.10.12"
"440487","114","Луганська область","дистанція колії, актова зала
квартал Шевченка, 15А, смт Родакове, Слов’яносербський р-н, Луганська обл., 93743","1416","505","1393","49","864","47","911","","0","864","47","911","28","883","667","22","23","26","92","12","23","18","28.10.12"
"440488","114","Луганська область","адмінбудинок дільниці будівельно-монтажного експлуатаційного управління, фойє
квартал Леніна, 14Г, смт Родакове, Слов’яносербський р-н, Луганська обл., 93743","1160","432","1126","35","696","32","728","","0","696","32","728","29","699","535","9","13","25","88","10","6","13","28.10.12"
"440489","114","Луганська область","гімназія, фойє
квартал Леніна, 15Б, смт Родакове, Слов’яносербський р-н, Луганська обл., 93743","1048","247","1030","78","723","78","801","","0","723","78","801","22","779","590","18","20","20","80","19","18","14","29.10.12"
"440490","114","Луганська область","гуртожиток локомотивного депо, фойє
квартал Леніна, 17, смт Родакове, Слов’яносербський р-н, Луганська обл., 93743","1424","496","1405","53","878","50","928","","0","878","50","928","20","908","709","14","17","27","101","13","15","12","29.10.12"
"440491","114","Луганська область","школа, фойє
вул.Новостройна, 1А, с.Красний Луч, Слов’яносербський р-н, Луганська обл., 93744","1096","316","1079","96","684","96","780","","0","684","96","780","7","773","652","17","19","15","41","11","8","10","29.10.12"
"440492","114","Луганська область","райавтодор, актова зала
вул.Комсомольська, 1, смт Слов’яносербськ, Слов’яносербський р-н, Луганська обл., 93701","384","117","383","18","250","17","267","","0","250","17","267","12","255","155","12","12","15","45","5","6","5","28.10.12"
"440493","114","Луганська область","районні енергетичні мережі ТОВ ""Луганське енергетичне об’єднання"", зала засідань
пров.Партизанський, 5, смт Слов’яносербськ, Слов’яносербський р-н, Луганська обл., 93701","920","280","905","52","590","50","640","","0","590","50","640","38","602","424","10","19","21","91","8","9","20","29.10.12"
"440494","114","Луганська область","районний будинок культури, дискотечна зала
вул.Горького, 88, смт Слов’яносербськ, Слов’яносербський р-н, Луганська обл., 93701","1408","459","1384","45","908","41","949","","0","908","41","949","30","919","632","19","38","24","132","23","17","34","28.10.12"
"440495","114","Луганська область","гімназія, їдальня
вул.Горького, 90, смт Слов’яносербськ, Слов’яносербський р-н, Луганська обл., 93701","1128","308","1090","55","765","55","820","","0","765","55","820","32","788","567","7","30","37","101","9","14","23","29.10.12"
"440496","114","Луганська область","технікум, фойє
вул.Гагаріна, 34, смт Слов’яносербськ, Слов’яносербський р-н, Луганська обл., 93701","1736","487","1731","307","963","286","1249","","0","963","286","1249","49","1200","892","24","35","44","141","18","18","28","29.10.12"
"440497","114","Луганська область","сільський клуб, актова зала
вул.Центральна, 105А, с.Пришиб, Слов’яносербський р-н, Луганська обл., 93705","344","58","341","30","257","29","286","","0","257","29","286","8","278","226","1","12","9","25","1","1","3","28.10.12"
"440498","114","Луганська область","сільський клуб, актова зала
вул.Центральна, 8А, с.Довге, Слов’яносербський р-н, Луганська обл., 93707","288","72","284","77","144","72","216","","0","144","72","216","3","213","166","4","3","2","26","2","3","7","28.10.12"
"440499","114","Луганська область","школа, фойє
вул.Шкільна, 15, с.Сміле, Слов’яносербський р-н, Луганська обл., 93706","768","195","761","70","505","68","573","","0","505","68","573","11","562","392","14","19","23","91","4","8","11","28.10.12"
"440500","114","Луганська область","школа, фойє
вул.Шкільна, 10, с.Степове, Слов’яносербський р-н, Луганська обл., 93724","776","128","766","28","621","27","648","","0","621","27","648","24","624","530","18","10","7","35","2","7","15","31.10.12"
"440501","114","Луганська область","будинок культури, актова зала
вул.Щорса, 1, с.Трьохізбенка, Слов’яносербський р-н, Луганська обл., 93710","1632","343","1598","79","1210","79","1289","","0","1210","79","1289","26","1263","962","8","21","24","186","39","8","15","29.10.12"
"440502","114","Луганська область","сільська бібліотека, фойє
пров.Сосновий, 4, с.Трьохізбенка, Слов’яносербський р-н, Луганська обл., 93710","432","65","421","44","325","42","367","","0","325","42","367","14","353","295","5","6","5","21","17","3","1","28.10.12"
"440503","114","Луганська область","магазин, торгівельна зала
вул.Гагаріна, 56А, с.Кряківка, Слов’яносербський р-н, Луганська обл., 93711","384","100","377","42","246","38","284","","0","246","38","284","7","277","199","6","6","4","39","19","0","4","28.10.12"
"440504","114","Луганська область","будинок культури, фойє
вул.Привокзальна, 9А, смт Фрунзе, Слов’яносербський р-н, Луганська обл., 93720","1336","384","1323","129","838","114","952","","0","838","114","952","32","920","631","13","20","16","201","17","11","11","28.10.12"
"440505","114","Луганська область","школа, їдальня
вул.Інтернаціональна, 151, смт Фрунзе, Слов’яносербський р-н, Луганська обл., 93720","1192","353","1156","120","727","112","839","","0","727","112","839","15","824","532","17","25","26","197","8","9","10","29.10.12"
"440506","114","Луганська область","школа, фойє
вул.Октябрська, 5, с.Хороше, Слов’яносербський р-н, Луганська обл., 93721","1080","100","1063","97","884","96","980","","0","884","96","980","6","974","812","9","10","25","101","3","6","8","29.10.12"
"440507","114","Луганська область","сільський клуб, актова зала
вул.Леніна, 46, с.Петровеньки, Слов’яносербський р-н, Луганська обл., 93722","432","90","418","47","295","47","342","","0","295","47","342","9","333","234","7","11","13","56","4","4","4","28.10.12"
"440508","114","Луганська область","фельдшерсько-акушерський пункт, к.2
вул.Стахановська, 9, с-ще Яснодольськ, Слов’яносербський р-н, Луганська обл., 93892","152","23","148","7","122","7","129","","0","122","7","129","3","126","114","1","2","5","1","1","0","2","29.10.12"
"440509","114","Луганська область","обласна туберкульозна лікарня, лікувальний корпус, фойє
вул.Больнична, 30, с.Трьохізбенка, Слов’яносербський р-н, Луганська обл., 93710","80","0","80","3","77","3","80","","0","77","3","80","6","74","49","4","1","5","5","2","4","4","31.10.12"
"440510","114","Луганська область","Зимогір’ївська міська лікарня, лікувальний корпус, відділення травматології, фойє
вул.В.Інтернаціоналістів, 11А, м. Зимогір’я, Слов’яносербський р-н, Луганська обл., 93740","56","10","48","20","28","18","46","","0","28","18","46","0","46","40","2","0","0","3","1","0","0","28.10.12"
"440511","114","Луганська область","центральна районна лікарня, поліклініка, актова зала
вул.Горького, 144, смт Слов’яносербськ, Слов’яносербський р-н, Луганська обл., 93701","104","21","83","9","74","9","83","","0","74","9","83","4","79","62","1","6","3","3","0","2","2","28.10.12"
"440512","114","Луганська область","виправна колонія №60, клуб установи
вул.Цупова, 3, смт Лозівський, Слов’яносербський р-н, Луганська обл., 93745","736","38","699","261","438","260","698","","0","438","260","698","7","691","531","21","39","31","22","9","18","20","29.10.12"
"440513","114","Луганська область","будинок культури, великий зал
вул.Леніна, 26, смт Станиця Луганська, Станично-Луганський р-н, Луганська обл., 93600","1440","683","1432","50","715","42","757","","0","715","42","757","28","729","424","28","42","41","124","23","28","19","29.10.12"
"440514","114","Луганська область","дитячо-юнацька спортивна школа, спортивна зала
вул.Леніна, 26, смт Станиця Луганська, Станично-Луганський р-н, Луганська обл., 93600","1480","761","1460","51","682","37","719","","0","682","37","719","36","683","416","27","32","37","117","25","18","11","29.10.12"
"440515","114","Луганська область","будинок АТП, актова зала
вул.Горького, 66, смт Станиця Луганська, Станично-Луганський р-н, Луганська обл., 93600","1304","607","1280","36","669","28","697","","0","669","28","697","45","652","382","23","43","48","86","19","29","22","29.10.12"
"440516","114","Луганська область","школа №1, фойє
квартал Молодіжний, 19, смт Станиця Луганська, Станично-Луганський р-н, Луганська обл., 93601","2224","935","2194","69","1235","54","1289","","0","1235","54","1289","66","1223","821","47","48","59","163","20","28","37","29.10.12"
"440517","114","Луганська область","будинок культури, фойє
пров.Шкільний, 9, смт Станиця Луганська, Станично-Луганський р-н, Луганська обл., 93602","1624","922","1598","46","667","35","702","","0","667","35","702","20","682","476","23","23","37","85","9","11","18","28.10.12"
"440518","114","Луганська область","школа, фойє
вул.Шкільна, 1, смт Станиця Луганська, Станично-Луганський р-н, Луганська обл., 93602","1928","833","1902","74","1037","58","1095","","0","1037","58","1095","35","1060","751","35","30","57","126","17","24","20","31.10.12"
"440519","114","Луганська область","залізничний вокзал, фойє
вул.Піонерська, 36, смт Станиця Луганська, Станично-Луганський р-н, Луганська обл., 93602","1120","572","1133","17","531","17","548","","0","531","17","548","31","517","366","12","16","36","60","8","8","11","29.10.12"
"440520","114","Луганська область","лінійна поліклініка, актова зала
пров.Свердлова, 11, смт Станиця Луганська, Станично-Луганський р-н, Луганська обл., 93602","1112","574","1121","25","514","24","538","","0","514","24","538","24","514","350","17","33","30","56","6","13","9","29.10.12"
"440521","114","Луганська область","школа, фойє
вул.Радянська, 14, с.Миколаївка, Станично-Луганський р-н, Луганська обл., 93654","2120","808","2110","126","1234","78","1312","","0","1234","78","1312","91","1221","904","34","46","41","99","34","36","27","29.10.12"
"440522","114","Луганська область","будинок культури, фойє
вул.Донецька, 32А, с.Піонерське, Станично-Луганський р-н, Луганська обл., 93655","312","104","301","13","196","12","208","","0","196","12","208","13","195","124","10","15","13","18","8","5","2","29.10.12"
"440523","114","Луганська область","школа №2, фойє
вул.Миру, 67, с.Валуйське, Станично-Луганський р-н, Луганська обл., 93651","1232","569","1221","62","612","51","663","","0","612","51","663","40","623","396","27","20","46","92","10","18","14","29.10.12"
"440524","114","Луганська область","будинок культури, актова зала
вул.Совєтська, 274А, с.Валуйське, Станично-Луганський р-н, Луганська обл., 93650","2176","1071","2155","47","1066","39","1105","","0","1066","39","1105","73","1032","598","51","47","55","193","28","32","28","30.10.12"
"440525","114","Луганська область","заклад оздоровлення та відпочінку ""Берізка"", їдальня
вул.Чапаєва, 46А, с.Макарове, Станично-Луганський р-н, Луганська обл., 93652","1584","754","1554","29","803","27","830","","0","803","27","830","32","798","459","35","50","52","132","28","17","25","29.10.12"
"440526","114","Луганська область","залізничний вокзал, фойє
вул.Вокзальна, 1, с-ще Вільхове, Станично-Луганський р-н, Луганська обл., 93653","976","475","967","37","470","31","501","","0","470","31","501","28","473","310","19","24","33","44","16","13","14","29.10.12"
"440527","114","Луганська область","школа, фойє
вул.Шкільна, 50, с-ще Вільхове, Станично-Луганський р-н, Луганська обл., 93653","1528","749","1517","27","753","26","779","","0","753","26","779","45","734","451","25","32","56","97","23","26","24","29.10.12"
"440528","114","Луганська область","кафе-бар ""Чайка"", великий зал
квартал Молодіжний, 16, с.Валуйське, Станично-Луганський р-н, Луганська обл., 93651","480","221","460","14","246","13","259","","0","246","13","259","23","236","144","8","17","26","22","4","8","7","29.10.12"
"440529","114","Луганська область","будинок культури, великий зал
вул.Жовтнева, 53, с.Нижня Вільхова, Станично-Луганський р-н, Луганська обл., 93641","728","289","713","32","409","30","439","","0","409","30","439","17","422","319","13","7","12","40","7","14","10","29.10.12"
"440530","114","Луганська область","будинок культури, великий зал
площа Жовтневої Революції, 2, с.Верхня Вільхова, Станично-Луганський р-н, Луганська обл., 93642","456","210","444","16","230","16","246","","0","230","16","246","8","238","170","8","13","18","16","5","4","4","30.10.12"
"440531","114","Луганська область","школа, фойє
вул.Карла Маркса, 38А, с.Плотина, Станично-Луганський р-н, Луганська обл., 93643","528","224","516","25","280","24","304","","0","280","24","304","15","289","174","10","7","15","67","10","5","1","29.10.12"
"440532","114","Луганська область","школа, фойє
вул.Молодіжна, 5, с.Гарасимівка, Станично-Луганський р-н, Луганська обл., 93640","544","186","538","33","327","31","358","","0","327","31","358","18","340","255","11","8","14","40","4","6","2","28.10.12"
"440533","114","Луганська область","будинок культури, великий зал
вул.Дружби, 1, с.Комишне, Станично-Луганський р-н, Луганська обл., 93644","688","270","679","28","396","22","418","","0","396","22","418","11","407","288","10","9","31","50","9","6","4","28.10.12"
"440534","114","Луганська область","школа, фойє
вул.Водолазкіна, 13, с-ще Широкий, Станично-Луганський р-н, Луганська обл., 93624","1424","556","1408","44","828","40","868","","0","828","40","868","27","841","658","18","22","40","63","17","7","16","29.10.12"
"440535","114","Луганська область","будинок культури, великий зал
вул.Центральна, 43, с-ще Козачий, Станично-Луганський р-н, Луганська обл., 93626","288","128","282","9","152","8","160","","0","152","8","160","3","157","126","4","3","11","2","8","2","1","28.10.12"
"440536","114","Луганська область","будинок культури, великий зал
вул.Мира, 34А, с-ще Степове, Станично-Луганський р-н, Луганська обл., 93641","112","26","108","9","79","7","86","","0","79","7","86","4","82","59","3","2","4","7","1","0","6","28.10.12"
"440537","114","Луганська область","школа, фойє
вул.Шкільна, 1Б, с.Чугинка, Станично-Луганський р-н, Луганська обл., 93620","824","359","817","77","388","77","465","","0","388","77","465","24","441","282","24","18","36","55","10","8","8","28.10.12"
"440538","114","Луганська область","будинок культури, великий зал
вул.Набережна, 47А, с.Олександрівка, Станично-Луганський р-н, Луганська обл., 93620","248","115","244","43","95","38","133","","0","95","38","133","1","132","80","5","5","15","22","1","2","2","28.10.12"
"440539","114","Луганська область","сільська рада, фойє
вул.Шкільна, 2, с-ще Розквіт, Станично-Луганський р-н, Луганська обл., 93625","384","127","384","22","240","17","257","","0","240","17","257","6","251","212","5","8","9","10","3","2","2","28.10.12"
"440540","114","Луганська область","школа, фойє
проспект Перемоги, 1, с.Красна Талівка, Станично-Луганський р-н, Луганська обл., 93621","856","396","849","62","402","58","460","","0","402","58","460","32","428","249","46","24","21","71","1","12","4","29.10.12"
"440541","114","Луганська область","школа, фойє
пров.Клубний, 3, с-ще Талове, Станично-Луганський р-н, Луганська обл., 93623","320","118","312","12","191","11","202","","0","191","11","202","4","198","118","12","8","11","37","2","3","7","28.10.12"
"440542","114","Луганська область","будинок культури, великий зал
вул.Радянська, будинок культури, с.Благовіщенка, Станично-Луганський р-н, Луганська обл., 93623","256","133","264","2","121","2","123","","0","121","2","123","4","119","95","2","3","1","10","3","3","2","28.10.12"
"440543","114","Луганська область","школа, фойє
вул.Миру, 45, с.Тепле, Станично-Луганський р-н, Луганська обл., 93630","712","292","701","60","364","56","420","","0","364","56","420","10","410","284","10","7","26","61","14","4","4","28.10.12"
"440544","114","Луганська область","будинок культури, великий зал
вул.Центральна, 41, с.Верхній Мінченок, Станично-Луганський р-н, Луганська обл., 93631","496","170","490","64","269","57","326","","0","269","57","326","13","313","205","13","7","22","42","12","7","5","30.10.12"
"440545","114","Луганська область","школа, фойє
вул.Леніна, 1, с.Нижньотепле, Станично-Луганський р-н, Луганська обл., 93632","1528","583","1504","84","865","80","945","","0","865","80","945","42","903","571","28","27","37","184","16","24","16","29.10.12"
"440546","114","Луганська область","школа, фойє
вул.Сонячна, 48А, с.Артема, Станично-Луганський р-н, Луганська обл., 93632","536","198","526","16","323","15","338","","0","322","15","337","20","317","175","23","9","20","63","7","13","7","28.10.12"
"440547","114","Луганська область","школа №1, фойє
вул.Артема, 4, смт Петрівка, Станично-Луганський р-н, Луганська обл., 93613","1872","824","1847","103","954","94","1048","","0","954","94","1048","43","1005","543","40","26","35","274","37","36","14","29.10.12"
"440548","114","Луганська область","школа №2, фойє
вул.Кірова, 64А, смт Петрівка, Станично-Луганський р-н, Луганська обл., 93613","2312","1050","2288","120","1201","61","1262","","0","1201","61","1262","57","1205","760","45","38","54","194","30","65","19","29.10.12"
"440549","114","Луганська область","школа, фойє
вул.Радянська, 33, с.Войтове, Станично-Луганський р-н, Луганська обл., 93614","232","81","223","20","132","19","151","","0","132","19","151","2","149","92","3","9","13","17","5","4","6","28.10.12"
"440550","114","Луганська область","будинок культури, великий зал
вул.Советська, 43Б, с.Передільське, Станично-Луганський р-н, Луганська обл., 93615","808","200","803","42","570","38","608","","0","570","38","608","24","584","399","16","19","40","78","13","14","5","29.10.12"
"440551","114","Луганська область","магазин, великий зал
вул.Айдарська, 70Б, с.Старий Айдар, Станично-Луганський р-н, Луганська обл., 93616","176","63","174","11","104","9","113","","0","104","9","113","9","104","66","5","3","9","13","2","4","2","29.10.12"
"440552","114","Луганська область","школа, фойє
вул.Леніна, 1В, с.Червоний Жовтень, Станично-Луганський р-н, Луганська обл., 93612","776","256","761","33","487","33","520","","0","487","33","520","15","505","176","8","8","14","56","235","1","7","29.10.12"
"440553","114","Луганська область","будинок культури, великий зал
вул.Советська, 1, с.Михайлівка, Станично-Луганський р-н, Луганська обл., 93612","192","80","183","14","98","14","112","","0","98","14","112","4","108","57","1","3","8","20","13","5","1","29.10.12"
"440554","114","Луганська область","будинок культури, великий зал
вул.Леніна, 235, с.Велика Чернігівка, Станично-Луганський р-н, Луганська обл., 93611","1056","410","1040","84","570","76","646","","0","570","76","646","27","619","282","20","16","22","166","85","12","16","29.10.12"
"440555","114","Луганська область","будинок культури, великий зал
площа Миру, 4, с.Верхньобогданівка, Станично-Луганський р-н, Луганська обл., 93610","512","179","502","32","301","32","333","","0","301","32","333","6","327","168","3","4","9","15","119","6","3","31.10.12"
"440556","114","Луганська область","Станично-Луганське районне територіальне медичне об’єднання, хол, 1-й поверх
вул.5 Лінія, 39, смт Станиця Луганська, Станично-Луганський р-н, Луганська обл., 93600","224","149","82","8","67","8","75","","0","67","8","75","0","75","48","4","4","4","8","2","4","1","28.10.12"
