"№ ВД","OBO","Назва регіону України","Місцезнаходження та адреса приміщення для голосування","1) К-сть одержаних бюлетенів","2) К-сть невикористаних бюлетенів","3) К-сть виборців, внесених до списку виборців","4) К-сть виборців, внесених до витягу зі списку виборців","5) К-сть виборців, які отримали бюлетені у приміщенні","6) К-сть виборців, які отримали за місцем перебування","7) Сумарна к-сть виборців, які отримали бюлетені","8) К-сть бюлетенів, що виявилися у кожній скринці","9) К-сть бюлетенів, що не підлягають врахуванню","10) К-сть виборців, які взяли участь у голос. у приміщенні для гол.","11) К-сть виборців, які взяли участь у голос. за місцем перебування","12) К-сть виборців, які взяли участь у голосуванні на виборчій дільниці","13) К-сть бюлетенів, визнаних недійсними","14) Сумарна к-сть голосів виборців ЗА","Бандуров
Володимир
Володимирович","Величко
Володимир
Анатолійович","Водяников
Валерій
Володимирович","Морщавка
Іван
Євгенович","Шевченко
Анатолій
Вікторович","Дата підписання протоколу"
"230028","79","Запорізька область","Василівський коледж ТДАУ, вестибюль
мікрорайон 40 років Перемоги, 10, м.Василівка, Василівський р-н, Запорізька обл., 71600","2160","1035","2115","38","1091","34","1125","","0","1091","34","1125","39","1086","505","174","18","24","365","29.10.12"
"230029","79","Запорізька область","міська рада, зала одружень
вул.Чекістів, 1, м.Василівка, Василівський р-н, Запорізька обл., 71600","1496","720","1467","22","755","21","776","","0","755","21","776","36","740","388","109","10","17","216","29.10.12"
"230030","79","Запорізька область","центр культури та дозвілля, танцювальна зала
вул.Чекістів, 5, м.Василівка, Василівський р-н, Запорізька обл., 71600","1792","750","1784","38","1007","35","1042","","0","1007","35","1042","43","999","496","159","13","12","319","29.10.12"
"230031","79","Запорізька область","гімназія ""Сузір’я"", фойє
вул.Шевченка, 82, м.Василівка, Василівський р-н, Запорізька обл., 71600","1600","736","1573","29","844","20","864","","0","844","20","864","32","832","475","122","14","22","199","29.10.12"
"230032","79","Запорізька область","школа №3, зала 1
вул.Стадіонна, 23, м.Василівка, Василівський р-н, Запорізька обл., 71600","1184","640","1171","20","524","20","544","","0","524","20","544","24","520","263","81","4","6","166","29.10.12"
"230033","79","Запорізька область","школа №3, зала 2
вул.Стадіонна, 23, м.Василівка, Василівський р-н, Запорізька обл., 71600","1424","772","1411","38","618","34","652","","0","618","34","652","36","616","342","73","10","12","179","29.10.12"
"230034","79","Запорізька область","школа №3, зала 3
вул.Стадіонна, 23, м.Василівка, Василівський р-н, Запорізька обл., 71600","1984","1074","1962","39","873","37","910","","0","873","37","910","32","878","454","149","13","6","256","29.10.12"
"230035","79","Запорізька область","гімназія ""Софія"", фойє
вул.Комсомольська, 7, м.Дніпрорудне, Василівський р-н, Запорізька обл., 71630","1560","746","1536","44","784","30","814","","0","784","30","814","50","764","458","160","13","25","108","29.10.12"
"230036","79","Запорізька область","кінотеатр ""Сучасник"", глядацька зала
просп.Ентузіастів, 16, м.Дніпрорудне, Василівський р-н, Запорізька обл., 71630","1880","881","1869","64","963","36","999","","0","963","36","999","44","955","601","177","22","23","132","29.10.12"
"230037","79","Запорізька область","спеціальна школа ""Світоч"", фойє
вул.Шахтарська, 38, м.Дніпрорудне, Василівський р-н, Запорізька обл., 71630","2168","1027","2135","57","1098","43","1141","","0","1098","43","1141","60","1081","619","229","17","32","184","29.10.12"
"230038","79","Запорізька область","гуртожиток ЗАТ ЗЗРК ""Гірник"", актова зала
просп.Ентузіастів, 17, м.Дніпрорудне, Василівський р-н, Запорізька обл., 71630","1432","808","1416","8","617","7","624","","0","617","7","624","47","577","360","104","9","14","90","29.10.12"
"230039","79","Запорізька область","індустріальний технікум, фойє
просп.Ентузіастів, 23, м.Дніпрорудне, Василівський р-н, Запорізька обл., 71630","1432","719","1416","6","708","5","713","","0","708","5","713","51","662","391","128","11","14","118","28.10.12"
"230040","79","Запорізька область","професійний ліцей №26, спортивна зала
просп.Ентузіастів, 25, м.Дніпрорудне, Василівський р-н, Запорізька обл., 71630","1328","609","1316","22","702","17","719","","0","702","17","719","32","687","401","124","7","18","137","28.10.12"
"230041","79","Запорізька область","палац культури ""Гірник"", художня школа
вул.Набережна, 13, м.Дніпрорудне, Василівський р-н, Запорізька обл., 71630","1840","933","1827","16","894","13","907","","0","894","13","907","40","867","450","184","17","19","197","29.10.12"
"230042","79","Запорізька область","спеціальна школа ""Талант"", фойє, праворуч
вул.Комсомольська, 25, м.Дніпрорудне, Василівський р-н, Запорізька обл., 71630","1696","959","1684","2","735","2","737","","0","735","2","737","35","702","418","125","15","18","126","29.10.12"
"230043","79","Запорізька область","спеціальна школа ""Талант"", фойє, ліворуч
вул.Комсомольська, 25, м.Дніпрорудне, Василівський р-н, Запорізька обл., 71630","2184","1153","2140","10","1024","7","1031","","0","1024","7","1031","48","983","509","179","27","42","226","29.10.12"
"230044","79","Запорізька область","школа, фойє
вул.Шкільна, 10, м.Дніпрорудне, Василівський р-н, Запорізька обл., 71630","648","258","651","19","375","15","390","","0","375","15","390","19","371","224","53","10","12","72","29.10.12"
"230045","79","Запорізька область","селищна рада, каб.115, 1-й поверх
вул.Шкільна, 24, смт Степногірськ, Василівський р-н, Запорізька обл., 71611","1040","494","1037","53","497","49","546","","0","497","49","546","37","509","357","47","5","5","95","29.10.12"
"230046","79","Запорізька область","селищна рада, фойє, 2-й поверх
вул.Шкільна, 24, смт Степногірськ, Василівський р-н, Запорізька обл., 71611","1696","947","1670","18","735","14","749","","0","735","14","749","31","718","462","107","10","17","122","29.10.12"
"230047","79","Запорізька область","школа, фойє
вул.Лесі Українки, 2, смт Степногірськ, Василівський р-н, Запорізька обл., 71611","1568","869","1553","15","684","15","699","","0","683","15","698","32","666","412","97","9","14","134","29.10.12"
"230048","79","Запорізька область","адміністративний будинок ПРЗС, актова зала
вул.Нижня, 6, с.Балки, Василівський р-н, Запорізька обл., 71635","1304","631","1288","50","624","49","673","","0","624","49","673","33","640","438","75","8","19","100","28.10.12"
"230049","79","Запорізька область","школа, спортивна зала
вул.Каховська, 28, с.Балки, Василівський р-н, Запорізька обл., 71635","1472","704","1441","79","695","73","768","","0","694","73","767","34","733","460","119","10","30","114","29.10.12"
"230050","79","Запорізька область","ТОВ АПК ""Істок"", актова зала
вул.Миру, 206, с.Балки, Василівський р-н, Запорізька обл., 71635","1040","505","1036","46","490","45","535","","0","490","45","535","27","508","323","83","5","31","66","29.10.12"
"230051","79","Запорізька область","школа, спортивна зала
вул.Миру, 256, с.Балки, Василівський р-н, Запорізька обл., 71635","824","331","805","35","458","35","493","","0","458","35","493","41","452","311","5","70","23","43","29.10.12"
"230052","79","Запорізька область","школа, фойє
вул.Калініна, 160, с.Верхня Криниця, Василівський р-н, Запорізька обл., 71622","1240","518","1234","59","672","50","722","","0","672","50","722","32","690","390","94","9","20","177","29.10.12"
"230053","79","Запорізька область","школа, спортивна зала
вул.Центральна, 20, с.Кам’янське, Василівський р-н, Запорізька обл., 71612","1264","598","1228","60","611","55","666","","0","611","55","666","33","633","421","117","6","10","79","29.10.12"
"230054","79","Запорізька область","бригадний будинок, зала
вул.Телевізійна, 1Д, с.Кам’янське, Василівський р-н, Запорізька обл., 71612","600","244","610","26","331","25","356","","0","331","25","356","11","345","216","66","5","9","49","29.10.12"
"230055","79","Запорізька область","сільський клуб, фойє
вул.Набережна, 95, с.Плавні, Василівський р-н, Запорізька обл., 71613","264","98","259","8","158","8","166","","0","158","8","166","16","150","73","34","5","2","36","28.10.12"
"230056","79","Запорізька область","сільська рада, фойє
вул.Гагаріна, 108, с.Лугове, Василівський р-н, Запорізька обл., 71620","456","178","454","17","261","17","278","","0","261","17","278","12","266","187","40","2","2","35","29.10.12"
"230057","79","Запорізька область","гімназія ""Дивосвіт"", спортивна зала
вул.Щорса, 95, с.Мала Білозерка, Василівський р-н, Запорізька обл., 71670","1016","457","1023","55","507","52","559","","0","507","52","559","17","542","313","82","7","17","123","28.10.12"
"230058","79","Запорізька область","школа №2, спортивна зала
вул.Радянська, 1, с.Мала Білозерка, Всилівський р-н, Запорізька обл., 71670","904","415","914","42","448","41","489","","0","448","41","489","29","460","310","63","10","24","53","29.10.12"
"230059","79","Запорізька область","школа №1, фойє
вул.Гвардійська, 23, с.Мала Білозерка, Василівський р-н, Запорізька обл., 71670","1104","536","1098","50","521","47","568","","0","521","47","568","22","546","308","105","13","17","103","28.10.12"
"230060","79","Запорізька область","школа, фойє
вул.Тельмана, 62, с.Мала Білозерка, Василівський р-н, Запорізька обл., 71670","1040","460","1033","76","509","71","580","","0","509","71","580","32","548","317","98","7","21","105","29.10.12"
"230061","79","Запорізька область","сільський клуб, фойє
вул.Дніпровська, 1, с.Новобілозерка, Василівський р-н, Запорізька обл., 71673","104","22","99","7","76","6","82","","0","76","6","82","8","74","52","9","1","3","9","29.10.12"
"230062","79","Запорізька область","школа, спортивна зала
вул.Шкільна, 3, с.Орлянське, Василівський р-н, Запорізька обл., 71660","1416","666","1407","124","644","106","750","","0","644","106","750","43","707","346","90","13","51","207","29.10.12"
"230063","79","Запорізька область","адміністративний будинок СВК ""Орлянський"", актова зала
вул.Леніна, 172, с.Орлянське, Василівський р-н, Запорізька обл., 71660","888","409","879","43","438","41","479","","0","438","41","479","37","442","190","77","9","38","128","29.10.12"
"230064","79","Запорізька область","школа, фойє
вул.Шкільна, 50В, с.Відножине, Василівський р-н, Запорізька обл., 71663","384","157","381","25","206","21","227","","0","206","21","227","11","216","132","45","4","3","32","28.10.12"
"230065","79","Запорізька область","школа, фойє
вул.Гагаріна, 47, с.Тополине, Василівський р-н, Запорізька обл., 71664","512","174","502","37","305","33","338","","0","305","33","338","19","319","212","42","4","2","59","28.10.12"
"230066","79","Запорізька область","школа №2, фойє
вул.50 років Жовтня, 85, с.Приморське, Василівський р-н, Запорізька обл., 71610","640","261","645","36","343","36","379","","0","343","36","379","19","360","237","40","7","7","69","28.10.12"
"230067","79","Запорізька область","школа, фойє
вул.Східна, 76, с.Приморське, Василівський р-н, Запорізька обл., 71610","1608","862","1578","53","697","49","746","","0","697","49","746","59","687","419","123","15","14","116","29.10.12"
"230068","79","Запорізька область","школа №1, спортивна зала
вул.Весела, 66, с.Приморське, Василівський р-н, Запорізька обл., 71610","768","423","752","36","309","36","345","","0","309","36","345","29","316","190","68","14","7","37","29.10.12"
"230069","79","Запорізька область","школа, фойє
вул.Чкалова, 82, с.Підгірне, Василіський р-н, Запорізька обл., 71652","808","397","794","43","370","41","411","","0","370","41","411","22","389","255","65","6","4","59","29.10.12"
"230070","79","Запорізька область","фельдшерсько-акушерський пункт, маніпуляційна
вул.Миру, 69, с.Зелений Гай, Василівський р-н, Запорізька обл., 71654","192","55","190","12","127","10","137","","0","127","10","137","5","132","97","13","3","0","19","29.10.12"
"230071","79","Запорізька область","сільський клуб, фойє
вул.Леніна, 36, с.П’ятихатки, Василівський р-н, Запорізька обл., 71621","376","116","379","27","236","24","260","","0","236","24","260","17","243","193","21","2","1","26","28.10.12"
"230072","79","Запорізька область","сільський клуб, фойє
пров.Культурний, 2, с.Малі Щербаки, Василівський р-н, Запорізька обл., 71614","328","133","321","20","177","18","195","","0","177","18","195","10","185","136","29","2","0","18","29.10.12"
"230073","79","Запорізька область","школа, фойє
вул.Стадіонна, 2, с.Скельки, Василівський р-н, Запорізька обл., 71640","904","331","895","69","507","66","573","","0","507","66","573","24","549","360","85","7","4","93","28.10.12"
"230074","79","Запорізька область","школа, спортивна зала
вул.Стадіонна, 2, с.Скельки, Василівський р-н, Запорізька обл., 71640","704","266","693","46","396","42","438","","0","396","42","438","12","426","323","57","5","7","34","28.10.12"
"230075","79","Запорізька область","сільський клуб, фойє
вул.Центральна, 1, с.Златопіль, Василівський р-н, Запорізька обл., 71641","456","138","450","26","293","25","318","","0","293","25","318","9","309","212","30","0","26","41","29.10.12"
"230076","79","Запорізька область","школа, спортивна зала
вул.Леніна, 39, с.Шевченка, Василівський р-н, Запорізька обл., 71643","600","348","595","26","227","25","252","","0","227","25","252","11","241","103","73","8","3","54","29.10.12"
"230077","79","Запорізька область","школа, спортивна зала
вул.Леніна, 48Б, с.Широке, Василівський р-н, Запорізька обл., 71650","664","257","660","41","371","36","407","","0","371","36","407","12","395","248","82","4","3","58","29.10.12"
"230078","79","Запорізька область","школа, фойє
вул.Перемоги, 35, с.Червоноармійське, Василівський р-н, Запорізька обл., 71651","400","118","399","37","246","36","282","","0","246","36","282","6","276","200","29","8","1","38","29.10.12"
"230079","79","Запорізька область","Василівська центральна районна лікарня, актова зала
вул.Лікарняна, 5, м.Василівка, Василівський р-н, Запорізька обл., 71600","168","137","31","2","29","2","31","","0","29","2","31","0","31","26","1","0","0","4","29.10.12"
"230080","79","Запорізька область","Дніпрорудненська міська лікарня, хірургічний корпус, 2-й поверх, їдальня
вул.Зелена, 2, м.Дніпрорудне, Василівський р-н, Запорізька обл., 71630","168","136","34","6","26","6","32","","0","26","6","32","0","32","25","3","0","1","3","28.10.12"
"230081","79","Запорізька область","ТОВ ""Преображенське"", їдальня, зала
вул.Степова, 24, с.Велика Білозерка, Великобілозерський р-н, Запорізька обл., 71400","728","278","716","37","415","35","450","","0","415","35","450","24","426","236","120","4","13","53","29.10.12"
"230082","79","Запорізька область","районний будинок культури, фойє
вул.Щорса, 3, с.Велика Білозерка, Великобілозерський р-н, Запорізька обл., 71400","1296","536","1290","53","712","48","760","","0","712","48","760","43","717","411","151","13","15","127","29.10.12"
"230083","79","Запорізька область","Великобілозерський сільський клуб, фойє
вул.Яблунева, 15, с.Велика Білозерка, Великобілозерський р-н, Запорізька обл., 71400","584","217","574","53","319","48","367","","0","319","48","367","16","351","210","80","6","4","51","28.10.12"
"230084","79","Запорізька область","школа, спортивна зала
вул.Поштова, 1, с.Гюнівка, Великобілозерський р-н, Запорізька обл., 71410","488","151","477","53","284","53","337","","0","284","53","337","21","316","220","52","7","2","35","29.10.12"
"230085","79","Запорізька область","школа №2, спортивна зала
вул.Червонофлотська, 12, с.Велика Білозерка, Великобілозерський р-н, Запорізька обл., 71401","1112","513","1105","34","569","30","599","","0","569","30","599","32","567","312","164","10","13","68","29.10.12"
"230086","79","Запорізька область","школа ""Первоцвіт"", спортивна зала
вул.Пархоменка, 65, с.Велика Білозерка, Великобілозерський р-н, Запорізька обл., 71404","720","291","701","50","383","46","429","","0","383","46","429","24","405","214","116","9","7","59","29.10.12"
"230087","79","Запорізька область","школа №4, фойє
вул.Центральна, 290, с.Велика Білозерка, Великобілозерський р-н, Запорізька обл., 71402","496","181","493","19","296","19","315","","0","296","19","315","20","295","159","88","6","12","30","29.10.12"
"230088","79","Запорізька область","сільський клуб, фойє
вул.Центральна, 66А, с.Новопетрівка, Великобілозерський р-н, Запорізька обл., 71402","136","34","136","17","88","14","102","","0","88","14","102","9","93","60","20","0","1","12","28.10.12"
"230089","79","Запорізька область","будинок культури Трудової сільради, фойє
вул.Радянська, 9, с.Велика Білозерка, Великобілозерський р-н, Запорізька обл., 71402","912","342","902","57","519","51","570","","0","519","51","570","25","545","327","166","12","12","28","29.10.12"
"230234","79","Запорізька область","гімназія ""Скіфія"", спортивна зала
вул.Жовтнева, 101, м.Кам’янка-Дніпровська, Кам’янсько-Дніпровський р-н, Запорізька обл., 71304","1728","853","1697","69","811","64","875","","0","811","64","875","45","830","451","222","14","13","130","29.10.12"
"230235","79","Запорізька область","дитячий садок, хол
вул.Гоголя, 40, м.Кам’янка-Дніпровська, Кам’янсько-Дніпровський р-н, Запорізька обл., 71304","1486","744","1482","45","705","37","742","","0","705","37","742","36","706","399","199","6","16","86","28.10.12"
"230236","79","Запорізька область","будинок культури, хол
вул.Гоголя, 3, м.Кам’янка-Дніпровська, Кам’янсько-Дніпровський р-н, Запорізька обл., 71304","2016","939","2017","96","1000","77","1077","","0","1000","77","1077","50","1027","648","230","12","30","107","29.10.12"
"230237","79","Запорізька область","Запорізький облавтодор, червоний куток
просп.9 Травня, 29, м.Кам’янка-Дніпровська, Кам’янсько-Дніпровський р-н, Запорізька обл., 71304","1344","643","1345","53","662","39","701","","0","662","39","701","33","668","427","128","6","17","90","28.10.12"
"230238","79","Запорізька область","районна споживча спілка, червоний куток
вул.Набережна, 81, м.Кам’янка-Дніпровська, Кам’янсько-Дніпровський р-н, Запорізька обл., 71304","920","428","913","41","454","38","492","","0","454","38","492","16","476","280","124","10","10","52","28.10.12"
"230239","79","Запорізька область","технічна школа, к.3
пров.Олега Кошового, 16, м.Кам’янка-Дніпровська, Кам’янсько-Дніпровський р-н, Запорізька обл., 71304","1384","662","1376","79","652","70","722","","0","652","70","722","15","707","371","241","12","15","68","29.10.12"
"230240","79","Запорізька область","школа №3, спортивна зала
вул.Усачева, 207, м.Кам’янка-Дніпровська, Кам’янсько-Дніпровський р-н, Запорізька обл., 71304","1696","858","1688","73","768","70","838","","0","768","70","838","42","796","495","191","6","24","80","29.10.12"
"230241","79","Запорізька область","місцеве комунальне підприємство ""Карат"", бібліотека
вул.Промислова, 4, м.Кам’янка-Дніпровська, Кам’янсько-Дніпровський р-н, Запорізька обл., 71304","600","237","596","11","356","7","363","","0","356","7","363","16","347","208","83","4","7","45","29.10.12"
"230242","79","Запорізька область","районна споживча спілка, хол
вул.Чапаєва, 1, м.Кам’янка-Дніпровська, Кам’янсько-Дніпровський р-н, Запорізька обл., 71304","448","259","439","12","179","10","189","","0","179","10","189","12","177","125","39","3","2","8","29.10.12"
"230243","79","Запорізька область","будинок культури, хол
пров.Центральний, 23, с.Благовіщенка, Кам’янсько-Дніпровський р-н, Запорізька обл., 71330","1112","483","1093","65","576","53","629","","0","576","53","629","32","597","422","99","4","22","50","29.10.12"
"230244","79","Запорізька область","лікарська амбулаторія, столова
вул.Горького, 94, с.Благовіщенка, Кам’янсько-Дніпровський р-н, Запорізька обл., 71330","960","451","939","63","461","48","509","","0","461","48","509","41","468","344","62","7","15","40","29.10.12"
"230245","79","Запорізька область","школа №2, хол
вул.Леніна, 156, с.Велика Знам’янка, Кам’янсько-Дніпровський р-н, Запорізька обл., 71311","1192","611","1179","55","530","51","581","","0","530","51","581","24","557","412","94","2","8","41","28.10.12"
"230246","79","Запорізька область","музична школа, хол
вул.Калініна, 151, с.Велика Знам’янка, Кам’янсько-Дніпровський р-н, Запорізька обл., 71311","968","441","958","37","490","37","527","","0","490","37","527","33","494","320","101","4","10","59","28.10.12"
"230247","79","Запорізька область","школа №1, актова зала
вул.Комсомольська, 7, с.Велика Знам’янка, Кам’янсько-Дніпровський р-н, Запорізька обл., 71311","984","494","977","38","452","38","490","","0","452","38","490","18","472","292","118","8","3","51","28.10.12"
"230248","79","Запорізька область","держпідприємство Запорізьке, хол
вул.Леніна, 553, с.Велика Знам’янка, Кам’янсько-Дніпровський р-н, Запорізька обл., 71311","760","363","751","32","368","29","397","","0","368","29","397","21","376","203","138","6","9","20","29.10.12"
"230249","79","Запорізька область","школа №3, спортивна зала
вул.Карла Маркса, 105, с.Велика Знам’янка, Кам’янсько-Дніпровський р-н, Запорізька обл., 71311","696","307","688","26","365","24","389","","0","365","24","389","20","369","227","100","5","10","27","28.10.12"
"230250","79","Запорізька область","школа №4, хол
вул.Леніна, 596, с.Велика Знам’янка, Кам’янсько-Дніпровський р-н, Запорізька обл., 71311","648","298","639","24","332","18","350","","0","314","18","332","25","307","158","111","5","6","27","29.10.12"
"230251","79","Запорізька область","Адміністративний будинок фермерського господарства ""Яструб"", зала засідань
пров.Свободний, 1А, с.Велика Знам’янка, Кам’янсько-Дніпровський р-н, Запорізька обл., 71311","1008","514","1001","33","462","32","494","","0","462","32","494","22","472","285","134","6","6","41","29.10.12"
"230252","79","Запорізька область","школа №1, столова
вул.Миру, 149А, с.Водяне, Кам’янсько-Дніпровський р-н, Запорізька обл., 71310","1720","790","1694","32","905","25","930","","0","905","25","930","46","884","478","262","17","35","92","28.10.12"
"230253","79","Запорізька область","будинок народної творчості, зала
вул.Миру, 143Б, с.Водяне, Кам’янсько-Дніпровський р-н, Запорізька обл., 71310","1360","693","1333","36","645","22","667","","0","645","22","667","56","611","298","197","8","17","91","28.10.12"
"230254","79","Запорізька область","школа №2, спортивна зала
пров.Морський, 10, с.Водяне, Кам’янсько-Дніпровський р-н, Запорізька обл., 71310","1400","658","1396","53","701","41","742","","0","701","41","742","58","684","332","221","11","38","82","29.10.12"
"230255","79","Запорізька область","медична амбулаторія, хол
вул.9 Травня, 21А, с.Дніпровка, Кам’янсько-Дніпровський р-н, Запорізька обл., 71321","1104","447","1088","88","569","88","657","","0","569","88","657","35","622","382","153","9","19","59","28.10.12"
"230256","79","Запорізька область","дитячий садок, хол
вул.9 Травня, 128, с.Дніпровка, Кам’янсько-Дніпровський р-н, Запорізька обл., 71321","960","327","952","76","558","75","633","","0","558","75","633","30","603","422","110","6","15","50","28.10.12"
"230257","79","Запорізька область","адміністративний будинок сільської ради, хол
вул.Тараканчикова, 1, с.Дніпровка, Кам’янсько-Дніпровський р-н, Запорізька обл., 71321","936","390","947","93","453","93","546","","0","453","93","546","13","533","303","162","17","23","28","28.10.12"
"230258","79","Запорізька область","адміністративний будинок сільської ради, актова зала
вул.Центральна, 4, с-ще Заповітне, Кам’янсько-Дніпровський р-н, Запорізька обл., 71333","1024","438","1011","28","564","22","586","","0","564","22","586","35","551","326","172","9","9","35","28.10.12"
"230259","79","Запорізька область","будинок культури, актова зала
вул.Леніна, 71, с.Іванівка, Кам’янсько-Дніпровський р-н, Запорізька обл., 71320","1888","782","1868","81","1036","70","1106","","0","1036","70","1106","49","1057","596","260","17","35","149","29.10.12"
"230260","79","Запорізька область","адміністративний будинок сільської ради, актова зала
вул.Стрельнікова, 2, с.Нововодяне, Кам’янсько-Дніпровський р-н, Запорізька обл., 71322","1144","296","1130","64","784","64","848","","0","784","64","848","8","840","525","224","6","34","51","29.10.12"
"230261","79","Запорізька область","сільський клуб, зала
вул.Леніна, 48Б, с.Новоукраїнка, Кам’янсько-Дніпровський р-н, Запорізька обл., 71323","352","88","341","27","237","27","264","","0","237","27","264","16","248","125","72","5","18","28","28.10.12"
"230262","79","Запорізька область","школа, хол
вул.Центральна, 9, с.Новодніпровка, Кам’янсько-Дніпровський р-н, Запорізька обл., 71331","1248","596","1234","116","576","76","652","","0","576","76","652","29","623","303","232","19","27","42","30.10.12"
"230263","79","Запорізька область","крамниця ""Візит"", хол
вул.Жовтнева, 18, с.Подове, Кам’янсько-Дніпровський р-н, Запорізька обл., 71331","216","74","209","14","129","13","142","","0","129","13","142","5","137","83","28","1","10","15","28.10.12"
"230264","79","Запорізька область","сільський клуб, глядацька зала
вул.Миру, 15, с.Гуртове, Кам’янсько-Дніпровський р-н, Запорізька обл., 71331","120","43","110","13","64","13","77","","0","64","13","77","7","70","49","12","3","2","4","29.10.12"
"230265","79","Запорізька область","Кам’янсько-Дніпровська центральна районна лікарня, кабінет заступника головного лікаря
вул.Набережна, 130, м.Кам’янка-Дніпровська, Кам’янсько-Дніпровський р-н, Запорізька обл., 71304","80","60","23","14","7","13","20","","0","7","13","20","0","20","11","9","0","0","0","29.10.12"
"230376","79","Запорізька область","дитяча юнацька спортивна школа, зала боротьби
вул.Овчаренка, 12, м.Оріхів, Оріхівський р-н, Запорізька обл., 70500","2344","1078","2295","51","1224","42","1266","","0","1224","42","1266","56","1210","570","285","27","32","296","29.10.12"
"230377","79","Запорізька область","професійний ліцей, спортивна зала
вул.Овчаренка, 156, м.Оріхів, Оріхівський р-н, Запорізька обл., 70500","1936","897","1885","64","992","47","1039","","0","992","47","1039","45","994","552","247","24","16","155","29.10.12"
"230378","79","Запорізька область","будинок культури, фойє
вул.Ленінградських курсантів, 39, м.Оріхів, Оріхівський р-н, Запорізька обл., 70500","1824","823","1787","32","975","26","1001","","0","975","26","1001","35","966","453","238","19","22","234","29.10.12"
"230379","79","Запорізька область","КП “Оріхівський комунальник”, актова зала
вул.Запорізька, 9, м.Оріхів, Оріхівський р-н, Запорізька обл., 70500","944","458","932","32","456","30","486","","0","456","30","486","28","458","230","100","7","11","110","29.10.12"
"230380","79","Запорізька область","школа №5, спортивна зала
вул.Жовтнева, 109, м.Оріхів, Оріхіський р-н, Запорізька обл., 70500","1520","771","1493","78","672","77","749","","0","672","77","749","41","708","413","140","10","12","133","29.10.12"
"230381","79","Запорізька область","дитяча юнацька спортивна школа, ігрова зала
вул.Шевченка, 71, м.Оріхів, Оріхівський р-н, Запорізька обл., 70500","1616","764","1604","53","800","52","852","","0","800","52","852","34","818","415","175","18","18","192","29.10.12"
"230382","79","Запорізька область","гуртожиток сільськогосподарського технікуму, актова зала
вул.Карла Маркса, 78, м.Оріхів, Оріхівський р-н, Запорізька обл., 70500","2064","1067","2035","81","948","49","997","","0","948","49","997","35","962","487","197","14","11","253","30.10.12"
"230383","79","Запорізька область","ЗАТ “Агроводресурс”, зала засідань
вул.Привокзальна, 32А, м.Оріхів, Оріхівський р-н, Запорізька обл., 70500","1512","776","1480","49","693","43","736","","0","693","43","736","26","710","441","144","19","6","100","29.10.12"
"230384","79","Запорізька область","школа, фойє
вул.Радянська, 2, смт Комишуваха, Оріхівський р-н, Запорізька обл., 70530","2080","1010","2060","71","1019","51","1070","","0","1019","51","1070","56","1014","576","245","24","16","153","28.10.12"
"230385","79","Запорізька область","школа, фойє
вул.Радянська, 46, смт Комишуваха, Оріхівський р-н, Запорізька обл., 70530","2272","1022","2254","78","1182","68","1250","","0","1182","68","1250","51","1199","683","297","20","13","186","28.10.12"
"230386","79","Запорізька область","сільський клуб, глядацька зала
вул.Верхня, 1, с.Білогір’я, Оріхівський р-н, Запорізька обл., 70551","456","169","446","46","242","45","287","","0","242","45","287","19","268","189","46","3","0","30","28.10.12"
"230388","79","Запорізька область","школа, спортивна зала
вул.Мельникова, 1, с-ще Димитрове, Оріхівський р-н, Запорізька обл., 70534","1480","657","1469","53","773","50","823","","0","773","50","823","44","779","446","187","23","11","112","29.10.12"
"230389","79","Запорізька область","школа, спортивна зала
вул.Запорізька, 201, с.Кірове, Оріхівський р-н, Запорізька обл., 70542","760","366","747","38","357","37","394","","0","357","37","394","29","365","239","62","10","8","46","28.10.12"
"230390","79","Запорізька область","будинок культури, фойє
вул.Шкільна, 22, с.Кірове, Оріхівський р-н, Запорізька обл., 70540","1728","845","1706","170","735","148","883","","0","735","148","883","49","834","465","217","17","19","116","29.10.12"
"230391","79","Запорізька область","школа, спортивна зала
вул.Шкільна, 12, с.Копані, Оріхівський р-н, Запорізька обл., 70562","400","164","388","14","222","14","236","","0","222","14","236","18","218","124","43","4","3","44","28.10.12"
"230392","79","Запорізька область","будинок культури, фойє
вул.Миру, 294, с.Мала Токмачка, Оріхівський р-н, Запорізька обл., 70550","2112","965","2082","154","1035","112","1147","","0","1035","112","1147","47","1100","684","235","10","9","162","29.10.12"
"230394","79","Запорізька область","будинок культури, фойє
вул.Яссана, 6, с.Мирне, Оріхівський р-н, Запорізька обл., 70560","680","286","671","22","376","18","394","","0","376","18","394","13","381","227","70","7","5","72","29.10.12"
"230395","79","Запорізька область","будинок культури, фойє
вул.Центральна, 4, с.Нестерянка, Оріхівський р-н, Запорізька обл., 70561","1120","544","1104","15","561","15","576","","0","561","15","576","28","548","328","118","12","11","79","29.10.12"
"230396","79","Запорізька область","будинок культури, глядацька зала
вул.Леніна, 39, с.Новоандріївка, Оріхівський р-н, Запорізька обл., 70543","536","240","522","48","254","42","296","","0","254","42","296","4","292","196","55","5","6","30","29.10.12"
"230397","79","Запорізька область","адміністративна будівля сільської ради, зала засідань
вул.Хрусталькова, 100, с.Новоданилівка, Оріхівський р-н, Запорізька обл., 70505","720","295","713","54","377","48","425","","0","377","48","425","16","409","241","98","3","11","56","29.10.12"
"230398","79","Запорізька область","адміністративна будівля сільської ради, зала засідань
вул.Шарова, 39, с.Новоіванівка, Оріхівський р-н, Запорізька обл., 70513","624","252","610","46","333","39","372","","0","333","39","372","27","345","171","60","8","4","102","29.10.12"
"230399","79","Запорізька область","школа, їдальня
вул.Галустяна, 1, с.Новопавлівка, Оріхівський р-н, Запорізька обл., 70544","472","178","462","42","256","38","294","","0","256","38","294","17","277","163","57","6","7","44","29.10.12"
"230401","79","Запорізька область","школа, спортивна зала
вул.Шкільна, 97, с-ще Новотавричеське, Оріхівський р-н, Запорізька обл., 70510","1064","454","1039","42","568","42","610","","0","568","42","610","22","588","382","63","10","3","130","29.10.12"
"230402","79","Запорізька область","школа-дитсадок, фойє
вул.Колгоспна, 101А, с.Оленівка, Оріхівський р-н, Запорізька обл., 70511","368","146","361","36","190","32","222","","0","190","32","222","12","210","161","19","4","3","23","28.10.12"
"230403","79","Запорізька область","школа, к.3
вул.Жовтнева, 17А, с.Новотроїцьке, Оріхівський р-н, Запорізька обл., 70515","384","111","377","27","250","23","273","","0","250","23","273","0","273","248","14","5","1","5","29.10.12"
"230404","79","Запорізька область","школа, майстерня
вул.40 років Перемоги, 1А, с.Жовта Круча, Оріхівський р-н, Запорізька обл., 70516","336","100","328","24","214","22","236","","0","214","22","236","13","223","151","36","4","5","27","29.10.12"
"230405","79","Запорізька область","будинок культури, фойє
вул.Центральна, 7, с.Новояківлівка, Оріхівський р-н, Запорізька обл., 70536","424","147","412","20","260","17","277","","0","260","17","277","14","263","186","50","2","2","23","28.10.12"
"230406","79","Запорізька область","школа, фойє
вул.Шевченка, 64, с.Магдалинівка, Оріхівський р-н, Запорізька обл., 70537","360","148","354","16","201","11","212","","0","201","11","212","3","209","145","38","4","1","21","28.10.12"
"230408","79","Запорізька область","будинок культури, глядацька зала
пров.Виноградний, 13, с.Преображенка, Оріхівський р-н, Запорізька обл., 70545","1024","473","1011","43","514","37","551","","0","514","37","551","27","524","292","114","11","13","94","29.10.12"
"230409","79","Запорізька область","школа-дитсадок, фойє
вул.Польова, 1, с.Преображенка, Оріхівський р-н, Запорізька обл., 70545","1984","1003","1972","100","886","95","981","","0","886","95","981","39","942","563","203","17","14","145","29.10.12"
"230410","79","Запорізька область","школа, фойє
вул.Блакитна, 51, с.Щасливе, Оріхівський р-н, Запорізька обл., 70514","552","245","544","15","292","15","307","","0","292","15","307","25","282","152","21","6","2","101","28.10.12"
"230411","79","Запорізька область","школа, їдальня
вул.50 років Великого Жовтня, 143, с.Юрківка, Оріхівський р-н, Запорізька обл., 70535","1120","442","1115","82","607","71","678","","0","607","71","678","49","629","402","148","16","8","55","29.10.12"
"230412","79","Запорізька область","школа, фойє
вул.Ювілейна, 10, с.Ясна Поляна, Оріхівський р-н, Запорізька обл., 70512","432","176","427","30","233","23","256","","0","233","23","256","10","246","142","50","12","3","39","29.10.12"
"230413","79","Запорізька область","адміністративний корпус лікарні, зала засідань
вул.Правди, 2, м.Оріхів, Оріхівський р-н, Запорізька обл., 70500","208","126","82","7","75","7","82","","0","75","7","82","1","81","69","4","0","0","8","29.10.12"
"230414","79","Запорізька область","будинок культури, глядацька зала
вул.Привокзальна, 7, с.Мала Токмачка, Оріхівський р-н, Запорізька обл., 70550","1352","128","1224","2","1222","2","1224","","0","1222","2","1224","73","1151","982","64","27","21","57","29.10.12"
"230692","79","Запорізька область","Інститут державного та муніципального управління імені Р.Г.Хеноха, хол, 1-й поверх
вул.Комсомольська, 3А, м.Енергодар, Запорізька обл., 71503","1968","945","1933","19","1007","16","1023","","0","1007","16","1023","65","958","480","174","22","203","79","29.10.12"
"230693","79","Запорізька область","готель ""Енергодар"", хол, 1-й поверх
просп.Будівельників, 25, м.Енергодар, Запорізька обл., 71503","2472","1050","2432","41","1387","35","1422","","0","1387","35","1422","56","1366","639","250","22","295","160","29.10.12"
"230694","79","Запорізька область","палац культури ""Сучасник"", фойє, 1-й поверх
просп.Будівельників, 27Б, м.Енергодар, Запорізька обл., 71503","1817","706","1790","13","1101","10","1111","","0","1101","10","1111","56","1055","461","198","11","242","143","29.10.12"
"230695","79","Запорізька область","палац культури ""Сучасник"", фойє, 1-й поверх
просп.Будівельників, 27Б, м.Енергодар, Запорізька обл., 71503","1784","697","1766","8","1081","6","1087","","0","1081","6","1087","51","1036","502","183","25","194","132","29.10.12"
"230696","79","Запорізька область","навчально-виховний комплекс №1, коридор, 1-й поверх
просп.Енергетиків, 7, м.Енергодар, Запорізька обл., 71503","2272","964","2249","26","1291","17","1308","","0","1291","17","1308","65","1243","600","240","23","267","113","29.10.12"
"230697","79","Запорізька область","школа №2, хол, 1-й поверх
просп.Енергетиків, 6, м.Енергодар, Запорізька обл., 71503","1976","777","1951","26","1180","19","1199","","0","1180","19","1199","60","1139","573","209","12","217","128","29.10.12"
"230698","79","Запорізька область","культурно-діловий центр, фойє, 1-й поверх
вул.Центральна, 6, м.Енергодар, Запорізька обл., 71503","1776","704","1738","14","1061","11","1072","","0","1061","11","1072","38","1034","512","206","21","192","103","29.10.12"
"230699","79","Запорізька область","набережна, павільйон №3, зал 2
вул.Набережна, павільйон №3, м.Енергодар, Запорізька обл., 71503","1903","719","1883","19","1169","15","1184","","0","1169","15","1184","70","1114","486","206","24","235","163","29.10.12"
"230700","79","Запорізька область","школа №4, фойє, 1-й поверх
вул.Лісова, 21, м.Енергодар, Запорізька обл., 71502","2040","824","2017","14","1207","9","1216","","0","1207","9","1216","58","1158","455","225","25","269","184","29.10.12"
"230701","79","Запорізька область","міжшкільний навчально-виробничий комбінат, корпус 2, хол, 1-й поверх
вул.Лісова, 21, м.Енергодар, Запорізька обл., 71502","1784","736","1760","12","1040","8","1048","","0","1040","8","1048","45","1003","462","183","21","191","146","29.10.12"
"230702","79","Запорізька область","водогрязелікарня, хол, 1-й поверх
просп.Будівельників, 33, м.Енергодар, Запорізька обл., 71502","1952","746","1921","10","1202","4","1206","","0","1201","4","1205","46","1159","568","202","22","247","120","29.10.12"
"230703","79","Запорізька область","багатопрофільна гімназія ""Гармонія"", молодший корпус, коридор, 1-й поверх
вул.Радянська, 25А, м.Енергодар, Запорізька обл., 71504","2016","801","1989","11","1204","11","1215","","0","1204","11","1215","61","1154","539","211","23","202","179","29.10.12"
"230704","79","Запорізька область","художня школа, к.1, 1-й поверх
вул.Радянська, 25Б, м.Енергодар, Запорізька обл., 71504","1880","746","1876","17","1123","11","1134","","0","1123","11","1134","50","1084","515","177","18","199","175","29.10.12"
"230705","79","Запорізька область","багатопрофільна гімназія ""Гармонія"", старший корпус, коридор, 1-й поверх
вул.Радянська, 25А, м.Енергодар, Запорізька обл., 71504","2112","850","2083","29","1241","21","1262","","0","1241","21","1262","29","1233","612","214","18","233","156","29.10.12"
"230706","79","Запорізька область","плавальний басейн, фойє, 1-й поверх
вул.Комсомольська, 10, м.Енергодар, Запорізька обл., 71504","2416","1005","2362","13","1404","7","1411","","0","1404","7","1411","61","1350","653","212","26","260","199","29.10.12"
"230707","79","Запорізька область","вузол зв’язку, вестибюль, 1-й поверх
вул.Курчатова, 13, м.Енергодар, Запорізька обл., 71504","2144","843","2135","13","1293","8","1301","","0","1293","8","1301","53","1248","583","203","29","244","189","29.10.12"
"230708","79","Запорізька область","навчально-виховний комплекс №5, вестибюль центрального входу, 1-й поверх
вул.Воїнів-Інтернаціоналістів, 32, м.Енергодар, Запорізька обл., 71504","2408","1083","2377","11","1316","9","1325","","0","1316","9","1325","56","1269","576","242","30","211","210","29.10.12"
"230709","79","Запорізька область","навчально-виховний комплекс №5, вестибюль біля кабінета директора, 1-й поверх
вул.Воїнів-Інтернаціоналістів, 32, м.Енергодар, Запорізька обл., 71504","2464","1060","2433","6","1399","5","1404","","0","1399","5","1404","94","1310","601","257","24","209","219","28.10.12"
"230710","79","Запорізька область","школа №7, блок 2, коридор, 1-й поверх
бульв.Каштановий, 1, м.Енергодар, Запорізька обл., 71504","2480","1077","2446","9","1397","6","1403","","0","1397","6","1403","83","1320","574","256","21","230","239","29.10.12"
"230711","79","Запорізька область","школа №7, блок 3, коридор, 1-й поверх
бульв.Каштановий, 1, м.Енергодар, Запорізька обл., 71504","2504","1044","2461","6","1454","6","1460","","0","1454","6","1460","93","1367","611","209","31","235","281","29.10.12"
"230712","79","Запорізька область","центр соціальних служб для сім’ї, дітей та молоді, зал, 1-й поверх
вул.Козацька, 17, м.Енергодар, Запорізька обл., 71504","2448","974","2408","7","1469","5","1474","","0","1469","5","1474","80","1394","590","284","28","257","235","29.10.12"
"230713","79","Запорізька область","спеціалізована медико-санітарна частина №1, головний корпус, актова зала, 2-й поверх
просп.Будівельників, 33, м.Енергодар, Запорізька обл., 71502","856","787","94","28","46","23","69","","0","46","23","69","2","67","42","12","1","7","5","28.10.12"
