"№ ВД","OBO","Назва регіону України","Місцезнаходження та адреса приміщення для голосування","1) К-сть одержаних бюлетенів","2) К-сть невикористаних бюлетенів","3) К-сть виборців, внесених до списку виборців","4) К-сть виборців, внесених до витягу зі списку виборців","5) К-сть виборців, які отримали бюлетені у приміщенні","6) К-сть виборців, які отримали за місцем перебування","7) Сумарна к-сть виборців, які отримали бюлетені","8) К-сть бюлетенів, що виявилися у кожній скринці","9) К-сть бюлетенів, що не підлягають врахуванню","10) К-сть виборців, які взяли участь у голос. у приміщенні для гол.","11) К-сть виборців, які взяли участь у голос. за місцем перебування","12) К-сть виборців, які взяли участь у голосуванні на виборчій дільниці","13) К-сть бюлетенів, визнаних недійсними","14) Сумарна к-сть голосів виборців ЗА","Бобков
Олександр
Михайлович","Деркач
Володимир
Григорович","Заярний
Артем
Олексійович","Скакун
Павло
Петрович","Дата підписання протоколу"
"141592","41","Донецька область","школа №99, хол
вул.Дарницька, 4, м.Донецьк, 83059","1832","281","1809","43","1516","35","1551","","0","1516","35","1551","37","1514","1238","87","66","123","29.10.12"
"141593","41","Донецька область","школа №120, зал 1
вул.Багратіона, 16, м.Донецьк, 83047","2480","585","2460","64","1841","54","1895","","0","1841","54","1895","104","1791","1308","129","164","190","29.10.12"
"141594","41","Донецька область","школа №120, зал 2
вул.Багратіона, 16, м.Донецьк, 83047","1696","362","1676","41","1310","24","1334","","0","1310","24","1334","38","1296","1005","74","57","160","29.10.12"
"141595","41","Донецька область","школа №120, зал 3
вул.Багратіона, 16, м.Донецьк, 83047","2184","383","2159","65","1749","52","1801","","0","1749","52","1801","67","1734","1353","90","111","180","29.10.12"
"141596","41","Донецька область","школа–інтернат №4, зал 1
вул.Полоцька, 12, м.Донецьк, 83092","2296","632","2273","46","1621","43","1664","","0","1621","43","1664","46","1618","1261","88","91","178","29.10.12"
"141597","41","Донецька область","школа №136, зал 1
вул.Багратіона, 9, м.Донецьк, 83092","2272","444","2242","56","1782","46","1828","","0","1782","46","1828","44","1784","1372","100","85","227","29.10.12"
"141598","41","Донецька область","школа №136, зал 2
вул.Багратіона, 9, м.Донецьк, 83092","2408","643","2356","54","1717","48","1765","","0","1713","48","1761","83","1678","1293","80","94","211","29.10.12"
"141599","41","Донецька область","школа №147, актовий зал
вул.Полоцька, 1, м.Донецьк, 83092","2264","406","2234","40","1818","40","1858","","0","1818","40","1858","44","1814","1457","93","89","175","29.10.12"
"141600","41","Донецька область","Донецька профільна гімназія №122, зал 1
вул.Незалежності, 1, м.Донецьк, 83092","2392","960","2365","14","1420","12","1432","","0","1420","12","1432","59","1373","957","122","112","182","29.10.12"
"141601","41","Донецька область","Донецька профільна гімназія №122, зал 2
вул.Незалежності, 1, м.Донецьк, 83092","2120","556","2084","27","1543","21","1564","","0","1543","21","1564","28","1536","1133","127","93","183","29.10.12"
"141602","41","Донецька область","Донецька профільна гімназія №122, зал 3
вул.Незалежності, 1, м.Донецьк, 83092","1608","470","1589","15","1124","14","1138","","0","1124","14","1138","30","1108","867","67","84","90","29.10.12"
"141603","41","Донецька область","Донецька профільний ліцей №135, зал 1
вул.230-ї Стрілецької дивізії, 40, м.Донецьк, 83092","2360","412","2302","14","1941","7","1948","","0","1941","7","1948","8","1940","1636","77","81","146","29.10.12"
"141604","41","Донецька область","Донецький профільний ліцей №135, зал 2
вул.230-ї Стрілецької дивізії, 40, м.Донецьк, 83092","2328","554","2299","98","1704","70","1774","","0","1704","70","1774","48","1726","1300","112","130","184","29.10.12"
"141605","41","Донецька область","Донецький профільний ліцей №135, зал 3
вул.230-ї Стрілецької дивізії, 40, м.Донецьк, 83092","2408","506","2374","25","1878","24","1902","","0","1878","24","1902","38","1864","1474","63","99","228","29.10.12"
"141606","41","Донецька область","Палац культури шахти ""Заперевальна"", хол
вул.Вишнеградського, 24, м.Донецьк, 83047","2400","629","2362","41","1734","37","1771","","0","1734","37","1771","39","1732","1349","73","85","225","29.10.12"
"141607","41","Донецька область","школа–інтернат №4, зал 2
вул.Полоцька, 12, м.Донецьк, 83092","2149","476","2131","38","1650","23","1673","","0","1645","23","1668","26","1642","1350","60","82","150","29.10.12"
"141608","41","Донецька область","АТ ""Мушкетівська автобаза"", зал
вул.Красноооктябрська, 111, м.Донецьк, 83053","1744","404","1731","127","1227","113","1340","","0","1227","113","1340","2","1338","1144","32","40","122","29.10.12"
"141609","41","Донецька область","школа №145, хол
вул.Мінська, 6, м.Донецьк, 83053","2128","397","2085","70","1662","69","1731","","0","1662","69","1731","22","1709","1342","55","94","218","29.10.12"
"141610","41","Донецька область","школа №123, хол
вул.Будьонного, 11, м.Донецьк, 83030","2296","631","2262","75","1610","55","1665","","0","1610","55","1665","4","1661","1383","42","41","195","29.10.12"
"141611","41","Донецька область","будинок Управління праці та соціального захисту населення, хол
вул.Октября, 16, м.Донецьк, 83030","1848","499","1811","46","1305","44","1349","","0","1305","44","1349","14","1335","1106","44","40","145","29.10.12"
"141612","41","Донецька область","школа №119, зал 1
вул.Георгія Димитрова, 112, м.Донецьк, 83030","1784","437","1732","158","1199","148","1347","","0","1199","148","1347","29","1318","1026","54","71","167","29.10.12"
"141613","41","Донецька область","школа №119, зал 2
вул.Георгія Димитрова, 112, м.Донецьк, 83030","2008","422","1952","43","1547","39","1586","","0","1536","39","1575","32","1543","1218","89","74","162","29.10.12"
"141614","41","Донецька область","ВАТ ""Донецький електротехнічний завод"", актовий зал
вул.Талліннська, 1, м.Донецьк, 83030","1816","491","1805","56","1287","38","1325","","0","1285","38","1323","19","1304","1076","58","42","128","29.10.12"
"141615","41","Донецька область","школа №148, актовий зал
вул.Кірова, 88А, смт Ларине, м.Донецьк, 83491","896","257","884","57","582","57","639","","0","582","57","639","10","629","528","17","15","69","29.10.12"
"141616","41","Донецька область","Ларинська селищна рада, зал засідань
вул.Горького, 58, смт Ларине, м.Донецьк, 83491","496","115","489","28","353","28","381","","0","353","28","381","15","366","276","15","18","57","29.10.12"
"141617","41","Донецька область","клуб ТОВ ""Тепличний"", зал
вул.Землеробська, 18А, смт Ларине, м.Донецьк, 83081","1256","323","1230","37","896","37","933","","0","896","37","933","2","931","775","34","28","94","29.10.12"
"141618","41","Донецька область","АТП ""Донбассводстрой"", актовий зал
вул.Тамбовська, 50, м.Донецьк, 83030","1320","273","1280","29","1018","29","1047","","0","1018","29","1047","37","1010","875","34","27","74","29.10.12"
"141619","41","Донецька область","АТ ""Донецьк – Лада"", актовий зал
вул.Баумана, 10, м.Донецьк, 83085","1728","405","1717","23","1306","17","1323","","0","1306","17","1323","47","1276","987","64","65","160","29.10.12"
"141620","41","Донецька область","школа №118, зал 1
вул.Відважних, 6А, м.Донецьк, 83085","1888","479","1872","47","1374","35","1409","","0","1374","35","1409","71","1338","1000","63","50","225","29.10.12"
"141621","41","Донецька область","школа №118, зал 2
вул.Відважних, 6А, м.Донецьк, 83085","1648","478","1641","26","1147","23","1170","","0","1147","23","1170","47","1123","914","46","44","119","29.10.12"
"141622","41","Донецька область","школа №137, хол
вул.Індустрії, 1, м.Донецьк, 83029","1424","216","1418","46","1173","35","1208","","0","1173","35","1208","13","1195","1024","48","25","98","28.10.12"
"141623","41","Донецька область","школа №132, хол
вул.Героїчна, 7, м.Донецьк, 83028","1536","259","1517","92","1189","88","1277","","0","1189","88","1277","12","1265","1098","37","42","88","29.10.12"
"141624","41","Донецька область","будівля ПП Чемарев С.М., хол
вул.Арктики, 45, м.Донецьк, 83058","2168","593","2132","61","1518","57","1575","","0","1490","57","1547","29","1518","1109","84","90","235","29.10.12"
"141625","41","Донецька область","будинок клубу ім.С.М.Кірова, хол
вул.Арктики, 8, м.Донецьк, 83058","2232","687","2200","109","1443","102","1545","","0","1443","102","1545","66","1479","1094","93","102","190","29.10.12"
"141626","41","Донецька область","школа №142, хол
вул.Благоустрійна, 17, м.Донецьк, 83058","2344","839","2309","74","1442","63","1505","","0","1442","63","1505","28","1477","1163","165","80","69","29.10.12"
"141627","41","Донецька область","школа №121, хол
вул.Карагандинська, 2, м.Донецьк, 83058","2048","391","2025","104","1563","94","1657","","0","1563","94","1657","58","1599","1287","65","78","169","29.10.12"
"141628","41","Донецька область","Донецький обласний протипухлинний центр, хол
вул.Полоцька, 2А, м.Донецьк, 83092","648","77","593","148","432","139","571","","0","432","139","571","30","541","360","34","57","90","29.10.12"
"141629","41","Донецька область","Центральна міська клінічна лікарня №16 м.Донецька, хол
вул.Багратіона, 19, м.Донецьк, 83047","328","144","184","65","119","65","184","","0","119","65","184","3","181","123","5","7","46","29.10.12"
"141630","41","Донецька область","міська клінічна лікарня №2 ""Енергетик"" м.Донецька, актовий зал
вул.Доненерго, 23А, м.Донецьк, 83058","208","137","71","2","69","2","71","","0","69","2","71","4","67","51","3","4","9","29.10.12"
"141631","41","Донецька область","Обласний наркологічний диспансер, актовий зал
вул.Лівобережна, 37, м.Донецьк, 83058","216","133","85","0","83","0","83","","0","83","0","83","3","80","51","6","10","13","29.10.12"
"141968","41","Донецька область","Багатопрофільний ліцей №124, хол 1, 1-й поверх
вул.Щетиніна, 46А, м.Донецьк, 83119","2016","916","1986","47","1053","47","1100","","0","1053","47","1100","42","1058","739","93","83","143","29.10.12"
"141969","41","Донецька область","Багатопрофільний ліцей №124, хол 2, 1-й поверх
вул.Щетиніна, 46А, м.Донецьк, 83119","1824","765","1800","27","1032","27","1059","","0","1032","27","1059","62","997","731","72","61","133","29.10.12"
"141970","41","Донецька область","Багатопрофільний ліцей №124, хол 3, 1-й поверх
вул.Щетиніна, 46А, м.Донецьк, 83119","2208","910","2203","43","1258","40","1298","","0","1258","40","1298","33","1265","970","56","79","160","29.10.12"
"141971","41","Донецька область","Багатопрофільний ліцей №124, хол 4, 1-й поверх
вул.Щетиніна, 46А, м.Донецьк, 83119","1912","924","1859","26","962","26","988","","0","962","26","988","53","935","623","88","85","139","29.10.12"
"141972","41","Донецька область","Багатопрофільний ліцей №124, хол 5, 2-й поверх
вул.Щетиніна, 46А, м.Донецьк, 83119","2024","726","1974","31","1270","28","1298","","0","1270","28","1298","51","1247","919","96","82","150","29.10.12"
"141973","41","Донецька область","Багатопрофільний ліцей №125, хол 1, 1-й поверх
вул.Раздольна, 10А, м.Донецьк, 83110","2256","480","2219","40","1739","37","1776","","0","1739","37","1776","25","1751","1362","74","95","220","29.10.12"
"141974","41","Донецька область","Багатопрофільний ліцей №125, хол 2, 1-й поверх
вул.Раздольна, 10А, м.Донецьк, 83110","1992","425","1959","29","1540","27","1567","","0","1540","27","1567","69","1498","1108","90","82","218","29.10.12"
"141975","41","Донецька область","Багатопрофільний ліцей №125, хол 3, 1-й поверх
вул.Раздольна, 10А, м.Донецьк, 83110","2120","532","2072","36","1556","32","1588","","0","1556","32","1588","20","1568","1343","75","33","117","29.10.12"
"141976","41","Донецька область","Професійний ліцей автосервісу, хол, 1-й поверх
вул.Раздольна, 6А, м.Донецьк, 83110","1248","404","1225","16","831","13","844","","0","831","13","844","19","825","620","56","43","106","29.10.12"
"141977","41","Донецька область","школа №126, хол, 1-й поверх
вул.Прожекторна, 19А, м.Донецьк, 83110","2448","319","2423","44","2085","44","2129","","0","2085","44","2129","34","2095","1713","83","96","203","29.10.12"
"141978","41","Донецька область","школа №126, хол, 1-й поверх
вул.Прожекторна, 19А, м.Донецьк, 83110","2304","295","2262","52","1965","44","2009","","0","1965","44","2009","28","1981","1605","75","96","205","29.10.12"
"141979","41","Донецька область","школа №126, хол, 1-й поверх
вул.Прожекторна, 19А, м.Донецьк, 83110","2016","276","1991","40","1700","40","1740","","0","1700","40","1740","2","1738","1370","107","88","173","28.10.12"
"141980","41","Донецька область","філія бібліотеки №4, читальна зала, 1-й поверх
вул.Прожекторна, 3, м.Донецьк, 83110","1304","116","1290","21","1173","15","1188","","0","1173","15","1188","10","1178","947","62","49","120","29.10.12"
"141981","41","Донецька область","Центральна збагачувальна фабрика ""Чумаковська"", хол, 1-й поверх
вул.Баранникова, 1, м.Донецьк, 83031","1408","306","1383","45","1060","42","1102","","0","1060","42","1102","53","1049","849","47","54","99","29.10.12"
"141982","41","Донецька область","школа №138, актова зала, 1-й поверх
вул.Макіївська, 4, м.Донецьк, 83031","1400","207","1381","58","1156","37","1193","","0","1146","37","1183","40","1143","961","42","37","103","29.10.12"
"141983","41","Донецька область","школа №138, спортивна зала, 1-й поверх
вул.Макіївська, 4, м.Донецьк, 83031","1808","364","1780","58","1389","55","1444","","0","1389","55","1444","17","1427","1252","50","30","95","29.10.12"
"141984","41","Донецька область","школа №139, хол, 1-й поверх
вул.Пролетарська, школа №139, м.Донецьк, 83030","1896","237","1878","99","1564","95","1659","","0","1564","95","1659","5","1654","1483","48","10","113","29.10.12"
"141985","41","Донецька область","станція ""Чумакова"", хол, 1-й поверх
вул.Январська, станція ""Чумакова"", м.Донецьк, 83031","672","104","672","31","537","31","568","","0","537","31","568","17","551","451","7","20","73","29.10.12"
"141986","41","Донецька область","школа №144, хол, 1-й поверх
вул.Комуністична, 7, м.Донецьк, 83044","2104","54","2087","32","2018","32","2050","","0","2018","32","2050","23","2027","1751","63","63","150","29.10.12"
"141987","41","Донецька область","Професійний шахтобудівний ліцей, хол, 1-й поверх
вул.Раздольна, 20, м.Донецьк, 83110","1536","326","1502","20","1194","16","1210","","0","1194","16","1210","31","1179","969","55","59","96","29.10.12"
"141988","41","Донецька область","Багатопрофільна гімназія №150, хол, 1-й поверх
вул.Армавірська, 23А, м.Донецьк, 83044","2288","300","2241","18","1974","14","1988","","0","1974","14","1988","66","1922","1565","73","90","194","29.10.12"
"141989","41","Донецька область","Багатопрофільна гімназія №150, хол, 1-й поверх
вул.Армавірська, 23А, м.Донецьк, 83044","1984","548","1954","30","1408","28","1436","","0","1408","28","1436","47","1389","1100","56","54","179","29.10.12"
"141990","41","Донецька область","Ліцей торгівельного та ресторанного сервісу, хол, 1-й поверх
вул.Велика Магістральна, 7, м.Донецьк, 83044","2416","315","2375","37","2064","37","2101","","0","2064","37","2101","96","2005","1562","99","107","237","29.10.12"
"141991","41","Донецька область","школа №140, їдальня, 1-й поверх
вул.Комуністична, 1, м.Донецьк, 83044","2088","545","2042","49","1495","48","1543","","0","1495","48","1543","29","1514","1203","58","74","179","29.10.12"
"141992","41","Донецька область","палац культури ""Ювілейний"", дискотечна зала, 1-й поверх
вул.Велика Магістральна, 26А, м.Донецьк, 83044","1912","425","1871","17","1473","14","1487","","0","1473","14","1487","53","1434","1132","60","63","179","29.10.12"
"141993","41","Донецька область","Ліцей харчової та переробної промисловості, хол, 1-й поверх
вул.Марселя Кашена, 19, м.Донецьк, 83031","1840","472","1805","63","1305","63","1368","","0","1305","63","1368","50","1318","1110","39","39","130","29.10.12"
"141994","41","Донецька область","Ліцей харчової та переробної промисловості, хол, 1-й поверх
вул.Марселя Кашена, 19, м.Донецьк, 83031","1712","131","1698","103","1487","94","1581","","0","1487","94","1581","51","1530","1192","67","54","217","29.10.12"
"141995","41","Донецька область","ДП ""Дон. вуг. енергетична компанія"", відокремлений підрозділ автобази, колона №4, хол, 1-й поверх
вул.Звєрькова, 63, м.Донецьк, 83032","1952","246","1923","55","1651","55","1706","","0","1651","55","1706","29","1677","1426","66","42","143","29.10.12"
"141996","41","Донецька область","КП ""ЖЕК 7"", хол, 1-й поверх
вул.Шахтна, 83, м.Донецьк, 83041","2016","363","1966","44","1609","44","1653","","0","1609","44","1653","22","1631","1431","38","48","114","29.10.12"
"141997","41","Донецька область","школа №141, актова зала (права частина), 1-й поверх
вул.Ізвєстій, 1, м.Донецьк, 83032","1584","207","1573","37","1344","33","1377","","0","1344","33","1377","39","1338","1199","34","31","74","29.10.12"
"141998","41","Донецька область","школа №141, актова зала (ліва частина), 1-й поверх
вул.Ізвєстій, 1, м.Донецьк, 83032","1664","518","1630","52","1108","38","1146","","0","1108","38","1146","19","1127","968","42","42","75","29.10.12"
"141999","41","Донецька область","школа №133, хол, 1-й поверх
вул.Батайська, 3, м.Донецьк, 83041","2136","178","2066","68","1894","64","1958","","0","1894","64","1958","55","1903","1667","65","51","120","29.10.12"
"142000","41","Донецька область","школа №128, хол, 1-й поверх
вул.Альохіна, 1А, м.Донецьк, 83033","2264","511","2217","60","1693","60","1753","","0","1693","60","1753","16","1737","1649","13","12","63","29.10.12"
"142001","41","Донецька область","палац культури XX-річчя Перемоги, хол, 1-й поверх
вул.Філатова, 19А, м.Донецьк, 83034","2240","244","2128","103","1894","102","1996","","0","1894","102","1996","2","1994","1789","39","47","119","29.10.12"
"142002","41","Донецька область","школа №149, хол, 1-й поверх
вул.Палладіна, 1А, м.Донецьк, 83034","1848","430","1806","61","1357","61","1418","","0","1357","61","1418","22","1396","1155","52","43","146","29.10.12"
"142003","41","Донецька область","школа №130, хол, 1-й поверх
вул.Філатова, 51, м.Донецьк, 83034","1840","173","1804","96","1571","96","1667","","0","1571","96","1667","21","1646","1495","30","37","84","29.10.12"
"142004","41","Донецька область","станція юних техників №2, хол, 1-й поверх
вул.Філатова, 20, м.Донецьк, 83034","1120","176","1095","42","904","40","944","","0","904","40","944","7","937","825","20","19","73","29.10.12"
"142005","41","Донецька область","школа №154, хол, 1-й поверх
вул.Одеська, 1, м.Моспине, м.Донецьк, 83492","984","144","957","81","760","80","840","","0","760","80","840","9","831","624","86","36","85","29.10.12"
"142006","41","Донецька область","школа №151, хол, 1-й поверх
вул.Пилягіна, 2А, м.Моспине, м.Донецьк, 83492","1184","286","1167","96","802","96","898","","0","802","96","898","8","890","730","46","36","78","29.10.12"
"142007","41","Донецька область","школа №152, хол, 1-й поверх
вул.Шкільна, 1А, м.Моспине, м.Донецьк, 83492","1368","367","1345","84","919","82","1001","","0","919","82","1001","6","995","869","35","21","70","29.10.12"
"142008","41","Донецька область","клуб ""Юність"", хол, 1-й поверх
вул.Ново-Моспине, 27, м.Моспине, м.Донецьк, 83492","1520","468","1474","65","987","65","1052","","0","987","65","1052","7","1045","813","51","53","128","29.10.12"
"142009","41","Донецька область","ВАТ ""Моспинське вуглепереробне підприємство"", хол, 1-й поверх
вул.Гришина, 1, м.Моспине, м.Донецьк, 83493","1720","321","1664","86","1317","82","1399","","0","1317","82","1399","33","1366","1167","45","35","119","29.10.12"
"142010","41","Донецька область","ВАТ ""Востоквуглемаш - ремонтно-механічний завод"", хол, 1-й поверх
вул.Руднична, 47, м.Моспине, м.Донецьк, 83493","1264","334","1251","74","856","74","930","","0","856","74","930","14","916","738","34","33","111","29.10.12"
"142011","41","Донецька область","сільський клуб, хол, 1-й поверх
вул.Заоєва, сільський клуб, с.Бирюки, м.Моспине, м.Донецьк, 83498","1856","442","1845","101","1323","91","1414","","0","1323","91","1414","22","1392","1193","61","49","89","29.10.12"
"142012","41","Донецька область","Міська лікарня №12, хол, 1-й поверх
вул.Тельмана, 7, м.Моспине, м.Донецьк, 83492","64","4","60","0","60","0","60","","0","60","0","60","0","60","56","0","2","2","29.10.12"
"142013","41","Донецька область","Центральна міська клінічна лікарня №9 м.Донецька, конференційна зала, 1-й поверх
вул.Єльницька, 1, м.Донецьк, 83030","344","35","319","119","199","110","309","","0","199","110","309","0","309","281","12","7","9","29.10.12"
"142014","41","Донецька область","Відділення №7 обласної клінічної туберкульозної лікарні, к.3, 1-й поверх
вул.Славна, 8, м.Донецьк, 83032","168","76","92","5","87","5","92","","0","87","5","92","0","92","85","2","0","5","29.10.12"
"142015","41","Донецька область","Міська лікарня №11, хол, 1-й поверх
вул.Палладіна, 54, м.Донецьк, 83034","128","33","95","0","95","0","95","","0","95","0","95","2","93","86","4","2","1","29.10.12"
