"№ ВД","OBO","Назва регіону України","Місцезнаходження та адреса приміщення для голосування","1) К-сть одержаних бюлетенів","2) К-сть невикористаних бюлетенів","3) К-сть виборців, внесених до списку виборців","4) К-сть виборців, внесених до витягу зі списку виборців","5) К-сть виборців, які отримали бюлетені у приміщенні","6) К-сть виборців, які отримали за місцем перебування","7) Сумарна к-сть виборців, які отримали бюлетені","8) К-сть бюлетенів, що виявилися у кожній скринці","9) К-сть бюлетенів, що не підлягають врахуванню","10) К-сть виборців, які взяли участь у голос. у приміщенні для гол.","11) К-сть виборців, які взяли участь у голос. за місцем перебування","12) К-сть виборців, які взяли участь у голосуванні на виборчій дільниці","13) К-сть бюлетенів, визнаних недійсними","14) Сумарна к-сть голосів виборців ЗА","Волинко
Микола
Миколайович","Жнівін
Сергій
Юрійович","Кравченко
Анатолій
Васильович","Левицький
Євген
Леонідович","Левченко
Микола
Олександрович","Лигін
Роман
Олександрович","Лягін
Роман
Вікторович","Нікітін
Станіслав
Олександрович","Симоненко
Олександр
Борисович","Дата підписання протоколу"
"141763","44","Донецька область","школа №76, хол
вул.Петровського, 51, м.Донецьк, 83025","2480","722","2448","91","1668","90","1758","","0","1668","90","1758","32","1726","72","4","13","5","1401","2","7","41","181","28.10.12"
"141764","44","Донецька область","міжшкільний навчально-виробничий комбінат, хол, 2-й поверх
вул.Петровського, 66, м.Донецьк, 83025","2392","1002","2366","124","1280","110","1390","","0","1278","110","1388","24","1364","57","5","24","3","1106","1","0","41","127","29.10.12"
"141765","44","Донецька область","гімназія №92, хол, ліва сторона
вул.Пінтера, 20, м.Донецьк, 83120","2496","885","2464","78","1562","49","1611","","0","1560","49","1609","68","1541","117","10","36","21","1033","14","8","60","242","29.10.12"
"141766","44","Донецька область","гімназія №92, хол, права сторона
вул.Пінтера, 20, м.Донецьк, 83120","2408","411","2378","62","1935","62","1997","","0","1935","62","1997","78","1919","88","8","38","14","1478","13","7","71","202","29.10.12"
"141767","44","Донецька область","гімназія №92, фойє, ліва сторона
вул.Пінтера, 20, м.Донецьк, 83120","2160","535","2116","73","1556","69","1625","","0","1555","69","1624","73","1551","86","4","15","20","1156","11","7","55","197","29.10.12"
"141768","44","Донецька область","ліцей №30, хол, права сторона
вул.Валентини Терешкової, 47, м.Донецьк, 83120","1928","616","1890","13","1299","13","1312","","0","1299","13","1312","35","1277","79","8","33","14","854","6","5","64","214","29.10.12"
"141769","44","Донецька область","ліцей №30, хол, ліва сторона
вул.Валентини Терешкової, 47, м.Донецьк, 83120","1904","699","1884","74","1137","68","1205","","0","1137","68","1205","48","1157","81","8","30","15","854","10","2","39","118","29.10.12"
"141770","44","Донецька область","ліцей №30, хол, центр
вул.Валентини Терешкової, 47, м.Донецьк, 83120","1568","455","1539","60","1053","60","1113","","0","1053","60","1113","26","1087","56","12","13","13","800","2","3","45","143","30.10.12"
"141771","44","Донецька область","школа №88, хол, центральна частина
вул.Миколи Островського, 29, м.Донецьк, 83120","1872","709","1842","47","1122","41","1163","","0","1122","41","1163","50","1113","72","8","29","14","780","7","8","36","159","29.10.12"
"141772","44","Донецька область","школа №88, хол, права сторона
вул.Миколи Островського, 29, м.Донецьк, 83120","1616","579","1598","38","1005","32","1037","","0","1005","32","1037","34","1003","71","4","20","10","694","5","8","43","148","29.10.12"
"141773","44","Донецька область","школа №88, хол, ліва сторона
вул.Миколи Островського, 29, м.Донецьк, 83120","1792","700","1787","25","1068","24","1092","","0","1068","24","1092","22","1070","50","3","27","14","826","12","3","39","96","29.10.12"
"141774","44","Донецька область","школа №112, хол, права сторона
вул.Висоцького, 1, м.Донецьк, 83120","1936","579","1920","47","1310","47","1357","","0","1310","47","1357","50","1307","67","5","34","13","963","7","9","45","164","29.10.12"
"141775","44","Донецька область","школа №112, хол, 2-й поверх
вул.Висоцького, 1, м.Донецьк, 83120","2232","833","2206","53","1346","53","1399","","0","1346","53","1399","60","1339","96","10","40","9","912","15","7","72","178","29.10.12"
"141776","44","Донецька область","школа №112, хол, ліва сторона
вул.Висоцького, 1, м.Донецьк, 83120","1952","671","1929","48","1238","43","1281","","0","1238","43","1281","34","1247","75","6","20","15","912","13","3","62","141","29.10.12"
"141777","44","Донецька область","фізично-оздоровчий комплекс, спортзал, права сторона
вул.Висоцького, 19, м.Донецьк, 83117","1808","748","1783","39","1021","39","1060","","0","1021","39","1060","34","1026","52","2","18","10","751","5","1","39","148","29.10.12"
"141778","44","Донецька область","фізично-оздоровчий комплекс, спортзал, ліва сторона
вул.Висоцького, 19, м.Донецьк, 83117","2480","1175","2440","65","1249","56","1305","","0","1249","56","1305","61","1244","76","4","22","9","895","8","7","46","177","29.10.12"
"141779","44","Донецька область","центр реабілітації ""Радуга"", хол
вул.Петровського, 117, м.Донецьк, 83117","2304","708","2273","70","1540","56","1596","","0","1540","56","1596","58","1538","59","5","41","22","1135","10","8","74","184","29.10.12"
"141780","44","Донецька область","школа №97, хол
вул.Текстильників, 1, м.Донецьк, 83117","1736","524","1724","28","1187","25","1212","","0","1187","25","1212","25","1187","58","5","7","2","943","2","1","27","142","29.10.12"
"141781","44","Донецька область","ліцей №118, вестибюль
вул.Текстильників, 6, м.Донецьк, 83117","2408","707","2415","79","1622","79","1701","","0","1622","79","1701","48","1653","67","5","27","6","1402","2","1","35","108","29.10.12"
"141782","44","Донецька область","професійно-технічне училище №22, фойє
вул.Флотська, 1, м.Донецьк, 83095","1864","574","1842","75","1218","72","1290","","0","1218","72","1290","4","1286","51","5","17","7","1034","3","0","45","124","29.10.12"
"141783","44","Донецька область","професійно-технічне училище №22, фойє, 2-й поверх
вул.Флотська, 1, м.Донецьк, 83095","1776","563","1757","74","1151","62","1213","","0","1151","62","1213","28","1185","47","4","20","13","953","10","0","33","105","29.10.12"
"141784","44","Донецька область","школа №86, коридор, 1-й поверх
вул.Шилова, 1, м.Донецк, 83095","2504","806","2483","72","1626","72","1698","","0","1626","72","1698","25","1673","60","5","29","20","1350","11","6","39","153","29.10.12"
"141785","44","Донецька область","Донецький індустріально-педагогічний технікум, вестибюль
вул.Текстильників, 5, м.Донецьк, 83117","1936","538","1953","28","1373","25","1398","","0","1373","25","1398","72","1326","56","6","22","28","1014","8","4","52","136","29.10.12"
"141786","44","Донецька область","школа №78, спортзал
просп.Семашка, 34А, м.Донецьк, 83095","2448","567","2410","48","1833","48","1881","","0","1833","48","1881","23","1858","74","10","27","17","1478","13","7","43","189","29.10.12"
"141787","44","Донецька область","школа №78, актовий зал
просп.Семашка, 34А, м.Донецьк, 83095","2504","766","2465","34","1706","32","1738","","0","1706","32","1738","58","1680","86","9","22","13","1271","2","6","40","231","29.10.12"
"141788","44","Донецька область","школа №78, хол
просп.Семашка, 34А, м.Донецьк, 83095","2464","583","2424","38","1843","38","1881","","0","1843","38","1881","33","1848","86","9","34","23","1393","4","6","61","232","29.10.12"
"141789","44","Донецька область","палац дитячої та юнацької творчості, фойє, права сторона
вул.Кірова, 178, м.Донецьк, 83011","1848","405","1823","49","1403","40","1443","","0","1403","40","1443","54","1389","150","5","11","10","1023","4","2","32","152","29.10.12"
"141790","44","Донецька область","палац дитячої та юнацької творчості, фойє, 2-й поверх
вул.Кірова, 178, м.Донецьк, 83011","2000","600","1976","63","1343","57","1400","","0","1343","57","1400","47","1353","33","0","13","8","1086","9","4","46","154","29.10.12"
"141791","44","Донецька область","школа №82, хол
вул.Уральська, 18, м.Донецьк, 83011","2008","730","1983","100","1183","95","1278","","0","1183","95","1278","44","1234","57","8","9","14","942","8","3","29","164","29.10.12"
"141792","44","Донецька область","палац культури, фойє, 2-й поверх
вул.Павла Колодіна, 19, м.Донецьк, 83036","1728","431","1657","30","1269","28","1297","","0","1269","28","1297","20","1277","41","3","9","10","1058","0","6","19","131","29.10.12"
"141793","44","Донецька область","школа №80, коридор, 2-й поверх
вул.Дмитра Донського, 59, м.Донецьк, 83036","1936","605","1899","53","1278","53","1331","","0","1278","53","1331","16","1315","47","2","29","9","987","6","8","35","192","29.10.12"
"141794","44","Донецька область","школа №94, хол, права сторона
вул.Конєва, 28, м.Донецьк, 83036","2328","723","2282","75","1531","74","1605","","0","1531","74","1605","33","1572","43","2","22","17","1265","4","7","48","164","29.10.12"
"141795","44","Донецька область","школа №94, хол, ліва сторона
вул.Конєва, 28, м.Донецьк, 83036","1192","359","1162","44","791","42","833","","0","771","42","813","7","806","21","2","12","7","681","1","5","28","49","29.10.12"
"141796","44","Донецька область","колишня школа №79, хол
вул.Токарева, 88А, м.Донецьк, 83036","1808","648","1792","88","1072","88","1160","","0","1072","88","1160","30","1130","33","0","29","18","867","3","4","41","135","29.10.12"
"141797","44","Донецька область","школа №98, коридор
вул.Бірюзова, 1А, м.Донецьк, 83084","2232","474","2188","115","1643","115","1758","","0","1643","115","1758","25","1733","45","3","27","12","1403","9","11","36","187","29.10.12"
"141798","44","Донецька область","школа №98, фойє
вул.Бірюзова, 1А, м.Донецк, 83084","2048","392","2017","76","1585","71","1656","","0","1585","71","1656","52","1604","51","6","23","20","1293","18","10","32","151","29.10.12"
"141799","44","Донецька область","школа №91, хол, права сторона
вул.Бірюзова, 44А, м.Донецьк, 83084","2432","458","2408","72","1911","63","1974","","0","1911","63","1974","71","1903","54","12","35","25","1496","11","8","38","224","29.10.12"
"141800","44","Донецька область","школа №91, їдальня
вул.Бірюзова, 44А, м.Донецьк, 83084","2472","721","2436","55","1698","53","1751","","0","1697","53","1750","0","1750","82","1","38","16","1328","5","7","58","215","29.10.12"
"141801","44","Донецька область","школа №77, вестибюль
вул.Кірова, 429, м.Донецьк, 83020","1992","541","1949","53","1399","52","1451","","0","1399","52","1451","40","1411","52","7","20","19","1148","7","7","20","131","29.10.12"
"141802","44","Донецька область","філія школи №77, хол, ліва сторона
вул.Абакумова, 80, м.Донецьк, 83020","1824","528","1804","67","1235","61","1296","","0","1235","61","1296","51","1245","59","4","18","11","972","4","4","30","143","29.10.12"
"141803","44","Донецька область","палац культури, фойє
вул.Кірова, 320, м.Донецьк, 83020","1976","563","1944","46","1367","46","1413","","0","1367","46","1413","21","1392","40","8","26","18","1069","5","1","33","192","29.10.12"
"141804","44","Донецька область","школа №85, коридор, 1-й поверх
вул.Кірова, 334, м.Донецьк, 83020","2144","614","2120","44","1486","44","1530","","0","1486","44","1530","84","1446","48","4","46","18","1061","9","11","48","201","29.10.12"
"141812","44","Донецька область","школа №90, хол цокольного поверху
вул.Купріна, 156, м.Донецьк, 83112","2312","1152","2294","84","1085","75","1160","","0","1085","75","1160","50","1110","82","4","35","10","695","15","7","57","205","29.10.12"
"141813","44","Донецька область","будинок ""Ринок ""Дружба"", хол
вул.Кірова, 90, м.Донецьк, 83042","1784","775","1731","83","926","83","1009","","0","926","83","1009","43","966","62","3","18","9","711","3","8","29","123","29.10.12"
"141814","44","Донецька область","школа №89, актовий зал
вул.Кірова, 97, м.Донецьк, 83037","1632","639","1625","45","953","40","993","","0","953","40","993","49","944","48","4","25","13","665","6","5","29","149","29.10.12"
"141815","44","Донецька область","школа №93, актовий зал
вул.Карла Маркса, 10, м.Донецьк, 83037","1376","257","1361","63","1057","62","1119","","0","1057","62","1119","29","1090","34","1","14","4","931","0","0","20","86","29.10.12"
"141816","44","Донецька область","школа №93, коридор
вул.Карла Маркса, 10, м.Донецьк, 83037","1488","584","1463","60","845","59","904","","0","842","59","901","39","862","41","2","16","13","642","7","4","27","110","30.10.12"
"141817","44","Донецька область","клуб ВАТ ""Донецьккокс"", фойє
вул.Россошанська, 5, м.Донецьк, 83042","1120","523","1105","27","573","24","597","","0","573","24","597","31","566","45","2","9","20","345","5","3","20","117","29.10.12"
"141818","44","Донецька область","розважальний центр ""Енергетик"", фойє
вул.Купріна, 298, м.Донецьк, 83042","1488","416","1478","88","991","81","1072","","0","991","81","1072","8","1064","52","4","13","9","816","7","14","37","112","29.10.12"
"141819","44","Донецька область","Донецький гірничий технікум імені Є.Т.Абакумова, вестибюль
вул.Петровського, 4, м.Донецьк, 83037","1704","662","1740","84","977","65","1042","","0","977","65","1042","34","1008","65","3","29","12","676","2","3","58","160","29.10.12"
"141820","44","Донецька область","ПТУ №108, вестибюль
вул.Кірова, 179, м.Донецьк, 83089","2128","515","2096","101","1519","94","1613","","0","1519","94","1613","38","1575","40","1","26","12","1329","5","1","26","135","29.10.12"
"141821","44","Донецька область","школа №83, вестибюль
вул.Радченка, 11, м.Донецьк, 83042","1824","794","1803","71","959","71","1030","","0","959","71","1030","34","996","51","2","15","5","737","1","0","26","159","29.10.12"
"141822","44","Донецька область","Донецький будинок-інтернат для громадян похилого віку та інвалідів, бібліотека
вул.Алексинська, 55А, м.Донецьк, 83113","448","3","448","133","314","131","445","","0","314","131","445","5","440","1","0","1","11","406","1","3","2","15","29.10.12"
"141823","44","Донецька область","міська лікарня №25, коридор, 1-й поверх
вул.Кірова, 314, м.Донецьк, 83020","136","42","97","9","86","8","94","","0","86","8","94","4","90","6","1","1","0","70","1","1","0","10","02.11.12"
"141824","44","Донецька область","міська лікарня №24, хол, 1-й поверх
просп.Семашка, 3А, м.Донецьк, 83089","160","19","144","32","109","32","141","","0","109","32","141","8","133","10","0","4","4","90","3","2","2","18","29.10.12"
"141825","44","Донецька область","міська лікарня №26, хол 1-й поверх
вул.Радченка, 13, м.Донецьк, 83042","104","45","62","15","45","14","59","","0","45","14","59","1","58","1","2","2","4","28","3","1","3","14","28.10.12"
"141826","44","Донецька область","Донецька виправна колонія №124, актовий зал
квартал 883А, м.Донецьк, 83036","1032","42","990","150","840","150","990","","0","840","150","990","21","969","12","4","2","31","891","8","1","5","15","29.10.12"
"141926","44","Донецька область","школа мистецтв №2, актова зала, 2-й поверх
вул.Петровського, 231, м.Донецьк, 83010","1808","527","1789","116","1209","72","1281","","0","1209","72","1281","11","1270","46","3","11","7","1041","4","1","20","137","28.10.12"
"141927","44","Донецька область","""Шахта 4-21"" ДП ""Донецька вугільна енергетична кампанія"", спортивна зала
вул.Ямська, 1, м.Донецьк, 83039","1496","281","1480","80","1137","78","1215","","0","1137","78","1215","24","1191","18","4","12","13","1097","6","1","16","24","29.10.12"
"141928","44","Донецька область","гімназія ім.В.Стуса, хол
вул.Архітекторів, 21, м.Донецьк, 83111","1616","460","1598","26","1130","26","1156","","0","1130","26","1156","6","1150","45","6","24","6","911","5","2","29","122","02.11.12"
"141929","44","Донецька область","приватне підприємство ""Петровський будинок Моди"", хол
вул.Петровського, 258А, м.Донецьк, 83111","1560","251","1541","44","1278","31","1309","","0","1278","31","1309","32","1277","34","6","18","13","1107","11","9","18","61","29.10.12"
"141930","44","Донецька область","школа №101, хол
вул.Карамзіна, 18, м.Донецьк, 83010","1496","239","1474","21","1243","14","1257","","0","1243","14","1257","15","1242","50","5","8","4","1088","2","2","19","64","29.10.12"
"141931","44","Донецька область","центр дитячої творчості, танцювальна зала
вул.Петровського, 231Б, м.Донецьк, 83010","1272","279","1262","34","961","32","993","","0","953","32","985","39","946","36","4","14","10","777","3","0","17","85","29.10.12"
"141932","44","Донецька область","приміщення Петровського територіального центру, їдальня
вул.Брикетна, 19, м.Донецьк, 83111","1608","404","1567","39","1173","31","1204","","0","1173","31","1204","26","1178","30","6","20","6","998","1","0","21","96","29.10.12"
"141933","44","Донецька область","Донецький навчально-виховний комплекс №114, хол
вул.Стаханова, 8, м.Донецьк, 83111","1176","316","1167","12","849","11","860","","0","849","11","860","27","833","34","4","11","12","643","2","6","13","108","29.10.12"
"141934","44","Донецька область","Донецький навчально-виховний комплекс №114, їдальня
вул.Стаханова, 8, м.Донецьк, 83111","1192","305","1179","17","870","17","887","","0","870","17","887","8","879","60","5","13","7","709","1","0","19","65","28.10.12"
"141935","44","Донецька область","ясла - садок №386 ""Антошка"", музичний зал
вул.Степана Щипачова, 41А, м.Донецьк, 83111","1584","367","1566","20","1200","17","1217","","0","1200","17","1217","29","1188","57","5","9","16","970","4","1","28","98","29.10.12"
"141936","44","Донецька область","гімназія ім.В.Стуса, хол
вул.Архітекторів, 21, м.Донецьк, 83111","1376","370","1357","10","999","7","1006","","0","999","7","1006","20","986","47","5","20","21","749","3","6","36","99","29.10.12"
"141937","44","Донецька область","Донецький навчально-виховний комплекс №114, зал сухого плавання
вул.Стаханова, 8, м.Донецьк, 83111","1168","356","1157","25","788","24","812","","0","788","24","812","47","765","45","4","13","5","585","4","5","23","81","28.10.12"
"141938","44","Донецька область","палац культури ім.Г.І.Петровського, лекційна зала
вул.Архітекторів, 2, м.Донецьк, 83010","1480","116","1449","35","1329","35","1364","","0","1329","35","1364","16","1348","51","3","14","17","1118","5","4","28","108","29.10.12"
"141939","44","Донецька область","""Шахта 4-21"" ДП"" Донецька вугільна енергетична кампанія"", актова зала
вул.Петровського, 238, м.Донецьк, 83010","1096","184","1082","40","874","38","912","","0","874","38","912","6","906","45","0","4","4","728","2","1","8","114","29.10.12"
"141940","44","Донецька область","школа №100, хол
пл.Перемоги, 21, м.Донецьк, 83010","1640","406","1605","58","1183","51","1234","","0","1183","51","1234","0","1234","44","0","27","12","1070","3","2","20","56","29.10.12"
"141941","44","Донецька область","школа №106, спортивна зала, 1-й поверх
вул.Петровського, 255, м.Донецьк, 83039","1392","145","1380","46","1209","38","1247","","0","1209","38","1247","0","1247","23","0","9","8","1166","1","3","7","30","29.10.12"
"141942","44","Донецька область","ТОВ ""Петровчанка"", зал
вул.Тельнова, 1, м.Донецьк, 83010","1520","162","1491","46","1312","46","1358","","0","1312","46","1358","12","1346","44","2","14","16","1104","7","3","28","128","29.10.12"
"141943","44","Донецька область","спортивна дитяча школа олімпійського резерву з велоспорту №4, актова зала
вул.Тріумфальна, 13, м.Донецьк, 83038","1472","263","1455","42","1174","35","1209","","0","1174","35","1209","1","1208","2","0","3","1","1194","0","0","1","7","29.10.12"
"141944","44","Донецька область","клуб ДП""Петровський завод""Вугільного машинобудування"", актова зала
вул.Лациса, 1, м.Донецьк, 83038","1200","282","1192","65","855","63","918","","0","855","63","918","23","895","45","4","14","16","731","2","3","6","74","29.10.12"
"141945","44","Донецька область","школа №116, спортивна зала, 2-й поверх
вул.Самарська, 1, м.Донецьк, 83039","1664","357","1645","64","1257","50","1307","","0","1257","50","1307","15","1292","70","5","4","2","1116","1","0","10","84","29.10.12"
"141946","44","Донецька область","філія КП""ЖЕК №1"", к.2
вул.Шестакова, 16, м.Донецьк, 83039","1824","225","1794","98","1501","98","1599","","0","1501","98","1599","19","1580","56","1","12","6","1345","10","3","21","126","29.10.12"
"141947","44","Донецька область","школа №103, хол
вул.Дунаєвського, 1, м.Донецьк, 83061","1456","265","1442","68","1123","68","1191","","0","1123","68","1191","24","1167","42","11","38","5","957","0","2","31","81","29.10.12"
"141948","44","Донецька область","палац культури ""Шахтоуправління""Трудівське"", хол
вул.Удачна, 1, м.Донецьк, 83061","1808","422","1766","33","1353","33","1386","","0","1353","33","1386","0","1386","50","1","15","14","1162","0","2","23","119","29.10.12"
"141949","44","Донецька область","будинок молоді ""Шахтоуправління"" Трудівське"", хол
вул.Полухіна, 7, м.Донецьк, 83039","1388","246","1353","61","1086","56","1142","","0","1086","56","1142","15","1127","45","3","12","13","921","6","0","18","109","29.10.12"
"141950","44","Донецька область","школа №101, мала спортивна зала
вул.Карамзіна, 18, м.Донецьк, 83010","936","231","916","13","693","12","705","","0","693","12","705","9","696","33","5","13","8","555","3","1","17","61","29.10.12"
"141951","44","Донецька область","філія школи №106, спортивна зала, 1 -й поверх
пров.Кантемирівський, 2, м.Донецьк, 83039","1136","194","1127","66","878","64","942","","0","878","64","942","21","921","22","2","8","15","843","5","0","15","11","29.10.12"
"141952","44","Донецька область","школа №104, хол
просп.Центральний, 2, м.Донецьк, 83038","1272","355","1260","66","851","66","917","","0","851","66","917","8","909","42","4","22","11","700","0","5","14","111","29.10.12"
"141953","44","Донецька область","школа №108, спортивна зала, 1-й поверх
вул.Рубена Ібаррурі, 102, м.Донецьк, 83038","1064","314","1078","27","727","23","750","","0","727","23","750","38","713","28","1","18","8","567","0","0","14","77","29.10.12"
"141954","44","Донецька область","Донецький завод ""Продмаш"", зал засідань
вул.Електровозна, 25, м.Донецьк, 83038","1248","350","1242","120","780","118","898","","0","780","118","898","19","879","33","1","7","7","733","1","3","24","70","29.10.12"
"141955","44","Донецька область","школа №87, актова зала
вул.Ревякіна, 2, м.Донецьк, 83024","1960","625","1929","16","1325","10","1335","","0","1325","10","1335","25","1310","44","1","23","11","1026","8","8","51","138","29.10.12"
"141956","44","Донецька область","школа №84, спортивна зала
вул.Лохтіна, 1, м.Донецьк, 83024","1448","385","1430","61","1003","60","1063","","0","1003","60","1063","0","1063","7","0","0","0","981","0","0","0","75","29.10.12"
"141957","44","Донецька область","ясла - садок №74 ""Маяк"", музичний зал
пров.Боткіна, 1, м.Донецьк, 83024","1776","460","1747","60","1258","58","1316","","0","1258","58","1316","17","1299","28","3","9","9","1146","2","2","25","75","29.10.12"
"141958","44","Донецька область","школа №113, хол
вул.Бринька, 23, м.Донецьк, 83078","1024","313","1009","40","675","36","711","","0","675","36","711","8","703","9","2","5","1","657","3","2","6","18","29.10.12"
"141959","44","Донецька область","приватна фірма ""Пассервіс"", їдальня
вул.Автобазівська, 1, м.Донецьк, 83022","1504","600","1477","68","844","60","904","","0","836","60","896","31","865","43","3","17","9","655","3","4","19","112","29.10.12"
"141960","44","Донецька область","філія Донецького професійного гірничого ліцею №93, каб.2
вул.Магнітна, 25, м.Донецьк, 83010","696","103","692","29","564","29","593","","0","564","29","593","7","586","19","4","5","5","507","0","0","7","39","29.10.12"
"141961","44","Донецька область","палац культури шахти ім.Челюскінців, хол
пл.Правди, 5, м.Донецьк, 83022","1376","239","1349","69","1077","60","1137","","0","1077","60","1137","43","1094","41","5","10","9","922","0","1","18","88","29.10.12"
"141962","44","Донецька область","школа №110, кабінет рекреації
вул.Вуглегорська, 1, м.Донецьк, 83022","1464","158","1447","100","1208","98","1306","","0","1208","98","1306","17","1289","29","8","19","20","1103","4","5","20","81","29.10.12"
"141963","44","Донецька область","комунальне підприємство ""Керуюча компанія Петровського району"", хол
вул.Маркіна, 1, м.Донецьк, 83022","1368","282","1355","75","1020","66","1086","","0","1020","66","1086","45","1041","101","9","29","7","794","3","1","8","89","29.10.12"
"141964","44","Донецька область","школа №105, каб.4, 5
вул.Войкова, 1, м.Донецьк, 83022","1232","313","1208","54","868","51","919","","0","868","51","919","31","888","26","8","5","2","751","2","3","14","77","29.10.12"
"141965","44","Донецька область","Донецька обласна лікарня відновного лікування, актова зала
вул.Родникова, 1А, м.Донецьк, 83038","400","175","232","40","189","36","225","","0","189","36","225","16","209","10","4","5","8","131","3","0","9","39","29.10.12"
"141966","44","Донецька область","психіатрична лікарня №1, хол
вул.Петровського, 268А, м.Донецьк, 83111","320","142","178","43","135","43","178","","0","135","43","178","4","174","18","3","8","4","107","2","3","5","24","29.10.12"
"141967","44","Донецька область","Центральна міська лікарня №14 м.Донецька, актова зала
вул.Петровського, 197, м.Донецьк, 83111","248","161","88","39","48","39","87","","0","48","39","87","1","86","3","0","3","3","66","1","1","0","9","29.10.12"
