"№ ВД","OBO","Назва регіону України","Місцезнаходження та адреса приміщення для голосування","1) К-сть одержаних бюлетенів","2) К-сть невикористаних бюлетенів","3) К-сть виборців, внесених до списку виборців","4) К-сть виборців, внесених до витягу зі списку виборців","5) К-сть виборців, які отримали бюлетені у приміщенні","6) К-сть виборців, які отримали за місцем перебування","7) Сумарна к-сть виборців, які отримали бюлетені","8) К-сть бюлетенів, що виявилися у кожній скринці","9) К-сть бюлетенів, що не підлягають врахуванню","10) К-сть виборців, які взяли участь у голос. у приміщенні для гол.","11) К-сть виборців, які взяли участь у голос. за місцем перебування","12) К-сть виборців, які взяли участь у голосуванні на виборчій дільниці","13) К-сть бюлетенів, визнаних недійсними","14) Сумарна к-сть голосів виборців ЗА","Бєліков
Юрій
Миколайович","Кисельов
Юрій
Анатолійович","Ложечкін
Вадим
Сергійович","Нагорний
Тимофій
Олександрович","Новиков
Станіслав
Олегович","Омельченко
Валерій
Павлович","Дата підписання протоколу"
"140908","55","Донецька область","школа №1, фойє, 1-й поверх
вул.Шкільна, 1А, м.Жданівка, Донецька обл., 86391","1568","350","1534","23","1197","21","1218","","0","1197","21","1218","18","1200","20","14","56","114","16","980","29.10.12"
"140909","55","Донецька область","школа №1, коридор, 2-й поверх
вул.Шкільна, 1А, м.Жданівка, Донецька обл., 86391","864","244","857","30","591","29","620","","0","591","29","620","16","604","9","5","23","89","10","468","29.10.12"
"140910","55","Донецька область","Центр культури і дозвілля, каб.39
вул.Шкільна, 8А, м.Жданівка, Донецька обл., 86391","2016","581","1976","61","1374","61","1435","","0","1374","61","1435","32","1403","29","4","82","139","20","1129","28.10.12"
"140911","55","Донецька область","школа мистецтв, концертна зала
вул.Кавченка, 8, м.Жданівка, Донецька обл., 86391","472","212","478","13","250","10","260","","0","250","10","260","15","245","11","1","19","36","5","173","29.10.12"
"140912","55","Донецька область","школа №2, фойє, 1-й поверх
вул.Больнична, 8, м.Жданівка, Донецька обл., 86391","2160","604","2105","69","1488","68","1556","","0","1488","68","1556","0","1556","19","6","96","177","24","1234","29.10.12"
"140913","55","Донецька область","школа №2, велика спортивна зала
вул.Больнична, 8, м.Жданівка, Донецька обл., 86391","2072","719","2027","101","1276","77","1353","","0","1276","77","1353","35","1318","25","15","120","228","13","917","29.10.12"
"140914","55","Донецька область","школа, каб.3
вул.Леніна, 28А, смт Вільхівка, м.Жданівка, Донецька обл., 86397","536","45","491","36","455","36","491","","0","455","36","491","3","488","17","4","37","29","2","399","28.10.12"
"140915","55","Донецька область","ККЛПЗ ""Облпсихлікарня м.Жданівка"", актова зала
вул.Больнична, 1, м.Жданівка, Донецька обл., 86391","408","99","309","170","139","170","309","","0","139","170","309","17","292","11","5","10","10","5","251","28.10.12"
"140916","55","Донецька область","Жданівська виправна колонія №3, їдальня засуджених
смт Вільхівка, м.Жданівка, Донецька обл., 86397","688","33","656","4","651","4","655","","0","651","4","655","38","617","47","21","31","15","21","482","28.10.12"
"140917","55","Донецька область","музична школа, концертна зала, 1-й поверх
вул.Леніна, 22, м.Кіровське, Донецька обл., 86300","1240","540","1232","31","670","30","700","","0","670","30","700","4","696","28","5","47","83","21","512","29.10.12"
"140918","55","Донецька область","школа №3, їдальня, 1-й поверх
вул.Піонерська, 1, м.Кіровське, Донецька обл., 86300","1552","683","1535","44","825","44","869","","0","825","44","869","28","841","21","9","85","86","29","611","29.10.12"
"140919","55","Донецька область","будинок дитячої творчості, актова зала, 1-й поверх
вул.Піонерська, 5, м.Кіровське, Донецька обл., 86300","1616","689","1610","57","870","57","927","","0","870","57","927","7","920","16","3","83","125","5","688","29.10.12"
"140920","55","Донецька область","профілакторій ""Донбас"", мала зала, 1-й поверх
вул.Першотравнева, 8, м.Кіровське, Донецька обл., 86300","1000","377","993","52","573","50","623","","0","573","50","623","17","606","8","5","46","63","14","470","29.10.12"
"140921","55","Донецька область","будинок культури, глядацька зала, 1-й поверх
пл.ім.С.М.Кірова, 1, м.Кіровське, Донецька обл., 86300","1512","648","1485","42","825","39","864","","0","825","39","864","27","837","24","7","82","83","30","611","29.10.12"
"140922","55","Донецька область","будинок культури, фойє, 1-й поверх
пл.ім.С.М.Кірова, 1, м.Кіровське, Донецька обл., 86300","1376","638","1353","44","697","41","738","","0","697","41","738","21","717","14","5","97","81","27","493","28.10.12"
"140923","55","Донецька область","школа №2, фойє, 1-й поверх
вул.Шахтарська, 22, м.Кіровське, Донецька обл., 86300","2216","1093","2165","34","1090","33","1123","","0","1090","33","1123","36","1087","37","14","90","124","39","783","29.10.12"
"140924","55","Донецька область","школа №2, фойє, 1-й поверх
вул.Шахтарська, 22, м.Кіровське, Донецька обл., 86300","1928","783","1894","37","1112","33","1145","","0","1112","33","1145","46","1099","39","9","97","74","43","837","29.10.12"
"140925","55","Донецька область","школа №1, фойє, 1-й поверх
мікрорайон Молодіжний, 3, м.Кіровське, Донецька обл., 86302","1936","974","1887","17","947","15","962","","0","947","15","962","38","924","39","8","109","141","29","598","29.10.12"
"140926","55","Донецька область","школа №1, фойє, 1-й поверх
мікрорайон Молодіжний, 3, м.Кіровське, Донецька обл., 86302","2240","1157","2216","18","1065","18","1083","","0","1065","18","1083","49","1034","36","9","87","130","28","744","29.10.12"
"140927","55","Донецька область","гуртожиток 1/2, банкетна зала, 1-й поверх
мікрорайон Молодіжний, 1/2, м.Кіровське, Донецька обл., 86302","2120","944","2079","28","1149","27","1176","","0","1149","27","1176","45","1131","42","12","86","104","34","853","29.10.12"
"140928","55","Донецька область","будинок-інтернат, вестибюль
вул.Східна, 70, м.Кіровське, Донецька обл., 86300","280","37","278","114","141","102","243","","0","141","102","243","53","190","18","8","20","9","15","120","29.10.12"
"140929","55","Донецька область","Кіровська виправна колонія №33, клас вечірнього навчання
вул.Дзержинського, 1, м.Кіровське, Донецька обл., 86300","1384","47","1337","0","1337","0","1337","","0","1337","0","1337","87","1250","48","24","46","96","30","1006","28.10.12"
"142016","55","Донецька область","школа №49 ""Надія"", хол, праве крило
Мирний мікрорайон, 15, м.Макіївка, Донецька обл., 86156","1272","666","1259","14","592","14","606","","0","592","14","606","25","581","31","24","65","90","35","336","29.10.12"
"142017","55","Донецька область","школа №49 ""Надія"", хол, ліве крило
Мирний мікрорайон, 15, м.Макіївка, Донецька обл., 86156","1240","674","1226","18","548","18","566","","0","548","18","566","28","538","30","21","65","69","36","317","28.10.12"
"142018","55","Донецька область","госпблок КП ""Макіївтепломережа"", актова зала
вул.Лебедєва, 72А, м.Макіївка, Донецька обл., 86156","2232","1186","2185","44","1003","43","1046","","0","1002","43","1045","51","994","35","31","112","138","47","631","29.10.12"
"142019","55","Донецька область","дитячий садок №80, музична зала
Зелений мікрорайон, 74А, м.Макіївка, Донецька обл., 86156","2040","979","1997","57","1004","57","1061","","0","1004","57","1061","30","1031","56","26","96","146","38","669","29.10.12"
"142020","55","Донецька область","терцентр, актова зала
Зелений мікрорайон, 31А, м.Макіївка, Донецька обл., 86156","1328","738","1304","29","561","29","590","","0","561","29","590","33","557","19","15","46","61","19","397","29.10.12"
"142021","55","Донецька область","школа №34, коридор, 1-й поверх, ліва сторона
Зелений мікрорайон, 80, м.Макіївка, Донецька обл., 86156","1976","1093","1945","18","868","15","883","","0","868","15","883","51","832","42","22","88","117","35","528","29.10.12"
"142022","55","Донецька область","школа №34, вестибюль
Зелений мікрорайон, 80, м.Макіївка, Донецька обл., 86156","2048","1032","2011","30","990","26","1016","","0","990","26","1016","47","969","62","43","114","124","46","580","29.10.12"
"142023","55","Донецька область","госпблок КП ""Житловик-3"", актова зала
Зелений мікрорайон, госпблок КП ""Житловик-3"", м.Макіївка, Донецька обл., 86156","1880","957","1816","14","909","14","923","","0","909","14","923","59","864","43","22","98","145","30","526","28.10.12"
"142024","55","Донецька область","школа №34, коридор, 1-й поверх, права сторона
Зелений мікрорайон, 80, м.Макіївка, Донецька обл., 86156","2000","963","1948","43","996","41","1037","","0","996","41","1037","60","977","65","37","120","149","33","573","29.10.12"
"142025","55","Донецька область","Палац культури ім.В.Кірсанової, хол, 2-й поверх, праве крило
вул.Сусаніна, 15А, м.Макіївка, Донецька обл., 86126","1280","631","1254","22","627","22","649","","0","627","22","649","34","615","23","9","57","80","21","425","28.10.12"
"142026","55","Донецька область","Палац культури ім.В.Кірсанової, хол, 2-й поверх, ліве крило
вул.Сусаніна, 15А, м.Макіївка, Донецька обл., 86126","1384","749","1365","60","577","58","635","","0","577","58","635","30","605","21","16","52","98","29","389","29.10.12"
"142027","55","Донецька область","Палац культури ім.В.Кірсанової, хол, 1-й поверх
вул.Сусаніна, 15А, м.Макіївка, Донецька обл., 86126","1400","619","1373","68","718","63","781","","0","718","63","781","42","739","33","16","62","110","24","494","29.10.12"
"142028","55","Донецька область","автобаза ""Макіїввугілля"", актова зала
просп.Данилова генерала, адмінбудинок ВАТ ""Автобаза ""Макіїввугілля"", м.Макіївка, Донецька обл., 86126","1320","767","1298","32","523","30","553","","0","523","30","553","26","527","37","12","48","68","24","338","29.10.12"
"142029","55","Донецька область","школа №86, хол
просп.Данилова генерала, 43, м.Макіївка, Донецька обл., 86126","1616","862","1584","27","727","27","754","","0","727","27","754","39","715","7","15","18","26","21","628","29.10.12"
"142030","55","Донецька область","ВАТ ""Полюс"", актова зала
пров.Автобусний, 1, м.Макіївка, Донецька обл., 86126","1384","670","1378","45","671","43","714","","0","671","43","714","30","684","30","18","44","82","18","492","29.10.12"
"142031","55","Донецька область","школа №50, хол, 1-й поверх, праве крило
Зелений мікрорайон, 83, м.Макіївка, Донецька обл., 86156","2024","1060","1974","32","936","28","964","","0","936","28","964","46","918","40","24","121","186","45","502","29.10.12"
"142032","55","Донецька область","дитячий садок №193, музична зала
Зелений мікрорайон, 22А, м.Макіївка, Донецька обл., 86156","1512","797","1468","36","679","36","715","","0","679","36","715","43","672","28","25","66","106","31","416","29.10.12"
"142033","55","Донецька область","школа №50, хол, 1-й поверх, ліве крило
Зелений мікрорайон, 83, м.Макіївка, Донецька обл., 86156","1000","469","983","14","517","14","531","","0","516","14","530","27","503","39","15","58","66","16","309","29.10.12"
"142034","55","Донецька область","школа №50, к.112
Зелений мікрорайон, 83, м.Макіївка, Донецька обл., 86156","1272","656","1236","10","606","10","616","","0","606","10","616","49","567","29","26","57","115","29","311","28.10.12"
"142035","55","Донецька область","школа №50, вестибюль, 1-й поверх
Зелений мікрорайон, 83, м.Макіївка, Донецька обл., 86156","1840","996","1801","16","828","16","844","","0","828","16","844","52","792","41","22","81","134","27","487","29.10.12"
"142036","55","Донецька область","ВАТ ""Донбасшахтобуд"", актова зала
вул.Городецька, 91, м.Макіївка, Донецька обл., 86111","1520","877","1483","30","613","30","643","","0","613","30","643","31","612","31","17","87","85","14","378","28.10.12"
"142037","55","Донецька область","дитячий садок №95, музична зала
вул.Черкаська, 1, м.Макіївка, Донецька обл., 86111","1160","553","1138","25","586","21","607","","0","586","21","607","32","575","24","22","41","71","10","407","29.10.12"
"142038","55","Донецька область","школа №95, хол
вул.Городецька, 1, м.Макіївка, Донецька обл., 86111","1360","621","1329","46","693","46","739","","0","693","46","739","39","700","32","35","81","51","23","478","29.10.12"
"142039","55","Донецька область","ВАТ """"Центральна збагачувальна фабрика ""Пролетарська"", актова зала
вул.Янки Купали, 1, м.Макіївка, Донецька обл., 86111","1976","1150","1934","56","774","52","826","","0","774","52","826","31","795","49","9","62","58","15","602","29.10.12"
"142040","55","Донецька область","школа №39, хол, 1-й поверх, праве крило
вул.26 Бакинських Комісарів, 43, м.Макіївка, Донецька обл., 86134","1312","707","1287","42","563","42","605","","0","563","42","605","31","574","22","14","54","34","13","437","29.10.12"
"142041","55","Донецька область","школа №39, хол, 1-й поверх, ліве крило
вул.26 Бакинських Комісарів, 43, м.Макіївка, Донецька обл., 86134","1088","492","1070","35","562","34","596","","0","562","34","596","29","567","36","7","42","40","21","421","28.10.12"
"142042","55","Донецька область","ПП ""Аустер-Дон"", актова зала
вул.Панченка, 33, м.Макіївка, Донецька обл., 86104","1888","1024","1860","23","842","22","864","","0","842","22","864","40","824","44","12","91","90","45","542","28.10.12"
"142043","55","Донецька область","школа №57, спортивна зала
вул.Кіпренського, 1, м.Макіївка, Донецька обл., 86115","1784","960","1720","47","781","43","824","","0","781","43","824","37","787","25","16","82","64","42","558","29.10.12"
"142044","55","Донецька область","школа №57, хол, 1-й поверх, праве крило
вул.Кіпренського, 1, м.Макіївка, Донецька обл., 86115","1632","717","1610","54","861","54","915","","0","861","54","915","13","902","49","24","114","67","30","618","29.10.12"
"142045","55","Донецька область","школа №57, хол, 1-й поверх, ліве крило
вул.Кіпренського, 1, м.Макіївка, Донецька обл., 86115","1952","952","1915","71","941","59","1000","","0","941","59","1000","56","944","39","15","118","83","46","643","28.10.12"
"142046","55","Донецька область","Науково-дослідницький інститут, хол
вул.Лихачева, 60, м.Макіївка, Донецька обл., 86108","1488","856","1477","36","595","36","631","","0","595","36","631","40","591","46","22","76","54","34","359","29.10.12"
"142047","55","Донецька область","школа №29, спортивна зала
вул.Свердлова, 20, м.Макіївка, Донецька обл., 86108","2024","1160","1966","86","791","73","864","","0","791","73","864","36","828","47","16","117","64","48","536","29.10.12"
"142048","55","Донецька область","адмінбудинок Ремонтно-механічного заводу, хол
вул.Хлібозаводська, 5, м.Макіївка, Донецька обл., 86128","1480","752","1446","73","655","73","728","","0","655","73","728","18","710","27","17","84","74","33","475","29.10.12"
"142049","55","Донецька область","адмінбудинок ""Укрвуглегеологія"", хол
пров.Жигулівський, 31, м.Макіївка, Донецька обл., 86128","1344","740","1290","53","551","53","604","","0","551","53","604","27","577","27","11","50","42","15","432","29.10.12"
"142050","55","Донецька область","школа №20, спортивна зала
вул.Магістральна, 92, м.Макіївка, Донецька обл., 86128","1592","859","1580","66","668","65","733","","0","668","65","733","16","717","23","11","61","79","26","517","29.10.12"
"142051","55","Донецька область","Палац культури ім.ХХ партз’їзду, хол, 2-й поверх, праве крило
вул.Автотранспортна, 149А, м.Макіївка, Донецька обл., 86155","1296","522","1277","65","709","65","774","","0","709","65","774","25","749","48","14","75","59","17","536","29.10.12"
"142052","55","Донецька область","Палац культури ім.ХХ партз’їзду, хол, 2-й поверх, ліве крило
вул.Автотранспортна, 149А, м.Макіївка, Донецька обл., 86155","1752","889","1695","35","835","28","863","","0","835","28","863","40","823","35","14","84","119","32","539","29.10.12"
"142053","55","Донецька область","дитячий садок №184 ""Журавушка"", музична зала
Жовтневий мікрорайон, 17А, м.Макіївка, Донецька обл., 86155","1496","697","1478","35","769","30","799","","0","769","30","799","26","773","29","17","91","132","34","470","29.10.12"
"142054","55","Донецька область","школа №24, вестибюль
вул.Бєлінського, 1, м.Макіївка, Донецька обл., 86155","1544","785","1527","60","699","60","759","","0","699","60","759","11","748","29","12","74","89","27","517","29.10.12"
"142055","55","Донецька область","школа №62, вестибюль
вул.Рєпіна, 159Б, м.Макіївка, Донецька обл., 86155","1360","524","1320","51","785","51","836","","0","785","51","836","32","804","29","12","56","90","28","589","28.10.12"
"142056","55","Донецька область","школа №62, кінозала
вул.Рєпіна, 159Б, м.Макіївка, Донецька обл., 86155","1048","482","1028","39","530","36","566","","0","530","36","566","25","541","13","9","48","52","17","402","29.10.12"
"142057","55","Донецька область","адмінбудинок ШБУ №5, актова зала
вул.Рєпіна, 223-2, м.Макіївка, Донецька обл., 86154","1680","1024","1669","44","619","37","656","","0","619","37","656","12","644","30","14","80","99","21","400","29.10.12"
"142058","55","Донецька область","адмінбудинок ШБУ №5, робочий кабінет
вул.Рєпіна, 223-2, м.Макіївка, Донецька обл., 86154","1160","674","1140","30","463","23","486","","0","463","23","486","20","466","16","4","39","98","12","297","29.10.12"
"142059","55","Донецька область","госпблок асоціації власників житлових будинків ""Холодна Балка"", актова зала
вул.Цілинна, 1, м.Макіївка, Донецька обл., 86154","1080","421","1064","32","627","32","659","","0","627","32","659","36","623","19","9","74","121","17","383","28.10.12"
"142060","55","Донецька область","Центр дитячої та юнацької творчості, актова зала
вул.Котовського, 8, м.Макіївка, Донецька обл., 86154","1616","741","1568","52","823","52","875","","0","823","52","875","17","858","20","7","94","183","14","540","29.10.12"
"142061","55","Донецька область","Палац культури ""Холодна Балка"", хол, 2-й поверх, праве крило
вул.Клубна, Палац культури ВП ""Шахта ""Холодна Балка"" ДП ""Макіїввугілля"", м.Макіївка, Донецька обл., 86154","1144","561","1102","33","556","27","583","","0","556","27","583","37","546","12","7","66","110","5","346","29.10.12"
"142062","55","Донецька область","Палац культури ""Холодна Балка"", хол, 2-й поверх, ліве крило
вул.Клубна, Палац культури ВП ""Шахта ""Холодна Балка"" ДП ""Макіїввугілля"", м.Макіївка, Донецька обл., 86154","808","350","814","24","434","24","458","","0","434","24","458","13","445","8","2","46","114","8","267","29.10.12"
"142063","55","Донецька область","школа №103, вестибюль
вул.Кірова, 2, м.Макіївка, Донецька обл., 86154","1456","639","1396","62","755","62","817","","0","755","62","817","35","782","22","10","98","134","18","500","29.10.12"
"142064","55","Донецька область","ТОВ ""Мега Імпекс"", хол
пров.Інтернатівський, 1А, м.Макіївка, Донецька обл., 86122","1296","513","1261","46","738","45","783","","0","738","45","783","26","757","15","15","81","67","25","554","28.10.12"
"142065","55","Донецька область","контора КСП ""Грузький"", актова зала
вул.Гризодубової, 1, смт Маяк, м.Макіївка, Донецька обл., 86153","784","333","774","29","423","28","451","","0","423","28","451","18","433","6","2","45","30","15","335","29.10.12"
"142066","55","Донецька область","школа №60, спортивна зала
вул.Радянська, 1А, смт Межове, м.Макіївка, Донецька обл., 86196","976","403","975","51","523","50","573","","0","523","50","573","16","557","17","10","65","22","4","439","29.10.12"
"142067","55","Донецька область","клуб, актова зала
вул.Першотравнева, клуб, смт Грузько-Зорянське, м.Макіївка, Донецька обл., 86195","952","391","935","44","517","44","561","","0","517","44","561","17","544","28","10","61","19","13","413","29.10.12"
"142068","55","Донецька область","кімната школяра, к.2
вул.Леніна, кімната школяра, смт Високе, Донецька обл., м.Макіївка, 86196","320","72","321","19","229","19","248","","0","229","19","248","2","246","4","1","22","17","3","199","29.10.12"
"142069","55","Донецька область","приміщення комітету самоорганізації населення смт Грузько-Ломівка, к.1
вул.Леніна, приміщення КСОН, смт Грузько-Ломівка, м.Макіївка, Донецька обл., 86197","448","161","437","26","261","26","287","","0","261","26","287","16","271","9","3","21","2","3","233","29.10.12"
"142070","55","Донецька область","основне приміщення школи №12, хол
вул.Шкільна, 12А, смт Пролетарське, м.Макіївка, Донецька обл., 86192","1088","352","1061","73","663","73","736","","0","663","73","736","24","712","14","5","40","33","17","603","29.10.12"
"142071","55","Донецька область","філія школи №12, ігрова кімната
вул.Центральна, 27, м.Макіївка, Донецька обл., 86192","1096","302","1081","52","744","50","794","","0","744","50","794","12","782","27","4","65","21","12","653","28.10.12"
"142072","55","Донецька область","клуб, вестибюль
вул.Шкільна, клуб, смт Гусельське, м.Макіївка, Донецька обл., 86192","368","98","355","22","248","22","270","","0","248","22","270","0","270","11","1","12","39","3","204","28.10.12"
"142073","55","Донецька область","дитячий садок №175, музична зала
вул.Центральна, дитячий навчальний заклад №175, смт Вугляр, м.Макіївка, Донецька обл., 86194","768","306","744","42","420","42","462","","0","420","42","462","23","439","25","6","33","48","10","317","30.10.12"
"142074","55","Донецька область","школа №101, спортивна зала
вул.Горького, 1, смт Свердлове, м.Макіївка, Донецька обл., 86193","1392","556","1385","57","780","56","836","","0","780","56","836","29","807","28","14","57","96","23","589","29.10.12"
"142075","55","Донецька область","міська лікарня №7, хол
вул.Лебедєва, 3, м.Макіївка, Донецька обл., 86126","104","6","98","0","98","0","98","","0","98","0","98","9","89","2","2","7","9","2","67","28.10.12"
"142076","55","Донецька область","клінічна Руднічна лікарня, актова зала
вул.Лікарняна, 1, м.Макіївка, Донецька обл., 86108","696","183","514","192","321","192","513","","0","321","192","513","12","501","32","14","63","55","16","321","28.10.12"
"142077","55","Донецька область","міська лікарня №4, актова зала
вул.Енгельса, 1, м.Макіївка, Донецька обл., 86154","112","0","112","14","98","14","112","","0","98","14","112","0","112","0","0","0","6","0","106","28.10.12"
"142108","55","Донецька область","ПК ім.Воровського, циркова зала
вул.Гаврилова, 5, м.Макіївка, Донецька обл., 86141","1512","579","1470","31","902","31","933","","0","902","31","933","30","903","24","15","120","146","21","577","28.10.12"
"142109","55","Донецька область","КУ ""ЦДЮТ"", хол
вул.Гаврилова, 20, м.Макіївка, Донецька обл., 86145","1624","506","1610","50","1068","50","1118","","0","1068","50","1118","31","1087","20","10","87","214","12","744","28.10.12"
"142110","55","Донецька область","КУ ""ЦДЮТ"", глядацька зала
вул.Гаврилова, 20, м.Макіївка, Донецька обл., 86145","1504","805","1490","19","680","19","699","","0","680","19","699","34","665","24","14","93","160","10","364","29.10.12"
"142111","55","Донецька область","Макіївське вище профучилище, хол
вул.Кірова, 1А, м.Макіївка, Донецька обл., 86141","1864","872","1812","58","936","56","992","","0","936","56","992","45","947","26","14","185","194","12","516","29.10.12"
"142112","55","Донецька область","школа №80, спортивна зала
вул.Скнарьова, 31, м.Макіївка, Донецька обл., 86141","1656","749","1630","44","863","44","907","","0","863","44","907","24","883","19","23","123","206","11","501","29.10.12"
"142113","55","Донецька область","школа №16, коридор
вул.Кірова, школа №16, м.Макіївка, Донецька обл., 86141","1040","417","1031","55","568","55","623","","0","568","55","623","24","599","19","9","90","136","8","337","28.10.12"
"142114","55","Донецька область","ТОВ ""Макіївпромтранс"", актова зала
ТОВ ""Макіївпромтранс"", м.Макіївка, Донецька обл., 86141","1512","536","1486","33","946","30","976","","0","946","30","976","31","945","21","18","111","148","10","637","29.10.12"
"142115","55","Донецька область","школа №72, коридор, центральний вхід
вул.Гаврилова, 20А, м.Макіївка, Донецька обл., 86145","1816","529","1784","57","1231","56","1287","","0","1231","56","1287","36","1251","19","27","182","169","16","838","29.10.12"
"142116","55","Донецька область","школа №72, коридор, праве крило
вул.Гаврилова, 20А, м.Макіївка, Донецька обл., 86145","1616","706","1592","29","881","29","910","","0","881","29","910","24","886","33","15","126","161","16","535","29.10.12"
"142117","55","Донецька область","школа №19, спортивна зала
вул.Вишинського, 33, м.Макіївка, Донецька обл., 86140","1600","712","1559","75","821","67","888","","0","821","67","888","12","876","7","34","84","352","7","392","29.10.12"
"142118","55","Донецька область","школа №3, спортивна зала
вул.Шмідта, школа №3, м.Макіївка, Донецька обл., 86140","1280","643","1244","24","613","24","637","","0","613","24","637","17","620","11","33","53","242","7","274","29.10.12"
"142119","55","Донецька область","школа №91, спортивна зала
вул.Театральна, 1, м.Макіївка, Донецька обл., 86137","768","274","756","44","450","44","494","","0","450","44","494","25","469","10","11","68","101","5","274","29.10.12"
"142120","55","Донецька область","ПК ""Юність"", хол
вул.Жовтнева, ПК ""Юність"", смт Кринична, м.Макіївка, Донецька обл., 86183","1240","350","1220","53","838","52","890","","0","838","52","890","32","858","23","16","98","69","15","637","28.10.12"
"142121","55","Донецька область","НВК ""Світанок"" №35, спортивна зала
вул.Шкільна, 1, смт Кринична, м.Макіївка, Донецька обл., 86183","1576","446","1552","55","1075","55","1130","","0","1075","55","1130","27","1103","31","22","115","115","26","794","28.10.12"
"142122","55","Донецька область","ВАТ ""Будмаш"", красний куточок
вул.Вавиліна, 18, смт Кринична, м.Макіївка, Донецька обл., 86183","768","188","762","18","562","18","580","","0","562","18","580","42","538","16","14","59","105","10","334","29.10.12"
"142123","55","Донецька область","школа №83, спортивна зала
вул.40 років Жовтня, 10, м.Макіївка, Донецька обл., 86144","1872","879","1826","54","940","53","993","","0","940","53","993","23","970","13","34","88","122","19","694","01.11.12"
"142124","55","Донецька область","школа №83, коридор
вул.40 років Жовтня, 10, м.Макіївка, Донецька обл., 86144","1640","798","1599","36","807","35","842","","0","807","35","842","19","823","25","23","87","103","10","575","29.10.12"
"142125","55","Донецька область","школа №17, коридор
пров.Шкільний, 17, м.Макіївка, Донецька обл., 86142","1376","498","1336","37","841","37","878","","0","841","37","878","34","844","26","19","83","149","13","554","29.10.12"
"142126","55","Донецька область","ПК ім.Маяковського, хол
вул.Гагаріна, ПК ім.Маяковського, м.Макіївка, Донецька обл., 86143","1424","631","1396","17","778","15","793","","0","778","15","793","20","773","21","14","77","125","13","523","29.10.12"
"142127","55","Донецька область","школа №1, актова зала
квартал 8, 12, м.Макіївка, Донецька обл., 86143","1304","550","1270","34","720","34","754","","0","720","34","754","16","738","17","22","73","71","4","551","28.10.12"
"142128","55","Донецька область","ВАТ ""Укрвуглепостачання"", актова зала
вул.Новочеркаська, 25, м.Макіївка, Донецька обл., 86145","1344","561","1308","50","733","50","783","","0","731","50","781","25","756","18","15","66","109","16","532","28.10.12"
"142129","55","Донецька область","школа №45, коридор
вул.Калініна, 100, м.Макіївка, Донецька обл., 86135","1432","496","1415","37","899","37","936","","0","899","37","936","27","909","4","22","20","158","9","696","29.10.12"
"142130","55","Донецька область","палац культури ім.40-річчя ЛКСМУ, хол, праве крило
квартал 57, палац культури ім.40-річчя ЛКСМУ, м.Макіївка, Донецька обл., 86116","2296","1109","2235","58","1134","53","1187","","0","1134","53","1187","42","1145","34","44","133","199","24","711","29.10.12"
"142131","55","Донецька область","палац культури ім.40-річчя ЛКСМУ, хол, ліве крило
квартал 57, палац культури ім.40-річчя ЛКСМУ, м.Макіївка, Донецька обл., 86116","2040","960","2003","42","1038","42","1080","","0","1038","42","1080","45","1035","42","39","141","192","25","596","29.10.12"
"142132","55","Донецька область","школа №41, коридор, 1-й поверх
вул.Маркса Карла, 1, м.Макіївка, Донецька обл., 86141","1128","549","1109","44","539","40","579","","0","539","40","579","24","555","10","6","84","109","8","338","29.10.12"
"142133","55","Донецька область","школа №41, коридор, 2-й поверх
вул.Маркса Карла, 1, м.Макіївка, Донецька обл., 86141","1712","878","1709","45","791","43","834","","0","791","43","834","33","801","21","21","94","172","16","477","28.10.12"
"142134","55","Донецька область","школа №102, спортивна зала
вул.Молодої Гвардії, 1, смт Нижня Кринка, м.Макіївка, Донецька обл., 86185","1664","853","1636","42","769","42","811","","0","769","42","811","29","782","18","20","66","72","13","593","28.10.12"
"142135","55","Донецька область","школа №99, спортивна зала
вул.Волгоградська, школа №99, смт Нижня Кринка, м.Макіївка, Донецька обл., 86185","1320","618","1303","25","678","24","702","","0","678","24","702","34","668","10","16","58","87","16","481","29.10.12"
"142136","55","Донецька область","палац культури ім.50-річчя Радянської влади, хол
вул.Центральна, палац культури ім.50-річчя Радянської влади, смт Нижня Кринка, м.Макіївка, Донецька обл., 86185","1544","496","1516","45","1003","45","1048","","0","1003","45","1048","10","1038","10","15","54","63","17","879","28.10.12"
"142137","55","Донецька область","школа №104, клубна кімната
вул.Радянська, 1Б, с.Верхня Кринка, м.Макіївка, Донецька обл., 86190","872","359","864","70","443","70","513","","0","443","70","513","17","496","14","9","66","27","9","371","29.10.12"
"142138","55","Донецька область","спорткомплекс шахти ""Ясинівська-Глибока"", спортивна зала, центральний вхід
вул.Театральна, спорткомплекс шахти ""Ясинівська-Глибока"", смт Нижня Кринка, м.Макіївка, Донецька обл., 86184","1024","501","999","26","497","26","523","","0","497","26","523","20","503","22","8","47","46","4","376","29.10.12"
"142139","55","Донецька область","ПК ""Спартак"", хол
ПК ""Спартак"", смт Красний Октябр, м.Макіївка, Донецька обл., 86189","1144","437","1118","61","648","59","707","","0","648","59","707","31","676","8","4","56","83","9","516","28.10.12"
"142140","55","Донецька область","спорткомплекс шахти ""Ясинівська-Глибока"", спортивна зала, праве крило
вул.Театральна, спорткомплекс шахти ""Ясинівська-Глибока"", смт Нижня Кринка, м.Макіївка, Донецька обл., 86184","1456","651","1426","36","769","36","805","","0","769","36","805","33","772","27","11","67","60","12","595","29.10.12"
"142141","55","Донецька область","школа №98, коридор, ліве крило
вул.Тургенєва, школа №98, смт Нижня Кринка, м.Макіївка, Донецька обл., 86186","728","275","717","50","404","49","453","","0","404","49","453","11","442","5","6","14","24","3","390","28.10.12"
"142142","55","Донецька область","школа №98, коридор, праве крило
вул.Тургенєва, школа №98, смт Нижня Кринка, м.Макіївка, Донецька обл., 86186","1544","593","1532","70","883","68","951","","0","883","68","951","12","939","0","0","20","16","3","900","28.10.12"
"142143","55","Донецька область","міська лікарня №6, хол
пл.Трестівська, 1, м.Макіївка, Донецька обл., 86141","160","8","152","15","137","15","152","","0","137","15","152","4","148","4","6","12","22","2","102","28.10.12"
