"№ ВД","OBO","Назва регіону України","Місцезнаходження та адреса приміщення для голосування","1) К-сть одержаних бюлетенів","2) К-сть невикористаних бюлетенів","3) К-сть виборців, внесених до списку виборців","4) К-сть виборців, внесених до витягу зі списку виборців","5) К-сть виборців, які отримали бюлетені у приміщенні","6) К-сть виборців, які отримали за місцем перебування","7) Сумарна к-сть виборців, які отримали бюлетені","8) К-сть бюлетенів, що виявилися у кожній скринці","9) К-сть бюлетенів, що не підлягають врахуванню","10) К-сть виборців, які взяли участь у голос. у приміщенні для гол.","11) К-сть виборців, які взяли участь у голос. за місцем перебування","12) К-сть виборців, які взяли участь у голосуванні на виборчій дільниці","13) К-сть бюлетенів, визнаних недійсними","14) Сумарна к-сть голосів виборців ЗА","Герасимчук
Анатолій
Андрійович","Коваленко
Василь
Васильович","Міщенко
Ігор
Іванович","Раковський
Олександр
Степанович","Риженков
Олександр
Миколайович","Філіндаш
Сергій
Миколайович","Ясько
Геннадій
Геннадійович","Дата підписання протоколу"
"140137","60","Донецька область","школа №4, спортзал
вул.40 років Жовтня, 274, м.Волноваха, Волноваський р-н, Донецька обл., 85700","1560","722","1548","95","749","89","838","","0","749","89","838","44","794","15","95","34","9","453","158","30","29.10.12"
"140138","60","Донецька область","школа №6, їдальня
вул.Ватутіна, 13, м.Волноваха, Волноваський р-н, Донецька обл., 85700","1616","678","1596","56","893","45","938","","0","893","45","938","37","901","15","94","30","11","526","182","43","29.10.12"
"140139","60","Донецька область","творчий центр молоді, рекреація
вул.Шевченка, 76, м.Волноваха, Волноваський р-н, Донецька обл., 85700","1192","473","1191","48","671","48","719","","0","671","48","719","41","678","14","36","39","9","408","150","22","28.10.12"
"140140","60","Донецька область","школа №3, рекреація
пров.Урицького, 8, м.Волноваха, Волноваський р-н, Донецька обл., 85700","1312","576","1299","103","658","78","736","","0","657","78","735","30","705","7","42","54","11","390","173","28","29.10.12"
"140141","60","Донецька область","вагонне депо, їдальня
вул.Шевченка, 2, м.Волноваха, Волноваський р-н, Донецька обл., 85700","1600","643","1599","94","877","80","957","","0","877","80","957","31","926","6","96","54","15","512","192","51","29.10.12"
"140142","60","Донецька область","школа №2, рекреація
пров.Путійський, 18, м.Волноваха, Волноваський р-н, Донецька обл., 85700","2176","931","2142","143","1124","121","1245","","0","1124","121","1245","57","1188","7","129","50","25","664","269","44","29.10.12"
"140143","60","Донецька область","районний центр культури й дозвілля, фойє
вул.Леніна, 94, м.Волноваха, Волноваський р-н, Донецька обл., 85700","2352","957","2314","151","1272","123","1395","","0","1272","123","1395","57","1338","19","137","61","10","729","293","89","29.10.12"
"140144","60","Донецька область","будівельно-монтажне управління, актова зала
пров.Путійський, 44, м.Волноваха, Волноваський р-н, Донецька обл., 85700","1376","551","1366","86","742","83","825","","0","742","83","825","27","798","10","55","34","18","492","150","39","28.10.12"
"140145","60","Донецька область","школа №1, спортзал
вул.1 Травня, 95, м.Волноваха, Волноваський р-н, Донецька обл., 85700","1280","562","1272","86","635","83","718","","0","635","83","718","39","679","14","62","35","9","381","143","35","29.10.12"
"140146","60","Донецька область","дистанція електропостачання, актова зала
пров.Енергетичний, 1, м.Волноваха, Волноваський р-н, Донецька обл., 85700","1792","709","1773","109","982","101","1083","","0","982","101","1083","51","1032","10","93","35","21","621","215","37","29.10.12"
"140147","60","Донецька область","школа №7, фойє
вул.Менделєєва, 9, м.Волноваха, Волноваський р-н, Донецька обл., 85700","2464","1041","2417","49","1384","39","1423","","0","1384","39","1423","70","1353","12","105","56","12","801","293","74","29.10.12"
"140148","60","Донецька область","міський будинок культури, фойє
вул.Ювілейна, 45, смт Благодатне, Волноваський р-н, Донецька обл., 85725","1168","423","1156","73","678","67","745","","0","678","67","745","30","715","17","58","49","14","359","192","26","29.10.12"
"140149","60","Донецька область","школа №1, коридор
вул.Гагаріна, 2, смт Володимирівка, Волноваський р-н, Донецька обл., 85721","2168","867","2144","47","1261","40","1301","","0","1261","40","1301","42","1259","21","91","80","19","748","246","54","29.10.12"
"140150","60","Донецька область","будинок культури імені Чайковського, фойє
вул.Центральна, 1, смт Володимирівка, Волноваський р-н, Донецька обл., 85721","1952","763","1930","132","1079","110","1189","","0","1079","110","1189","44","1145","17","141","75","25","649","193","45","29.10.12"
"140151","60","Донецька область","будинок культури імені Кірова, фойє
вул.Радянська, 83, смт Володимирівка, Волноваський р-н, Донецька обл., 85721","1384","543","1366","63","787","54","841","","0","787","54","841","43","798","20","124","53","4","394","158","45","28.10.12"
"140152","60","Донецька область","еколого-натуралістичний центр, коридор
вул.Комсомольська, 8А, смт Донське, Волноваський р-н, Донецька обл., 85772","2184","729","2140","81","1380","75","1455","","0","1380","75","1455","54","1401","9","123","160","19","749","301","40","29.10.12"
"140153","60","Донецька область","школа, фойє
вул.Кошового, 5, смт Донське, Волноваський р-н, Донецька обл., 85772","2096","760","2074","47","1293","43","1336","","0","1293","43","1336","57","1279","8","102","150","18","692","254","55","29.10.12"
"140154","60","Донецька область","будинок культури ""Гірник"", фойє
вул.Кошового, 36, смт Новотроїцьке, Волноваський р-н, Донецька обл., 85732","1816","780","1793","83","971","65","1036","","0","971","65","1036","39","997","16","116","46","14","463","284","58","29.10.12"
"140155","60","Донецька область","будинок культури імені Л.Українки, фойє
вул.Леніна, 148, смт Новотроїцьке, Волноваський р-н, Донецька обл., 85732","1936","931","1930","103","911","94","1005","","0","911","94","1005","42","963","18","105","36","20","580","170","34","29.10.12"
"140156","60","Донецька область","спортпавільйон, вестибюль
вул.Кошового, 32, смт Новотроїцьке, Волноваський р-н, Донецька обл., 85732","2088","935","2061","62","1096","57","1153","","0","1096","57","1153","46","1107","15","113","57","19","596","253","54","29.10.12"
"140157","60","Донецька область","міський будинок культури, актова зала
вул.Леніна, 6, смт Оленівка, Волноваський р-н, Донецька обл., 85710","2064","1050","2048","73","941","73","1014","","0","941","73","1014","45","969","20","91","45","25","562","176","50","29.10.12"
"140158","60","Донецька область","школа №1, хол
вул.Чапаєва, 144, смт Оленівка, Волноваський р-н, Донецька обл., 85710","1848","1032","1823","75","759","57","816","","0","759","57","816","38","778","13","101","34","12","394","167","57","29.10.12"
"140159","60","Донецька область","міський будинок культури, фойє
вул.Маяковського, 32А, смт Ольгинка, Волноваський р-н, Донецька обл., 85730","1888","878","1862","155","870","140","1010","","0","870","140","1010","42","968","14","90","40","13","614","154","43","29.10.12"
"140160","60","Донецька область","приватна будівля ФО Аракелян Л.С., зала засідань
вул.Заводська, 3, смт Ольгинка, Волноваський р-н, Донецька обл., 85730","960","445","950","61","458","57","515","","0","458","57","515","32","483","6","43","19","11","304","71","29","29.10.12"
"140161","60","Донецька область","сільський будинок культури, фойє
вул.Октябрська, 9, с.Анадоль, Волноваський р-н, Донецька обл., 85790","616","142","603","58","416","58","474","","0","416","58","474","1","473","0","21","19","0","379","53","1","28.10.12"
"140162","60","Донецька область","будинок культури, обрядова зала
вул.Леніна, 27, с.Андріївка, Волноваський р-н, Донецька обл., 85711","448","128","441","45","280","40","320","","0","280","40","320","10","310","8","23","15","11","204","33","16","29.10.12"
"140163","60","Донецька область","ТОВ ""Золотий шлях"", хол
вул.Побєди, 34Б, с.Доля, Волноваський р-н, Донецька обл., 85710","272","79","273","23","175","18","193","","0","175","18","193","4","189","3","27","19","6","107","19","8","28.10.12"
"140164","60","Донецька область","сільська рада, зала засідань
вул.Радянська, 35, с.Бугас, Волноваський р-н, Донецька обл., 85764","1040","427","1042","71","545","68","613","","0","545","68","613","21","592","6","39","17","10","373","127","20","29.10.12"
"140165","60","Донецька область","школа, хол
вул.Леніна, 17, с.Валер’янівка, Волноваський р-н, Донецька обл., 85754","928","250","914","62","616","62","678","","0","616","62","678","32","646","6","47","23","11","474","65","20","29.10.12"
"140166","60","Донецька область","сільський будинок культури, фойє
вул.Радянська, 90, с.Вільне, Волноваський р-н, Донецька обл., 85762","808","146","803","50","615","47","662","","0","615","47","662","0","662","8","76","28","6","351","157","36","28.10.12"
"140167","60","Донецька область","школа, їдальня
вул.Дзержинського, 40, с.Дмитрівка, Волноваський р-н, Донецька обл., 85771","952","440","936","43","470","42","512","","0","470","42","512","21","491","16","67","30","7","241","116","14","28.10.12"
"140168","60","Донецька область","сільський будинок культури, фойє
вул.Ювілейна, 31, с.Єгорівка, Волноваський р-н, Донецька обл., 85724","720","223","705","49","453","44","497","","0","453","44","497","17","480","9","48","37","15","315","38","18","29.10.12"
"140169","60","Донецька область","школа №1, фойє
вул.Леніна, 14, с.Зачатівка, Волноваський р-н, Донецька обл., 85767","464","172","456","30","262","30","292","","0","262","30","292","22","270","2","31","25","4","127","77","4","28.10.12"
"140170","60","Донецька область","школа №2, фойє
вул.Комсомольська, 37, с-ще Зачатівка, Волноваський р-н, Донецька обл., 85761","456","128","448","13","318","10","328","","0","318","10","328","16","312","3","60","7","2","186","47","7","28.10.12"
"140171","60","Донецька область","школа, фойє
вул.Леніна, 52, с.Златоустівка, Волноваський р-н, Донецька обл., 85765","2448","1107","2419","194","1167","174","1341","","0","1167","174","1341","67","1274","24","104","76","18","759","263","30","29.10.12"
"140172","60","Донецька область","сільський будинок культури, фойє
вул.40 років Перемоги, 54, с.Іванівка, Волноваський р-н, Донецька обл., 85763","760","270","749","66","429","61","490","","0","429","61","490","17","473","4","42","23","11","311","69","13","28.10.12"
"140173","60","Донецька область","сільський будинок культури, фойє
вул.Свердлова, 16, с.Калініне, Волноваський р-н, Донецька обл., 85781","480","188","470","27","269","23","292","","0","269","23","292","13","279","1","18","12","8","200","30","10","29.10.12"
"140174","60","Донецька область","школа, спортзал
вул.Шкільна, 5, с.Кіровське, Волноваський р-н, Донецька обл., 85783","752","223","742","35","494","35","529","","0","494","35","529","17","512","13","26","34","13","338","75","13","29.10.12"
"140175","60","Донецька область","школа, коридор
вул.Леніна, 29, с.Краснівка, Волноваський р-н, Донецька обл., 85782","656","170","646","65","421","65","486","","0","421","65","486","15","471","6","35","23","7","332","66","2","28.10.12"
"140176","60","Донецька область","школа, вестибюль
вул.Гагаріна, 68, с.Любівка, Волноваський р-н, Донецька обл., 85712","432","153","427","31","250","29","279","","0","250","29","279","9","270","7","12","25","7","159","49","11","29.10.12"
"140177","60","Донецька область","сільський будинок культури, фойє
вул.50 років Жовтня, 81А, с.Микільське, Волноваський р-н, Донецька обл., 85720","1552","511","1532","106","941","100","1041","","0","941","100","1041","62","979","18","73","73","19","625","128","43","29.10.12"
"140178","60","Донецька область","сільський будинок культури, фойє
вул.Леніна, 59, с.Миколаївка, Волноваський р-н, Донецька обл., 85734","1096","262","1082","94","741","93","834","","0","741","93","834","29","805","10","62","31","14","601","72","15","29.10.12"
"140179","60","Донецька область","школа, спортзал
пров.Шкільний, 2, с.Новогнатівка, Волноваський р-н, Донецька обл., 85734","568","175","561","46","347","46","393","","0","347","46","393","14","379","17","47","13","10","228","52","12","28.10.12"
"140180","60","Донецька область","сільський будинок культури, фойє
вул.Молодіжна, 26А, с.Новоолексіївка, Волноваський р-н, Донецька обл., 85791","504","122","497","39","345","37","382","","0","345","37","382","11","371","9","69","20","5","186","79","3","28.10.12"
"140181","60","Донецька область","шкільна їдальня, зала
вул.Совєтська, 33, с.Новоандріївка, Волноваський р-н, Донецька обл., 85752","616","205","609","47","373","38","411","","0","373","38","411","17","394","11","44","16","11","263","42","7","29.10.12"
"140182","60","Донецька область","навчально-виховний комплекс, спортзал
вул.Леніна, 5, с.Кирилівка, Волноваський р-н, Донецька обл., 85753","536","189","530","42","306","41","347","","0","306","41","347","11","336","3","26","21","4","231","37","14","28.10.12"
"140183","60","Донецька область","будинок культури, вестибюль
вул.Леніна, 25, с.Октябрське, Волноваський р-н, Донецька обл., 85780","712","173","707","52","496","43","539","","0","496","43","539","17","522","2","71","15","13","356","57","8","28.10.12"
"140184","60","Донецька область","школа, спортзал
вул.Радянська, 39А, с.Петрівське, Волноваський р-н, Донецька обл., 85750","808","267","796","57","491","50","541","","0","491","50","541","24","517","12","56","73","14","271","74","17","29.10.12"
"140185","60","Донецька область","сільський будинок культури, обрядова зала
вул.Леніна, 1, с.Привільне, Волноваський р-н, Донецька обл., 85784","656","222","643","38","400","34","434","","0","400","34","434","17","417","6","79","20","6","190","110","6","29.10.12"
"140186","60","Донецька область","школа, фойє
вул.Леніна, 50, с.Прохорівка, Волноваський р-н, Донецька обл., 85773","592","186","589","48","360","46","406","","0","360","46","406","12","394","6","20","19","7","314","22","6","28.10.12"
"140187","60","Донецька область","сільський будинок культури, фойє
вул.Донецька, 67, с.Рівнопіль, Волноваський р-н, Донецька обл., 85760","1128","443","1118","49","638","47","685","","0","638","47","685","25","660","9","79","49","19","321","158","25","28.10.12"
"140188","60","Донецька область","сільський будинок культури, фойє
вул.50 років Жовтня, 8, с.Рибинське, Волноваський р-н, Донецька обл., 85735","1040","396","1029","50","598","46","644","","0","598","46","644","28","616","7","49","43","8","341","134","34","29.10.12"
"140189","60","Донецька область","сільський клуб, глядацька зала
вул.Леніна, 21, с.Трудівське, Волноваський р-н, Донецька обл., 85735","544","190","536","31","323","31","354","","0","323","31","354","16","338","2","31","19","5","231","42","8","28.10.12"
"140190","60","Донецька область","сільський будинок культури, фойє
вул.Молодіжна, 1, с.Ближнє, Волноваський р-н, Донецька обл., 85736","720","238","712","32","450","32","482","","0","450","32","482","19","463","4","70","37","7","255","75","15","28.10.12"
"140191","60","Донецька область","будинок культури, фойє
вул.Леніна, 104, с.Свободне, Волноваський р-н, Донецька обл., 85770","1352","450","1334","116","787","115","902","","0","787","115","902","22","880","8","54","86","11","553","151","17","29.10.12"
"140192","60","Донецька область","сільський будинок культури, фойє
вул.Леніна, 22, с.Степне, Волноваський р-н, Донецька обл., 85751","800","167","783","46","587","46","633","","0","587","46","633","4","629","6","19","16","9","538","31","10","28.10.12"
"140193","60","Донецька область","навчально-виховний комплекс, фойє
вул.Миру, 1А, с.Хлібодарівка, Волноваський р-н, Донецька обл., 85766","1000","354","983","76","576","70","646","","0","576","70","646","22","624","11","57","57","16","348","108","27","29.10.12"
"140194","60","Донецька область","Волноваська центральна районна лікарня, поліклінічне відділення, зала засідань
пров.Матросова, 5, м.Волноваха, Волноваський р-н, Донецька обл., 85700","72","31","47","9","34","7","41","","0","34","7","41","3","38","0","8","2","0","19","8","1","28.10.12"
"140195","60","Донецька область","Волноваська виправна колонія №120, гуртожиток 2
вул.Степна, 1, с-ще Молодіжне, Волноваський р-н, Донецька обл., 85710","976","99","877","0","877","0","877","","0","877","0","877","88","789","33","63","54","30","561","25","23","28.10.12"
"140196","60","Донецька область","районний будинок культури, мала зала
вул.Леніна, 126, смт Володарське, Володарський р-н, Донецька обл., 87000","1752","700","1723","72","986","66","1052","","0","986","66","1052","47","1005","10","205","27","22","415","278","48","29.10.12"
"140197","60","Донецька область","Володарська школа №2, фойє
вул.Советська, 23, смт Володарське, Володарський р-н, Донецька обл., 87000","1880","825","1862","59","1000","55","1055","","0","1000","55","1055","48","1007","28","183","32","15","402","289","58","29.10.12"
"140198","60","Донецька область","Володарська школа №1, фойє
вул.Леніна, 124, смт Володарське, Володарський р-н, Донецька обл., 87000","1856","780","1839","47","1033","43","1076","","0","1033","43","1076","49","1027","26","236","26","13","422","264","40","29.10.12"
"140199","60","Донецька область","Володарська школа №3, фойє
вул.Леніна, 4, смт Володарське, Володарський р-н, Донецька обл., 87000","1592","563","1577","37","998","31","1029","","0","998","31","1029","53","976","24","227","29","13","414","236","33","29.10.12"
"140200","60","Донецька область","Новоянисольська школа, фойє
вул.Комарова, 25, с.Новоянисоль, Володарський р-н, Донецька обл., 87005","376","104","376","32","240","32","272","","0","240","32","272","13","259","3","70","3","4","107","61","11","28.10.12"
"140201","60","Донецька область","Боївська школа, фойє
вул.Сенатосенка, 81Д, с.Бойове, Володарський р-н, Донецька обл., 87060","800","306","783","40","454","40","494","","0","454","40","494","17","477","16","118","8","8","242","63","22","29.10.12"
"140202","60","Донецька область","Малинівська школа, фойє
вул.Шкільна, 1, с.Малинівка, Володарський р-н, Донецька обл., 87062","872","284","859","22","570","18","588","","0","570","18","588","17","571","4","64","9","9","440","29","16","29.10.12"
"140203","60","Донецька область","Новогригорівська школа, фойє
вул.Леніна, 1В, с.Новогригорівка, Володарський р-н, Донецька обл., 87061","352","122","343","13","217","13","230","","0","217","13","230","6","224","22","19","6","8","124","32","13","28.10.12"
"140204","60","Донецька область","Зеленоярська школа, спортивна зала
вул.Леніна, 31Б, с.Зелений Яр, Володарський р-н, Донецька обл., 87023","552","153","548","28","371","28","399","","0","371","28","399","15","384","10","87","21","9","140","103","14","28.10.12"
"140205","60","Донецька область","Федорівський будинок дозвілля, фойє
вул.Ворошилова, 24, с.Федорівка, Володарський р-н, Донецька обл., 87024","400","122","389","10","268","10","278","","0","268","10","278","23","255","7","55","10","5","122","45","11","29.10.12"
"140206","60","Донецька область","Зорянська школа, хол, 2-й поверх
вул.Садова, 22, с.Зоря, Володарський р-н, Донецька обл., 87042","2040","967","2017","66","1009","64","1073","","0","1009","64","1073","67","1006","21","110","48","19","547","204","57","29.10.12"
"140207","60","Донецька область","сільський будинок дозвілля, глядацька зала
вул.Советська, 47, с.Кальчик, Володарський р-н, Донецька обл., 87040","1184","483","1131","34","668","33","701","","0","668","33","701","35","666","18","90","30","24","294","169","41","28.10.12"
"140208","60","Донецька область","Кирилівський будинок культури, глядацька зала
вул.Кірова, 46, с.Кирилівка, Володарський р-н, Донецька обл., 87041","448","152","434","34","263","33","296","","0","263","33","296","17","279","7","49","6","8","158","35","16","28.10.12"
"140209","60","Донецька область","Касянівська школа, спортивна зала
вул.Гагаріна, 15А, с.Касянівка, Володарський р-н, Донецька обл., 87030","776","235","772","57","484","57","541","","0","484","57","541","18","523","18","89","19","9","251","106","31","29.10.12"
"140210","60","Донецька область","сільський будинок дозвілля, фойє
вул.Леніна, 33, с.Кременівка, Володарський р-н, Донецька обл., 87031","928","257","916","39","632","39","671","","0","632","39","671","35","636","12","130","31","10","335","109","9","29.10.12"
"140211","60","Донецька область","Македонівська школа, спортивна зала
вул.Гагаріна, Македонівська школа, с.Македонівка, Володарський р-н, Донецька обл., 87032","944","322","917","48","575","47","622","","0","575","47","622","35","587","2","80","28","11","288","152","26","29.10.12"
"140212","60","Донецька область","сільський будинок культури, фойє
вул.Леніна, 48, с.Малоянисоль, Володарський р-н, Донецька обл., 87010","1624","562","1607","142","920","142","1062","","0","920","142","1062","48","1014","26","137","39","23","534","217","38","29.10.12"
"140213","60","Донецька область","Труженська школа, фойє
вул.Леніна, 19, с.Труженка, Володарський р-н, Донецька обл., 87011","456","159","450","51","250","47","297","","0","250","47","297","9","288","4","59","7","7","176","25","10","28.10.12"
"140214","60","Донецька область","адміністративна будівля ТОВ ""Нова Нива"", обрядова зала
вул.Дзержинського, 42, с.Новокраснівка, Володарський р-н, Донецька обл., 87022","912","340","896","48","530","42","572","","0","530","42","572","25","547","10","72","32","13","273","131","16","29.10.12"
"140215","60","Донецька область","адміністративна будівля сільської ради, актова зала
вул.Леніна, 1, с.Республіка, Володарський р-н, Донецька обл., 87021","896","275","888","52","571","50","621","","0","571","50","621","21","600","23","96","17","6","230","206","22","28.10.12"
"140216","60","Донецька область","Старченківська школа, фойє
вул.Леніна, 74, с.Старченкове, Володарський р-н, Донецька обл., 87020","688","189","680","40","459","40","499","","0","459","40","499","14","485","14","82","15","5","289","70","10","28.10.12"
"140217","60","Донецька область","сільський будинок дозвілля, мала зала
вул.Ювілейна, 27, с.Старченкове, Володарський р-н, Донецька обл., 87020","768","214","753","77","479","75","554","","0","479","75","554","16","538","18","79","10","18","280","116","17","28.10.12"
"140218","60","Донецька область","Тополинська школа, фойє
вул.Шкільна, 12, с.Тополине, Володарський р-н, Донецька обл., 87050","928","333","918","47","549","46","595","","0","549","46","595","27","568","16","84","14","9","337","87","21","29.10.12"
"140219","60","Донецька область","Шевченківська школа, спортивна зала
вул.Шевченка, 2, с.Шевченко, Володарський р-н, Донецька обл., 87051","424","157","419","28","239","28","267","","0","239","28","267","11","256","7","67","4","9","130","33","6","28.10.12"
"140366","60","Донецька область","професійно-технічний ліцей, фойє
вул.50 років СРСР, 12, м.Новоазовськ, Новоазовський р-н, Донецька обл., 87600","1736","826","1719","51","864","46","910","","0","864","46","910","34","876","7","131","15","46","539","105","33","29.10.12"
"140367","60","Донецька область","культурно-дозвіллевий центр, мала зала
вул.Леніна, 25, м.Новоазовськ, Новоазовський р-н, Донецька обл., 87600","2304","1063","2276","87","1162","79","1241","","0","1162","79","1241","48","1193","13","168","16","107","701","150","38","29.10.12"
"140368","60","Донецька область","дільниця ""Компанія ""Вода Донбасу"", актова зала
вул.Людникова, 15, м.Новоазовськ, Новоазовський р-н, Донецька обл., 87600","2048","1035","2051","105","915","98","1013","","0","915","98","1013","35","978","10","167","20","91","554","109","27","29.10.12"
"140369","60","Донецька область","школа №1-ліцей ""Успіх"", актова зала
вул.Енгельса, 80Б, м.Новоазовськ, Новоазовський р-н, Донецька обл., 87600","1736","738","1712","80","923","75","998","","0","923","75","998","32","966","4","105","10","51","676","103","17","29.10.12"
"140370","60","Донецька область","Єланчанський міський клуб, актова зала
вул.Аврорська, 23, м.Новоазовськ, Новоазовський р-н, Донецька обл., 87600","1880","877","1864","57","948","55","1003","","0","948","55","1003","54","949","12","137","20","63","593","106","18","29.10.12"
"140371","60","Донецька область","школа, спортивна зала
вул.Шкільна, 3, с.Гусельщикове, Новоазовський р-н, Донецька обл., 87606","512","191","507","40","283","38","321","","0","283","38","321","18","303","5","38","7","15","212","18","8","28.10.12"
"140372","60","Донецька область","центр культури та дозвілля, мала зала
вул.Калініна, 54, смт Сєдове, Новоазовський р-н, Донецька обл., 87632","2072","901","2047","95","1095","76","1171","","0","1094","76","1170","50","1120","29","254","17","51","524","217","28","29.10.12"
"140373","60","Донецька область","фельдшерський пункт, кабінет
вул.50-річчя Радянської влади, 3, с-ще Обрив, Новоазовський р-н, Донецька обл., 87634","344","127","336","22","198","19","217","","0","198","19","217","7","210","0","16","1","8","163","14","8","29.10.12"
"140374","60","Донецька область","школа, спортивна зала
вул.Миру, 19А, с.Безіменне, Новоазовський р-н, Донецька обл., 87660","2016","925","1985","113","989","102","1091","","0","989","102","1091","63","1028","25","235","21","38","508","181","20","29.10.12"
"140375","60","Донецька область","школа, фойє
вул.Шкільна, 5, с.Митьково-Качкарі, Новоазовський р-н, Донецька обл., 87661","600","206","596","56","343","51","394","","0","343","51","394","17","377","2","72","7","19","190","72","15","29.10.12"
"140376","60","Донецька область","школа, фойє
вул.Радянська, 38, с.Виноградне, Новоазовський р-н, Донецька обл., 87642","1040","515","1022","33","496","29","525","","0","496","29","525","23","502","9","146","13","5","172","105","52","29.10.12"
"140377","60","Донецька область","сільський будинок культури, актова зала
вул.Шкільна, 37А, с.Приморське, Новоазовський р-н, Донецька обл., 87642","936","415","915","36","485","36","521","","0","485","36","521","21","500","12","157","14","19","172","94","32","29.10.12"
"140378","60","Донецька область","будинок культури, актова зала
вул.Леніна, 37Б, с.Козацьке, Новоазовський р-н, Донецька обл., 87613","968","339","955","51","580","49","629","","0","580","49","629","13","616","7","172","14","22","296","92","13","29.10.12"
"140379","60","Донецька область","школа, спортивна зала
вул.Перемоги, 14, с.Комінтернове, Новоазовський р-н, Донецька обл., 87611","704","271","695","48","391","42","433","","0","391","42","433","27","406","9","71","15","25","195","66","25","29.10.12"
"140380","60","Донецька область","будинок культури, фойє
пров.Совєтський, 1, с.Красноармійське, Новоазовський р-н, Донецька обл., 87612","936","321","927","50","570","45","615","","0","570","45","615","50","565","2","136","13","24","205","170","15","29.10.12"
"140381","60","Донецька область","сільський клуб, фойє
вул.Комунарів, 55, с.Октябр, Новоазовський р-н, Донецька обл., 87612","248","67","247","21","163","18","181","","0","163","18","181","10","171","3","42","4","5","78","32","7","29.10.12"
"140382","60","Донецька область","центр культури та спорту, фойє
вул.Советська, 24А, с.Лебединське, Новоазовський р-н, Донецька обл., 87640","840","315","832","31","495","30","525","","0","495","30","525","27","498","17","60","15","17","239","124","26","29.10.12"
"140383","60","Донецька область","Калинівський клуб, актова зала
вул.Підгорна, 175А, с-ще Калинівка, Новоазовський р-н, Донецька обл., 87640","752","348","734","29","376","28","404","","0","376","28","404","25","379","13","70","14","12","179","75","16","29.10.12"
"140384","60","Донецька область","сільський будинок культури, актова зала
вул.Сивухіна, 77, с.Павлопіль, Новоазовський р-н, Донецька обл., 87610","560","160","555","35","365","35","400","","0","365","35","400","17","383","7","51","6","8","199","98","14","29.10.12"
"140385","60","Донецька область","будинок культури, фойє
вул.Октябрьська, будинок культури, с.Приморське, Новоазовський р-н, Донецька обл., 87643","1400","575","1378","95","737","88","825","","0","737","88","825","31","794","14","140","20","22","338","249","11","29.10.12"
"140386","60","Донецька область","будинок культури, мала зала
вул.Комсомольська, 22, с.Рози Люксембург, Новоазовський р-н, Донецька обл., 87622","672","198","660","47","433","41","474","","0","433","41","474","18","456","5","68","7","32","267","68","9","29.10.12"
"140387","60","Донецька область","сільський клуб, фойє
вул.Комсомольська, 26А, с.Патріотичне, Новоазовський р-н, Донецька обл., 87622","344","101","336","20","227","16","243","","0","227","16","243","17","226","4","45","5","19","112","32","9","28.10.12"
"140388","60","Донецька область","сільський клуб, фойє
вул.Леніна, 32А, с.Маркине, Новоазовський р-н, Донецька обл., 87631","496","171","487","34","294","31","325","","0","294","31","325","14","311","1","65","6","19","171","46","3","28.10.12"
"140389","60","Донецька область","сільський будинок культури, актова зала
вул.Маяковського, 1А, с.Самійлове, Новоазовський р-н, Донецька обл., 87630","840","303","827","42","497","40","537","","0","497","40","537","29","508","5","110","5","43","242","91","12","29.10.12"
"140390","60","Донецька область","школа, спортивна зала
вул.Вартазарової, 4, с.Саханка, Новоазовський р-н, Донецька обл., 87651","1040","421","1027","83","545","74","619","","0","545","74","619","24","595","12","88","11","16","344","110","14","29.10.12"
"140391","60","Донецька область","будинок культури, фойє
вул.Леніна, 58, с.Хомутове, Новоазовський р-н, Донецька обл., 87620","880","297","866","80","506","77","583","","0","506","77","583","19","564","8","103","12","31","301","95","14","29.10.12"
"140392","60","Донецька область","школа ім.Ясиненка, спортивна зала
вул.Мира, 38, с.Широкине, Новоазовський р-н, Донецька обл., 87650","1256","451","1236","86","723","82","805","","0","723","82","805","21","784","18","98","16","35","489","104","24","28.10.12"
"140412","60","Донецька область","районний будинок культури, фойє
вул.Леніна, 71, смт Мангуш, Першотравневий р-н, Донецька обл., 87400","1120","416","1097","39","668","36","704","","0","668","36","704","27","677","13","100","20","14","353","131","46","29.10.12"
"140413","60","Донецька область","агроцех №11 ДП ""Ілліч-Агро Донбас"", актова зала, 2-й поверх
вул.Леніна, 120, смт Мангуш, Першотравневий р-н, Донецька обл., 87400","1160","461","1139","51","653","46","699","","0","653","46","699","32","667","8","125","21","17","358","106","32","29.10.12"
"140414","60","Донецька область","КП ""Водхоз"", зал засідань
вул.Поштова, 14, смт Мангуш, Першотравневий р-н, Донецька обл., 87400","1272","540","1242","54","691","41","732","","0","691","41","732","42","690","14","105","22","10","370","116","53","29.10.12"
"140415","60","Донецька область","школа №1, спортивний зал
вул.Горького, 62, смт Мангуш, Першотравневий р-н, Донецька обл., 87400","1200","432","1197","34","741","27","768","","0","741","27","768","24","744","7","108","23","12","428","118","48","29.10.12"
"140416","60","Донецька область","школа №2, спортивний зал
вул.Мурзи, 8, смт Мангуш, Першотравневий р-н, Донецька обл., 87400","1192","475","1173","56","661","56","717","","0","661","56","717","21","696","12","91","13","10","392","127","51","29.10.12"
"140417","60","Донецька область","ПАТ ""Райагротехніка"", актова зала
вул.40 років Перемоги, 35А, смт Ялта, Першотравневий р-н, Донецька обл., 87450","1360","503","1337","43","816","41","857","","0","816","41","857","28","829","9","81","32","19","513","149","26","28.10.12"
"140418","60","Донецька область","школа №2, спортивний зал
вул.Гагаріна, 64, смт Ялта, Першотравневий р-н, Донецька обл., 87450","1944","628","1924","85","1233","83","1316","","0","1233","83","1316","39","1277","30","139","34","22","754","221","77","29.10.12"
"140419","60","Донецька область","школа №1, спортивний зал
вул.Чапаєва, 30, смт Ялта, Першотравневий р-н, Донецька обл., 87450","1016","338","1019","51","627","51","678","","0","627","51","678","28","650","10","80","19","14","393","108","26","28.10.12"
"140420","60","Донецька область","сільський клуб, глядацький зал
вул.Набережна, 30В, с.Юр’ївка, Першотравневий р-н, Донецька обл., 87454","248","33","246","19","200","15","215","","0","200","15","215","3","212","2","22","3","0","161","22","2","28.10.12"
"140421","60","Донецька область","сільський клуб, фойє
вул.Леніна, 35, с.Азовське, Першотравневий р-н, Донецька обл., 87453","344","106","338","18","222","16","238","","0","222","16","238","7","231","4","14","4","3","185","16","5","28.10.12"
"140422","60","Донецька область","школа, спортивний зал
вул.Шкільна, 50, с.Бердянське, Першотравневий р-н, Донецька обл., 87430","1328","616","1315","96","629","83","712","","0","629","83","712","34","678","13","89","30","17","398","105","26","28.10.12"
"140423","60","Донецька область","сільський клуб, фойє
вул.Леніна, 15, с.Приазовське, Першотравневий р-н, Донецька обл., 87431","688","240","648","24","428","20","448","","0","428","20","448","27","421","11","63","11","6","258","54","18","28.10.12"
"140424","60","Донецька область","сільська рада, зал засідань
вул.Транспортна, 9А, с.Іллічівське, Першотравневий р-н, Донецька обл., 87440","1432","613","1412","66","770","49","819","","0","770","49","819","41","778","25","142","28","23","386","124","50","29.10.12"
"140425","60","Донецька область","сільський будинок культури, глядацький зал
вул.Леніна, 24, с.Комишувате, Першотравневий р-н, Донецька обл., 87420","776","289","762","54","436","51","487","","0","436","51","487","13","474","5","52","9","7","275","114","12","29.10.12"
"140426","60","Донецька область","школа, спортивний зал
вул.Гайдара, 11, с.Дем’янівка, Першотравневий р-н, Донецька обл., 87421","672","225","659","49","399","48","447","","0","399","48","447","15","432","7","73","16","9","274","37","16","29.10.12"
"140427","60","Донецька область","школа, спортивний зал
вул.Гагаріна, 78, с.Мелекіне, Першотравневий р-н, Донецька обл., 87441","1104","432","1094","53","619","53","672","","0","619","53","672","34","638","28","83","18","10","369","90","40","29.10.12"
"140428","60","Донецька область","школа, спортивний зал
вул.Мира, 3А, с.Портівське, Першотравневий р-н, Донецька обл., 87442","704","255","696","63","388","61","449","","0","388","61","449","19","430","8","64","9","5","281","46","17","29.10.12"
"140429","60","Донецька область","сільський клуб, фойє
вул.Безуха, 139А, с.Білосарайська Коса, Першотравневий р-н, Донецька обл., 87443","600","258","586","33","314","28","342","","0","314","28","342","20","322","11","53","9","7","178","41","23","28.10.12"
"140430","60","Донецька область","школа, спортивний зал
вул.Леніна, 52, с.Стародубівка, Першотравневий р-н, Донецька обл., 87410","616","185","612","34","397","34","431","","0","397","34","431","35","396","16","62","14","3","216","67","18","29.10.12"
"140431","60","Донецька область","школа, спортивний зал
вул.Гагаріна, 12А, с.Захарівка, Першотравневий р-н, Донецька обл., 87411","480","133","475","24","324","23","347","","0","324","23","347","44","303","4","79","13","8","148","43","8","28.10.12"
"140432","60","Донецька область","сільський будинок культури, фойє
вул.Леніна, 62, с.Урзуф, Першотравневий р-н, Донецька обл., 87455","2008","545","1993","74","1392","71","1463","","0","1392","71","1463","46","1417","13","80","9","12","1218","49","36","29.10.12"
"140504","60","Донецька область","будинок культури, фойє
вул.Леніна, 114, смт Тельманове, Тельманівський р-н, Донецька обл., 87100","1520","551","1500","112","872","97","969","","0","872","97","969","31","938","11","98","31","18","635","116","29","29.10.12"
"140505","60","Донецька область","школа, спортивний зал
вул.Первомайська, 140, смт Тельманове, Тельманівський р-н, Донецька обл., 87100","1576","603","1555","51","925","48","973","","0","925","48","973","40","933","7","59","16","14","691","108","38","29.10.12"
"140506","60","Донецька область","будинок творчості, музичний зал
вул.Первомайська, 117, смт Тельманове, Тельманівський р-н, Донецька обл., 87100","1024","435","1015","76","519","70","589","","0","519","70","589","18","571","14","72","13","7","360","75","30","28.10.12"
"140507","60","Донецька область","будинок культури, фойє
вул.Леніна, 20А, с.Свободне, Тельманівський р-н, Донецька обл., 87160","632","147","621","29","456","29","485","","0","456","29","485","10","475","5","29","11","2","396","24","8","28.10.12"
"140508","60","Донецька область","будинок культури, фойє
вул.Октябрська, будинок культури, с.Дерсове, Тельманівський р-н, Донецька обл., 87161","304","50","276","23","232","22","254","","0","232","22","254","2","252","5","28","5","4","162","47","1","28.10.12"
"140509","60","Донецька область","будинок культури, фойє
вул.Первомайська, 50, с.Лукове, Тельманівський р-н, Донецька обл., 87150","664","235","653","48","386","43","429","","0","386","43","429","18","411","10","31","17","10","270","58","15","29.10.12"
"140510","60","Донецька область","будинок культури, фойє
вул.Миру, 2, с.Запорожець, Тельманівський р-н, Донецька обл., 87150","184","26","179","12","146","12","158","","0","146","12","158","5","153","1","30","6","2","91","22","1","28.10.12"
"140512","60","Донецька область","школа, каб.2
вул.Миру, 21, с.Шевченко, Тельманівський р-н, Донецька обл., 87152","312","95","306","30","189","28","217","","0","189","28","217","6","211","8","12","4","3","162","21","1","28.10.12"
"140513","60","Донецька область","будинок культури, фойє
вул.Леніна, 6, с.Конькове, Тельманівський р-н, Донецька обл., 87172","568","161","558","78","343","64","407","","0","343","64","407","20","387","4","53","12","17","265","34","2","29.10.12"
"140514","60","Донецька область","школа, спортивний зал
вул.Братів Зеленських, 39, с.Самсонове, Тельманівський р-н, Донецька обл., 87172","352","96","342","20","238","18","256","","0","238","18","256","7","249","2","49","4","8","145","31","10","29.10.12"
"140515","60","Донецька область","школа, спортивний зал
вул.Центральна, 26, с.Михайлівка, Тельманівський р-н, Донецька обл., 87170","712","163","706","59","490","59","549","","0","490","59","549","19","530","8","82","15","4","312","95","14","28.10.12"
"140516","60","Донецька область","будинок культури, фойє
вул.Центральна, 22, с.Греково-Олександрівка, Тельманівський р-н, Донецька обл., 87171","392","82","386","30","281","29","310","","0","281","29","310","8","302","1","30","8","1","216","38","8","29.10.12"
"140517","60","Донецька область","будинок культури, фойє
вул.Центральна, 17, с.Садки, Тельманівський р-н, Донецька обл., 87100","176","26","174","10","140","10","150","","0","140","10","150","5","145","1","31","8","0","82","22","1","28.10.12"
"140518","60","Донецька область","будинок культури, фойє
вул.Леніна, 2, с.Первомайське, Тельманівський р-н, Донецька обл., 87133","464","79","451","42","345","40","385","","0","345","40","385","5","380","5","20","15","5","260","67","8","28.10.12"
"140519","60","Донецька область","школа, спортивний зал
вул.Леніна, 27, с.Кузнецово-Михайлівка, Тельманівський р-н, Донецька обл., 87132","720","245","706","64","414","61","475","","0","414","61","475","20","455","1","39","9","7","289","95","15","29.10.12"
"140520","60","Донецька область","ліцей, каб.2
вул.Комсомольська, 30, с.Гранітне, Тельманівський р-н, Донецька обл., 87123","1544","661","1528","115","774","109","883","","0","774","109","883","30","853","6","83","15","11","600","124","14","29.10.12"
"140521","60","Донецька область","школа, спортивний зал
вул.Леніна, 33, с.Гранітне, Тельманівський р-н, Донецька обл., 87123","1320","522","1308","87","718","80","798","","0","718","80","798","37","761","6","48","13","7","536","133","18","29.10.12"
"140522","60","Донецька область","будинок культури, фойє
вул.Шевченка, 64, с.Мічуріне, Тельманівський р-н, Донецька обл., 87130","1152","367","1136","101","699","86","785","","0","699","86","785","25","760","8","76","19","8","527","99","23","29.10.12"
"140523","60","Донецька область","школа, каб.2
вул.Леніна, 16, с.Богданівка, Тельманівський р-н, Донецька обл., 87131","408","123","394","30","259","26","285","","0","259","26","285","16","269","5","36","13","8","170","30","7","28.10.12"
"140524","60","Донецька область","дитячий садок, к.2
вул.Центральна, 35, с.Розівка, Тельманівський р-н, Донецька обл., 87131","288","78","280","33","177","33","210","","0","177","33","210","1","209","2","26","5","4","148","13","11","29.10.12"
"140525","60","Донецька область","школа, спортивний зал
вул.Шкільна, 32, с.Староласпа, Тельманівський р-н, Донецька обл., 87111","616","184","604","43","393","39","432","","0","393","39","432","21","411","16","42","20","10","212","94","17","29.10.12"
"140526","60","Донецька область","будинок культури, фойє
вул.Клубна, 19, с.Новоласпа, Тельманівський р-н, Донецька обл., 87112","328","84","324","26","218","26","244","","0","218","26","244","11","233","4","26","4","8","156","31","4","28.10.12"
"140527","60","Донецька область","школа, спортивний зал
вул.Леніна, 37, с.Старогнатівка, Тельманівський р-н, Донецька обл., 87110","1536","668","1522","155","721","147","868","","0","721","147","868","35","833","4","93","14","5","560","142","15","29.10.12"
"140528","60","Донецька область","школа, спортивний зал
вул.Шкільна, 1, с.Новоселівка, Тельманівський р-н, Донецька обл., 87140","712","240","709","47","426","46","472","","0","426","46","472","31","441","12","79","11","6","226","84","23","28.10.12"
"140529","60","Донецька область","будинок культури, фойє
вул.Комсомольська, 10, с.Новоселівка Друга, Тельманівський р-н, Донецька обл., 87140","320","91","312","11","218","11","229","","0","218","11","229","6","223","7","49","9","2","99","40","17","28.10.12"
"140530","60","Донецька область","будинок культури, фойє
вул.Дзержинського, 14, с.Степанівка, Тельманівський р-н, Донецька обл., 87140","344","146","336","18","180","18","198","","0","180","18","198","14","184","6","52","5","1","63","49","8","28.10.12"
"140531","60","Донецька область","будинок культури, к.2
вул.Центральна, 16, с.Кам’янка, Тельманівський р-н, Донецька обл., 87141","760","312","750","42","410","38","448","","0","410","38","448","22","426","6","56","21","7","245","81","10","28.10.12"
"140532","60","Донецька область","будинок культури, фойє
вул.Леніна, 8, смт Мирне, Тельманівський р-н, Донецька обл., 87124","1256","402","1242","53","807","47","854","","0","807","47","854","10","844","12","56","23","11","595","124","23","29.10.12"
"140533","60","Донецька область","будинок культури, фойє
вул.Леніна, 38, с.Чермалик, Тельманівський р-н, Донецька обл., 87142","1408","436","1388","60","912","60","972","","0","912","60","972","22","950","8","50","14","8","506","315","49","29.10.12"
"140534","60","Донецька область","дитячий садок, к.2
вул.Центральна, 31, с.Орловське, Тельманівський р-н, Донецька обл., 87142","224","52","221","12","163","9","172","","0","163","9","172","11","161","3","18","5","8","89","36","2","28.10.12"
"140535","60","Донецька область","школа, спортивний зал
пров.Шкільний, 1, смт Андріївка, Тельманівський р-н, Донецька обл., 87120","2288","1112","2259","115","1105","71","1176","","0","1105","71","1176","66","1110","11","129","46","23","553","307","41","29.10.12"
"140537","60","Донецька область","школа, каб.2
вул.Центральна, 5, с-ще Бахчовик, Тельманівський р-н, Донецька обл., 87122","496","175","485","39","282","39","321","","0","282","39","321","23","298","3","69","16","6","117","59","28","29.10.12"
