"№ ВД","OBO","Назва регіону України","Місцезнаходження та адреса приміщення для голосування","1) К-сть одержаних бюлетенів","2) К-сть невикористаних бюлетенів","3) К-сть виборців, внесених до списку виборців","4) К-сть виборців, внесених до витягу зі списку виборців","5) К-сть виборців, які отримали бюлетені у приміщенні","6) К-сть виборців, які отримали за місцем перебування","7) Сумарна к-сть виборців, які отримали бюлетені","8) К-сть бюлетенів, що виявилися у кожній скринці","9) К-сть бюлетенів, що не підлягають врахуванню","10) К-сть виборців, які взяли участь у голос. у приміщенні для гол.","11) К-сть виборців, які взяли участь у голос. за місцем перебування","12) К-сть виборців, які взяли участь у голосуванні на виборчій дільниці","13) К-сть бюлетенів, визнаних недійсними","14) Сумарна к-сть голосів виборців ЗА","Акашев
Валентин
Анатолійович","Вітушко
Олег
Вікторович","Гудов
Іван
Ілліч","Корж
Євген
Юрійович","Кравченко
Микола
Васильович","Пономаренко
Ілля
Миколайович","Пономарьов
Андрій
Вікторович","Сурін
Андрій
Миколайович","Дата підписання протоколу"
"140001","61","Донецька область","будинок культури, фойє
вул.Урицького, 3, м.Амвросіївка, Амвросіївський р-н, Донецька обл., 87300","1288","576","1258","74","647","65","712","","0","647","65","712","33","679","7","12","15","17","208","37","307","76","29.10.12"
"140002","61","Донецька область","спортивна школа, фойє
вул.Фрунзе, 19, м.Амвросіївка, Амвросіївський р-н, Донецька обл., 87300","1120","502","1093","61","570","48","618","","0","570","48","618","30","588","9","13","10","24","180","45","262","45","01.11.12"
"140003","61","Донецька область","школа №4, фойє
вул.2 П’ятирічка, 17, м.Амвросіївка, Амвросіївський р-н, Донецька обл., 87300","1192","476","1176","105","619","97","716","","0","619","97","716","26","690","8","16","19","21","186","48","325","67","29.10.12"
"140004","61","Донецька область","професійний ліцей, фойє
вул.Кутузова, 37, м.Амвросіївка, Амвросіївський р-н, Донецька обл., 87300","1944","817","1891","101","1040","87","1127","","0","1040","87","1127","46","1081","13","33","14","54","310","67","486","104","29.10.12"
"140005","61","Донецька область","школа мистецтв, мала актова зала
вул.Леніна, 7, м.Амвросіївка, Амвросіївський р-н, Донецька обл., 87300","776","400","747","34","349","27","376","","0","349","27","376","20","356","3","6","11","8","103","21","170","34","28.10.12"
"140006","61","Донецька область","технікум, спортивна зала
вул.Леніна, 15, м.Амвросіївка, Амвросіївський р-н, Донецька обл., 87300","944","397","940","54","501","46","547","","0","501","46","547","22","525","6","12","15","22","108","49","268","45","29.10.12"
"140007","61","Донецька область","центр культури і дозвілля, фойє
пл.ім.Леніна, центр культури і дозвілля ""Вікторія"", м.Амвросіївка, Амвросіївський р-н, Донецька обл., 87300","1096","433","1053","64","602","61","663","","0","602","61","663","26","637","11","19","19","27","146","54","308","53","29.10.12"
"140008","61","Донецька область","школа №2, фойє
пл.ім.Леніна, 1, м.Амвросіївка, Амвросіївський р-н, Донецька обл., 87300","984","442","956","47","501","41","542","","0","501","41","542","21","521","4","13","13","24","147","26","233","61","28.10.12"
"140009","61","Донецька область","райбібліотека, читальна зала
вул.Свободи, 2А, м.Амвросіївка, Амвросіївський р-н, Донецька обл., 87300","1856","769","1827","41","1049","38","1087","","0","1049","38","1087","46","1041","15","29","32","49","238","69","513","96","28.10.12"
"140010","61","Донецька область","школа №6, спортивна зала
вул.Молодіжна, 3А, м.Амвросіївка, Амвросіївський р-н, Донецька обл., 87300","1912","766","1883","72","1087","59","1146","","0","1087","59","1146","57","1089","7","38","35","33","256","83","550","87","29.10.12"
"140011","61","Донецька область","УЖКГ, актова зала
вул.8 з’їзд рад, 100А, м.Амвросіївка, Амвросіївський р-н, Донецька обл., 87300","1576","606","1553","46","934","36","970","","0","934","36","970","45","925","11","26","18","40","164","76","510","80","29.10.12"
"140012","61","Донецька область","школа №5, спортивна зала
вул.Ульяновська, 40, м.Амвросіївка, Амвросіївський р-н, Донецька обл., 87300","1136","578","1087","54","510","48","558","","0","510","48","558","27","531","7","13","6","13","129","37","278","48","29.10.12"
"140013","61","Донецька область","школа, фойє
вул.Шкільна, школа, смт Войковський, Амвросіївський р-н, Донецька обл., 87350","952","348","942","62","549","55","604","","0","549","55","604","29","575","7","12","14","12","197","37","280","16","29.10.12"
"140014","61","Донецька область","будинок культури, фойє
вул.Шкільна, 55, смт Кутейникове, Амвросіївський р-н, Донецька обл., 87321","1424","484","1396","77","863","77","940","","0","863","77","940","35","905","8","18","31","32","240","58","419","99","29.10.12"
"140015","61","Донецька область","будинок культури, фойє
вул.Миру, 5А, смт Новоамвросіївське, Амвросіївський р-н, Донецька обл., 87333","1728","475","1715","115","1138","115","1253","","0","1138","115","1253","50","1203","10","27","49","33","334","69","555","126","29.10.12"
"140016","61","Донецька область","сільська рада, сесійна зала
вул.Шевченка, 60А, с.Артемівка, Амвросіївський р-н, Донецька обл., 87340","456","146","456","27","285","25","310","","0","285","25","310","15","295","5","7","1","21","93","25","117","26","28.10.12"
"140017","61","Донецька область","школа, фойє
вул.Шкільна, 2, с.Карпово-Надеждинка, Амвросіївський р-н, Донецька обл., 87341","472","126","469","36","310","36","346","","0","310","36","346","12","334","4","1","8","7","39","22","199","54","28.10.12"
"140018","61","Донецька область","будинок культури, обрядова зала
вул.Мічуріна, будинок культури, с.Білоярівка, Амвросіївський р-н, Донецька обл., 87343","1040","318","1023","86","639","83","722","","0","639","83","722","44","678","11","8","24","19","125","58","344","89","29.10.12"
"140019","61","Донецька область","дитячий садок, ігрова кімната
вул.Цвєточна, дитячий садок, с-ще Нижньокринське, Амвросіївський р-н, Донецька обл., 87344","424","155","421","40","229","40","269","","0","229","40","269","10","259","2","9","3","3","31","18","155","38","28.10.12"
"140020","61","Донецька область","будинок культури, фойє
вул.Леніна, 24, с.Благодатне, Амвросіївський р-н, Донецька обл., 87330","1544","610","1520","132","810","124","934","","0","810","124","934","45","889","12","20","44","20","199","56","417","121","28.10.12"
"140021","61","Донецька область","школа, актова зала
вул.Мира, 41, с.Благодатне, Амвросіївський р-н, Донецька обл., 87330","1168","542","1166","97","531","95","626","","0","531","95","626","23","603","6","8","28","5","138","38","314","66","28.10.12"
"140022","61","Донецька область","сільський клуб, фойє
вул.Октябрська, 27, с-ще Родники, Амвросіївський р-н, Донецька обл., 87332","456","84","456","27","347","25","372","","0","347","25","372","20","352","2","7","10","9","51","22","207","44","28.10.12"
"140023","61","Донецька область","школа, фойє
вул.Миру, 49, с.Велике Мішкове, Амвросіївський р-н, Донецька обл., 87331","536","143","531","40","353","40","393","","0","353","40","393","6","387","2","4","8","10","74","20","224","45","28.10.12"
"140024","61","Донецька область","школа, фойє
вул.Шкільна, 35, с.Василівка, Амвросіївський р-н, Донецька обл., 87360","760","209","747","79","477","74","551","","0","477","74","551","0","551","0","23","11","12","189","46","232","38","28.10.12"
"140025","61","Донецька область","школа, фойє
вул.Шкільна, школа, с.Мокроєланчик, Амвросіївський р-н, Донецька обл., 87361","368","99","365","28","243","26","269","","0","243","26","269","7","262","4","3","7","3","33","34","171","7","28.10.12"
"140026","61","Донецька область","сільський клуб, фойє
вул.Леніна, сільський клуб, с.Єлизавето-Миколаївка, Амвросіївський р-н, Донецька обл., 87335","544","142","523","48","360","42","402","","0","360","42","402","16","386","2","4","5","7","54","27","246","41","28.10.12"
"140027","61","Донецька область","сільська рада, сесійна зала
вул.Леніна, 77А, с.Зелене, Амвросіївський р-н, Донецька обл., 87310","712","252","712","58","402","58","460","","0","402","58","460","18","442","7","10","20","3","91","33","263","15","29.10.12"
"140028","61","Донецька область","сільський клуб, фойє
вул.Леніна, 5, с-ще Кленівка, Амвросіївський р-н, Донецька обл., 87324","704","213","690","43","451","40","491","","0","451","40","491","20","471","4","16","26","11","43","40","312","19","29.10.12"
"140029","61","Донецька область","сільська рада, зала засідань
вул.Московська, 82, с-ще Лисиче, Амвросіївський р-н, Донецька обл., 87370","1160","402","1148","63","696","62","758","","0","696","62","758","35","723","7","24","27","13","227","43","342","40","29.10.12"
"140030","61","Донецька область","школа, фойє
вул.Леніна, 9, с-ще Металіст, Амвросіївський р-н, Донецька обл., 87323","1328","444","1313","70","814","70","884","","0","814","70","884","34","850","4","8","20","35","160","87","429","107","28.10.12"
"140031","61","Донецька область","громадський центр, зала засідань
вул.Шкільна, 4А, с.Многопілля, Амвросіївський р-н, Донецька обл., 87311","720","298","711","37","395","27","422","","0","395","27","422","19","403","6","11","23","6","87","50","214","6","29.10.12"
"140032","61","Донецька область","школа, фойє
вул.Центральна, 65, с-ще Грабське, Амвросіївський р-н, Донецька обл., 87312","376","148","367","8","220","8","228","","0","220","8","228","10","218","6","3","4","3","41","19","135","7","28.10.12"
"140033","61","Донецька область","школа, фойє
вул.Совєтська, школа, с.Новоіванівка, Амвросіївський р-н, Донецька обл., 87352","440","82","432","16","342","16","358","","0","342","16","358","17","341","3","5","8","5","55","36","216","13","28.10.12"
"140034","61","Донецька область","їдальня, загальна зала
вул.Терешкової, 2, с.Ленінське, Амвросіївський р-н, Донецька обл., 87353","416","126","396","29","261","29","290","","0","261","29","290","14","276","1","1","3","7","57","21","175","11","29.10.12"
"140035","61","Донецька область","школа, фойє
вул.Леніна, школа, с-ще Улянівське, Амвросіївський р-н, Донецька обл., 87354","568","122","563","32","414","32","446","","0","414","32","446","13","433","10","4","10","15","115","22","242","15","28.10.12"
"140036","61","Донецька область","школа, фойє
вул.Мира, школа, с.Олексіївське, Амвросіївський р-н, Донецька обл., 87342","544","160","533","48","336","48","384","","0","336","48","384","13","371","2","4","11","13","58","34","190","59","28.10.12"
"140037","61","Донецька область","сільський клуб, фойє
вул.Первомайська, сільський клуб, с.Степано-Кринка, Амвросіївський р-н, Донецька обл., 87320","640","187","639","68","394","59","453","","0","394","59","453","20","433","5","8","8","5","106","28","251","22","29.10.12"
"140038","61","Донецька область","сільський клуб, фойє
вул.Ульянівська, сільський клуб, с.Покровка, Амвросіївський р-н, Донецька обл., 87320","296","59","296","19","219","18","237","","0","219","18","237","10","227","2","11","6","4","35","21","115","33","28.10.12"
"140039","61","Донецька область","школа, спортивна зала
вул.Школьна, 61, с.Успенка, Амвросіївський р-н, Донецька обл., 87371","1304","559","1292","83","673","72","745","","0","673","72","745","29","716","10","12","18","33","193","34","380","36","29.10.12"
"140040","61","Донецька область","Амвросіївська центральна районна лікарня, актова зала
вул.Мічуріна, 7, м.Амвросіївка, Амвросіївський р-н, Донецька область, 87300","256","123","134","19","114","19","133","","0","114","19","133","2","131","1","2","2","5","29","7","76","9","28.10.12"
"140463","61","Донецька область","районний центр культури та дозвілля, танцювальна зала, 1-й поверх
вул.Советська, 45, смт Старобешеве, Старобешівський р-н, Донецька обл., 87200","1816","768","1801","116","950","98","1048","","0","950","98","1048","63","985","11","16","21","33","246","87","522","49","29.10.12"
"140464","61","Донецька область","школа мистецтв, актова зала, 2-й поверх
вул.Советська, 41, смт Старобешеве, Старобешівський р-н, Донецька обл., 87200","1664","705","1630","105","864","95","959","","0","864","95","959","35","924","14","11","34","50","180","80","495","60","29.10.12"
"140465","61","Донецька область","школа, їдальня, 1-й поверх
просп.Ангеліної, 34, смт Старобешеве, Старобешівський р-н, Донецька обл., 87200","1968","865","1937","81","1027","76","1103","","0","1027","76","1103","44","1059","17","17","33","43","294","84","529","42","29.10.12"
"140466","61","Донецька область","клуб, актова зала
вул.Енгельса, 1А, м.Комсомольське, Старобешівський р-н, Донецька обл., 87250","520","187","522","44","290","43","333","","0","290","43","333","19","314","6","11","25","5","94","21","125","27","29.10.12"
"140467","61","Донецька область","санаторій ""Струмок"", вестибюль, 1-й поверх
вул.Набережна, 1, м.Комсомольське, Старобешівський р-н, Донецька обл., 87250","1096","438","1100","52","612","46","658","","0","612","46","658","37","621","13","11","43","12","232","36","225","49","29.10.12"
"140468","61","Донецька область","школа №2, вестибюль, 1-й поверх
вул.Кірова, 15А, м.Комсомольське, Старобешівський р-н, Донецька обл., 87250","1160","363","1138","54","745","52","797","","0","745","52","797","30","767","13","18","57","24","285","44","278","48","28.10.12"
"140469","61","Донецька область","дитяча музична школа, вестибюль, 1-й поверх
вул.Б.Хмельницького, 3, м.Комсомольське, Старобешівський р-н, Донецька обл., 87250","1296","350","1287","79","867","79","946","","0","867","79","946","34","912","13","15","50","17","315","36","359","107","29.10.12"
"140470","61","Донецька область","Комсомольський індустріальний технікум, вестибюль, 1-й поверх
вул.Маяковського, 9, м.Комсомольське, Старобешівський р-н, Донецька обл., 87250","1288","512","1275","56","722","54","776","","0","722","54","776","33","743","7","13","66","21","320","34","230","52","29.10.12"
"140471","61","Донецька область","школа №1, вестибюль, 1-й поверх
вул.Шкільна, 2, м.Комсомольське, Старобешівський р-н, Донецька обл., 87250","1496","561","1460","40","895","40","935","","0","895","40","935","32","903","14","18","70","18","336","49","326","72","29.10.12"
"140472","61","Донецька область","палац культури, фойє, 1-й поверх
вул.Леніна, 12Б, м.Комсомольське, Старобешівський р-н, Донецька обл., 87250","1112","358","1102","33","722","32","754","","0","722","32","754","35","719","9","17","54","25","228","32","271","83","28.10.12"
"140473","61","Донецька область","професійний машинобудівний ліцей, вестибюль, 1-й поверх
вул.Куйбишева, 170, м.Комсомольське, Старобешівський р-н, Донецька обл., 87250","1632","588","1626","62","989","55","1044","","0","989","55","1044","44","1000","16","30","95","18","417","52","310","62","29.10.12"
"140474","61","Донецька область","школа, вестибюль, 1-й поверх
вул.Шкільна, 12, смт Новий Світ, Старобешівський р-н, Донецька обл., 87230","1816","555","1817","90","1178","83","1261","","0","1178","83","1261","66","1195","15","25","40","39","243","88","638","107","29.10.12"
"140475","61","Донецька область","будинок культури, лекційна зала, 1-й поверх
вул.Шкільна, 16А, смт Новий Світ, Старобешівський р-н, Донецька обл., 87230","1800","621","1785","35","1146","33","1179","","0","1146","33","1179","52","1127","17","23","67","33","232","74","598","83","28.10.12"
"140476","61","Донецька область","школа, їдальня, 2-й поверх
вул.Промислова, 12, смт Новий Світ, Старобешівський р-н, Донецька обл., 87230","1856","636","1811","54","1167","53","1220","","0","1167","53","1220","57","1163","15","23","80","37","193","97","616","102","29.10.12"
"140477","61","Донецька область","музична школа, актова зала, 2-й поверх
вул.Мічуріна, 43, смт Новий Світ, Старобешівський р-н, Донецька обл., 87230","2136","774","2124","71","1297","65","1362","","0","1297","65","1362","61","1301","14","37","64","36","223","113","669","145","28.10.12"
"140478","61","Донецька область","сільський будинок культури, фойє
вул.Миру, 30В, с.Олександрівка, Старобешівський р-н, Донецька обл., 87232","1160","264","1131","306","602","294","896","","0","602","294","896","24","872","1","3","3","24","114","11","673","43","28.10.12"
"140479","61","Донецька область","школа, актова зала, 2-й поверх
вул.Леніна, 54, с.Кумачове, Старобешівський р-н, Донецька обл., 87260","1048","431","1029","96","525","92","617","","0","525","92","617","25","592","3","5","20","13","183","46","296","26","28.10.12"
"140480","61","Донецька область","відділення терцентру, вестибюль
вул.Побєди, 53А, с.Побєда, Старобешівський р-н, Донецька обл., 87260","512","196","503","47","274","42","316","","0","274","42","316","9","307","1","6","12","14","120","18","132","4","28.10.12"
"140481","61","Донецька область","школа, вестибюль, 1-й поверх
вул.Шкільна, 7, с.Глинка, Старобешівський р-н, Донецька обл., 87260","336","147","332","44","153","36","189","","0","153","36","189","10","179","2","1","2","4","85","14","66","5","28.10.12"
"140482","61","Донецька область","сільський центр культури та дозвілля, фойє, 1-й поверх
вул.Шкільна, 1Г, с.Новозар’ївка, Старобешівський р-н, Донецька обл., 87253","1688","682","1669","114","897","109","1006","","0","897","109","1006","23","983","8","4","24","28","236","67","561","55","29.10.12"
"140483","61","Донецька область","сільський клуб, актова зала
вул.Центральна, сільський клуб, с-ще Колоски, Старобешівський р-н, Донецька обл., 87254","328","80","324","19","229","19","248","","0","229","19","248","5","243","3","4","8","2","39","21","161","5","28.10.12"
"140484","61","Донецька область","фельдшерський пункт, вестибюль
вул.Перемоги, 55/3, с.Кам’янка, Старобешівський р-н, Донецька обл., 87263","264","66","259","19","181","17","198","","0","181","17","198","0","198","2","3","6","5","54","19","107","2","28.10.12"
"140485","61","Донецька область","школа, вестибюль, 1-й поверх
вул.Леніна, 44, с.Сонцеве, Старобешівський р-н, Донецька обл., 87262","720","276","708","42","404","40","444","","0","404","40","444","15","429","0","8","6","9","110","46","228","22","28.10.12"
"140486","61","Донецька область","сільський клуб, танцювальна зала
вул.Гагаріна, 46, с.Краснопілля, Старобешівський р-н, Донецька обл., 87263","408","119","405","21","269","20","289","","0","269","20","289","0","289","2","2","6","2","102","21","148","6","29.10.12"
"140487","61","Донецька область","школа, актова зала, 1-й поверх
вул.Леніна, 99, с.Роздольне, Старобешівський р-н, Донецька обл., 87252","864","343","848","48","475","46","521","","0","475","46","521","27","494","7","11","19","13","161","34","213","36","28.10.12"
"140488","61","Донецька область","школа, спортивна зала, 1-й поверх
вул.Леніна, 99, с.Роздольне, Старобешівський р-н, Донецька обл., 87252","848","345","834","59","448","55","503","","0","448","55","503","27","476","5","9","24","14","139","33","229","23","29.10.12"
"140489","61","Донецька область","школа, спортивна зала
вул.Шкільна, 5, с.Василівка, Старобешівський р-н, Донецька обл., 87252","784","233","777","31","522","29","551","","0","522","29","551","5","546","9","2","18","9","131","41","296","40","28.10.12"
"140490","61","Донецька область","школа, актова зала, 1-й поверх
вул.Радянська, 29, с.Стила, Старобешівський р-н, Донецька обл., 87221","800","238","788","65","498","64","562","","0","498","64","562","16","546","4","9","17","20","156","32","290","18","28.10.12"
"140491","61","Донецька область","сільський будинок культури, фойє, 1-й поверх
вул.Леніна, 30А, с.Стила, Старобешівський р-н, Донецька обл., 87221","920","328","910","56","538","54","592","","0","538","54","592","18","574","0","8","11","14","143","28","351","19","29.10.12"
"140492","61","Донецька область","сільський будинок культури, фойє
вул.Миру, 13Г, с.Мар’янівка, Старобешівський р-н, Донецька обл., 87210","1392","528","1372","61","806","58","864","","0","806","58","864","25","839","17","21","17","26","132","82","524","20","28.10.12"
"140493","61","Донецька область","школа, вестибюль, 1-й поверх
вул.Миру, 24, с.Новоселівка, Старобешівський р-н, Донецька обл., 87211","776","348","760","84","352","76","428","","0","352","76","428","15","413","13","6","5","13","104","34","231","7","28.10.12"
"140494","61","Донецька область","контора агроцеху, актова зала, 2-й поверх
вул.Леніна, 12, с.Придорожнє, Старобешівський р-н, Донецька обл., 87212","624","269","613","46","317","38","355","","0","317","38","355","24","331","7","4","10","13","48","33","206","10","29.10.12"
"140495","61","Донецька область","сільський будинок культури, актова зала
вул.Лермонтова, 2, с.Комунарівка, Старобешівський р-н, Донецька обл., 87220","792","231","779","56","507","54","561","","0","507","54","561","20","541","2","1","4","7","69","46","407","5","28.10.12"
"140496","61","Донецька область","сільський клуб, актова зала
вул.Леніна, 24, с.Піщане, Старобешівський р-н, Донецька обл., 87220","288","92","284","10","186","10","196","","0","186","10","196","9","187","2","2","3","2","43","13","119","3","29.10.12"
"140497","61","Донецька область","сільський клуб, актова зала
вул.Бєляєва, 3, с.Кам’янка, Старобешівський р-н, Донецька обл., 87220","200","44","197","8","148","8","156","","0","148","8","156","4","152","0","1","0","2","20","9","114","6","28.10.12"
"140498","61","Донецька область","школа, актова зала, 1-й поверх
вул.Леніна, 44А, с.Новокатеринівка, Старобешівський р-н, Донецька обл., 87240","1000","430","977","38","532","38","570","","0","532","38","570","24","546","4","14","8","15","184","50","247","24","28.10.12"
"140499","61","Донецька область","сільський клуб, фойє
вул.Леніна, 7А, с-ще Строїтель, Старобешівський р-н, Донецька обл., 87243","368","141","367","16","211","16","227","","0","211","16","227","6","221","1","3","3","7","64","15","122","6","29.10.12"
"140500","61","Донецька область","сільський будинок культури, фойє, 1-й поверх
вул.Центральна, 11, с.Петрівське, Старобешівський р-н, Донецька обл., 87242","1048","397","1039","44","616","35","651","","0","616","35","651","24","627","10","8","31","21","215","53","248","41","28.10.12"
"140501","61","Донецька область","дитячий сад, вестибюль, 1-й поверх
вул.Шкільна, 1А, с-ще Родникове, Старобешівський р-н, Донецька обл., 87241","328","147","321","21","163","18","181","","0","163","18","181","6","175","3","1","1","15","34","16","94","11","28.10.12"
"140502","61","Донецька область","школа, вестибюль, 1-й поверх
вул.Шкільна, 51, с.Осикове, Старобешівський р-н, Донецька обл., 87233","880","340","862","83","459","81","540","","0","459","81","540","10","530","4","5","8","17","82","37","364","13","28.10.12"
"140503","61","Донецька область","центральна районна лікарня, хол терапевтичного відділення, 3-й поверх
вул.Победи, 94А, смт Старобешеве, Старобешівський р-н, Донецька обл., 87200","200","152","48","6","42","6","48","","0","42","6","48","1","47","2","1","0","1","6","3","30","4","28.10.12"
"140792","61","Донецька область","Будинок культури ""Докучаєвський"", глядацька зала
вул.імені Володимира Крепкого, 2, м.Докучаєвськ, Донецька обл., 85741","1000","299","999","50","654","47","701","","0","654","47","701","32","669","3","8","7","20","130","26","441","34","29.10.12"
"140793","61","Донецька область","школа №1, актова зала
вул.Петровського, 13, м.Докучаєвськ, Донецька обл., 85741","880","341","877","48","493","46","539","","0","493","46","539","12","527","7","4","7","11","115","35","318","30","29.10.12"
"140794","61","Донецька область","будівля колишнього міжшкільного навчально-виробничого комбінату, коридор, 2-й поверх
вул.Леніна, 30, м.Докучаєвськ, Донецька обл., 85740","1920","703","1893","75","1149","68","1217","","0","1149","68","1217","43","1174","8","16","20","35","201","51","810","33","29.10.12"
"140795","61","Донецька область","центр культури та дозвілля імені О.С.Пушкіна, фойє
вул.Незалежності України, 26, м.Докучаєвськ, Донецька обл., 85740","1592","523","1581","64","1012","57","1069","","0","1012","57","1069","34","1035","8","9","28","25","225","53","650","37","29.10.12"
"140796","61","Донецька область","школа №3, коридор, 1-й поверх
вул.Леніна, 65, м.Докучаєвськ, Донецька обл., 85744","2104","845","2077","59","1211","48","1259","","0","1211","48","1259","53","1206","13","17","17","31","181","62","819","66","29.10.12"
"140797","61","Донецька область","школа №4, коридор, 1-й поверх
вул.Октябрська, 16, м.Докучаєвськ, Донецька обл., 85740","1368","443","1365","66","871","54","925","","0","871","54","925","33","892","8","16","7","26","149","50","602","34","29.10.12"
"140798","61","Донецька область","школа №5, коридор, 2-й поверх
вул.Чайковського, 3, м.Докучаєвськ, Донецька обл., 85740","2368","820","2355","119","1457","91","1548","","0","1457","91","1548","50","1498","17","24","27","52","302","71","961","44","29.10.12"
"140799","61","Донецька область","комунальне підприємство ""Гарант"", актова зала
вул.Леніна, 75, м.Докучаєвськ, Донецька обл., 85744","1304","480","1291","33","797","27","824","","0","797","27","824","27","797","12","10","20","24","122","35","514","60","29.10.12"
"140800","61","Донецька область","дошкільний навчальний заклад №7, музична зала
вул.Леніна, 102А, м.Докучаєвськ, Донецька обл., 85744","1384","535","1369","24","830","19","849","","0","830","19","849","32","817","8","15","14","20","109","35","568","48","28.10.12"
"140801","61","Донецька область","школа №5, коридор, 1-й поверх
вул.Чайковського, 3, м.Докучаєвськ, Донецька обл., 85740","1424","537","1413","37","852","35","887","","0","851","35","886","24","862","14","23","9","31","134","29","564","58","31.10.12"
"140802","61","Донецька область","ДП""Сільськогосподарське підприємство ""Таїровське"", зал засідань
вул.Валова, 1, с-ще Ясне, м.Докучаєвськ, Донецька обл., 85747","704","205","700","55","447","52","499","","0","447","52","499","15","484","2","5","2","9","73","30","330","33","29.10.12"
"140803","61","Донецька область","школа №6, коридор
вул.Космонавтів, 58, м.Докучаєвськ, Донецька обл., 85743","2040","866","2026","81","1111","63","1174","","0","1111","63","1174","60","1114","16","21","23","44","198","59","643","110","29.10.12"
"141249","61","Донецька область","Сєверна школа, фойє
вул.Мурманська, 51, смт Сєверне, м.Сніжне, Донецька обл., 86584","1408","831","1401","30","548","29","577","","0","548","29","577","37","540","6","7","11","48","98","34","315","21","28.10.12"
"141250","61","Донецька область","клуб імені Т.Шевченка, актова зала
вул.Мінська, 17, смт Сєверне, м.Сніжне, Донецька обл., 86584","1632","881","1609","50","704","47","751","","0","704","47","751","54","697","10","12","18","55","91","36","415","60","29.10.12"
"141251","61","Донецька область","Сєверна школа №1, фойє
вул.Серьогіна, 3, смт Сєверне, м.Сніжне, Донецька обл., 86584","1008","560","999","18","431","17","448","","0","431","17","448","24","424","3","7","17","26","50","25","276","20","29.10.12"
"141252","61","Донецька область","Центр первинної медико-санітарної допомоги, фойє, ліворуч, 1-й поверх
вул.Квітки, 1, смт Сєверне, м.Сніжне, Донецька обл., 86583","1432","844","1414","39","557","31","588","","0","557","31","588","33","555","9","16","29","41","77","33","325","25","28.10.12"
"141253","61","Донецька область","Центр первинної медико-санітарної допомоги, центральний вхід, 1-й поверх
вул.Квітки, 1, смт Сєверне, м.Сніжне, Донецька обл., 86583","1536","739","1517","29","772","25","797","","0","772","25","797","35","762","8","9","31","59","90","57","472","36","29.10.12"
"141254","61","Донецька область","станція ""Мочалінський"", фойє
вул.Бахметьєва, 1А, смт Сєверне, м.Сніжне, Донецька обл., 86584","560","233","552","29","298","29","327","","0","298","29","327","19","308","4","13","6","17","55","20","179","14","29.10.12"
"141255","61","Донецька область","клуб імені Корнійчука, зал для глядачів
вул.Мельнична, 15, смт Андріївка, м.Сніжне, Донецька обл., 86581","720","310","707","35","376","34","410","","0","376","34","410","13","397","6","12","4","26","42","28","265","14","29.10.12"
"141256","61","Донецька область","клуб, зал для глядачів
вул.Сімферопольська, 43, смт Андріївка, м.Сніжне, Донецька обл., 86583","776","225","771","245","307","244","551","","0","307","244","551","14","537","3","11","6","27","41","26","394","29","28.10.12"
"141257","61","Донецька область","школа №7, фойє
вул.Первомайська, 65, м.Сніжне, Донецька обл., 86508","1432","660","1425","64","708","64","772","","0","708","64","772","0","772","1","0","2","10","41","16","693","9","28.10.12"
"141258","61","Донецька область","ВГРЧ, спортивна зала
вул.Тевелєва, ВГРЧ, м.Сніжне, Донецька обл., 86508","816","460","809","21","338","18","356","","0","338","18","356","15","341","4","9","2","13","43","26","211","33","28.10.12"
"141259","61","Донецька область","школа №9, їдальня
вул.Феоктістова, 19, м.Сніжне, Донецька обл., 86508","1800","1034","1754","22","746","20","766","","0","746","20","766","32","734","7","8","20","41","97","60","452","49","28.10.12"
"141260","61","Донецька область","будинок культури імені Н.Крупської, фойє
вул.Новотка, 3, м.Сніжне, Донецька обл., 86503","1640","904","1635","36","703","33","736","","0","703","33","736","31","705","6","6","9","66","101","52","436","29","29.10.12"
"141261","61","Донецька область","гуртожиток СМЗ ВАТ ""Мотор Січ"", актова зала
вул.Маковського, 9, м.Сніжне, Донецька обл., 86503","2032","1080","1987","33","920","32","952","","0","920","32","952","48","904","8","7","10","99","136","60","552","32","28.10.12"
"141262","61","Донецька область","АПК ТОВ ""Юнионуглегазодобыча"", вестибюль
вул.Мира, 58, м.Сніжне, Донецька обл., 86503","720","396","709","26","300","24","324","","0","300","24","324","11","313","3","1","4","21","40","25","201","18","28.10.12"
"141263","61","Донецька область","школа №10, фойє
вул.Терешкової, 39, м.Сніжне, Донецька обл., 8653","944","464","917","37","444","36","480","","0","444","36","480","15","465","3","3","9","32","82","31","286","19","29.10.12"
"141264","61","Донецька область","станція ""Соф’їно-Бродська"", фойє
вул.В.Лати, 2А, м.Сніжне, Донецька обл., 86510","656","396","649","3","257","3","260","","0","257","3","260","10","250","4","5","0","19","52","21","121","28","29.10.12"
"141265","61","Донецька область","МУВК, фойє
вул.Балабаєва, 1, м.Сніжне, Донецька обл., 86510","1696","948","1675","27","729","19","748","","0","729","19","748","34","714","10","13","14","85","102","32","416","42","28.10.12"
"141266","61","Донецька область","АПК ПАТ ""Сніжнянськхіммаш"", фойє, ліворуч
вул. Советська, 101, м.Сніжне, Донецька обл., 86510","1944","1139","1916","23","786","19","805","","0","786","19","805","22","783","7","22","24","92","87","46","443","62","29.10.12"
"141267","61","Донецька область","школа №8, фойє
вул.Донська, 26, м.Сніжне, Донецька обл., 86510","2016","1090","1990","15","913","13","926","","0","913","13","926","45","881","16","20","18","80","113","59","519","56","29.10.12"
"141268","61","Донецька область","ВО ""Сніжнетепломережа"", актова зала, 2-й поверх
вул.250 років Донбасу, 7А, м.Сніжне, Донецька обл., 86510","1392","689","1369","12","693","10","703","","0","693","10","703","37","666","9","13","11","49","84","46","384","70","28.10.12"
"141269","61","Донецька область","Будинок творчості, фойє, 2-й поверх
вул.250 років Донбасу, 1А, м.Сніжне, Донецька обл., 86510","1824","1004","1796","16","805","15","820","","0","805","15","820","27","793","10","16","22","50","98","48","474","75","29.10.12"
"141270","61","Донецька область","АПК ШБУ №7, фойє
вул.Горького, 5, м.Сніжне, Донецька обл., 86510","1256","716","1226","12","531","9","540","","0","531","9","540","24","516","8","8","9","43","83","48","282","35","28.10.12"
"141271","61","Донецька область","школа №3, вестибюль
вул.Островського, 3, м.Сніжне, Донецька обл., 86510","1288","699","1266","33","561","28","589","","0","561","28","589","27","562","8","11","10","48","98","41","304","42","28.10.12"
"141272","61","Донецька область","ВУВКГ, актова зала
вул.Айвазовського, 1, м.Сніжне, Донецька обл., 86500","1288","738","1254","10","541","9","550","","0","541","9","550","38","512","5","6","4","34","130","39","255","39","29.10.12"
"141273","61","Донецька область","Центральна міська лікарня, поліклініка, фойє
вул.Владивостокська, 45, м.Сніжне, Донецька обл., 86500","2032","1290","1986","18","731","11","742","","0","730","11","741","45","696","15","10","20","68","134","55","364","30","01.11.12"
"141274","61","Донецька область","кондитерський цех, приміщення складу
вул.Танкистів, 1, м.Сніжне, Донецька обл., 86500","1136","648","1122","8","481","7","488","","0","481","7","488","33","455","13","5","13","43","116","23","198","44","29.10.12"
"141275","61","Донецька область","КП кінотеатр ""Сніжинка"", верхня зала
вул.Леніна, 3, м.Сніжне, Донецька обл., 86500","1992","1118","1966","30","846","28","874","","0","846","28","874","34","840","12","12","16","82","156","53","426","83","29.10.12"
"141276","61","Донецька область","школа №1, рекреація, 1-й поверх
вул.Карапетяна, 43, м.Сніжне, Донецька обл., 86500","2376","1204","2335","52","1126","46","1172","","0","1126","46","1172","56","1116","19","22","22","118","225","70","563","77","29.10.12"
"141277","61","Донецька область","школа мистецтв, зал для концертів
вул.Гнесіних, 17, м.Сніжне, Донецька обл., 86500","1832","938","1803","39","862","32","894","","0","862","32","894","42","852","28","13","23","91","169","55","411","62","29.10.12"
"141278","61","Донецька область","школа №2, рекреація, 1-й поверх
вул.Транспортна, 1, м.Сніжне, Донецька обл., 86500","1256","727","1213","43","489","40","529","","0","489","40","529","22","507","10","20","14","46","116","48","223","30","29.10.12"
"141279","61","Донецька область","АПК шахти ""Ударник"", актова зала
вул.Леніна, 38, м.Сніжне, Донецька обл., 86500","1264","675","1249","37","552","37","589","","0","552","37","589","36","553","11","11","8","50","116","29","303","25","28.10.12"
"141280","61","Донецька область","школа №11, актова зала
вул.Героїв Інтернаціоналістів, 11, м.Сніжне, Донецька обл., 86501","680","359","675","58","273","48","321","","0","273","48","321","14","307","4","7","5","36","48","18","162","27","28.10.12"
"141281","61","Донецька область","клуб імені Пушкіна, зал для глядачів
вул.Арсеньєва, 6, м.Сніжне, Донецька обл., 86501","1128","644","1107","37","461","23","484","","0","461","23","484","32","452","10","23","3","33","93","24","229","37","29.10.12"
"141282","61","Донецька область","клуб імені Ісаковського, фойє
вул.Кочетова, 79, м.Сніжне, Донецька обл., 86507","696","343","685","43","311","42","353","","0","311","42","353","18","335","4","7","3","13","28","26","218","36","28.10.12"
"141283","61","Донецька область","клуб ім.Франка, зал для глядачів
вул.Луганська, 8, м.Сніжне, Донецька обл., 86505","456","240","457","2","214","2","216","","0","214","2","216","15","201","3","3","5","13","38","10","113","16","28.10.12"
"141284","61","Донецька область","АПК ТОВ ""Донметпром"", актова зала
вул.Вітебська, 6, м.Сніжне, Донецька обл., 86505","1304","765","1298","39","502","37","539","","0","502","37","539","9","530","7","8","7","36","110","36","306","20","29.10.12"
"141285","61","Донецька область","клуб ""Колос"", зал для глядачів
вул.Придніпровська, 57, смт Первомайський, м.Сніжне, Донецька обл., 86595","1304","662","1275","22","622","20","642","","0","622","20","642","34","608","7","15","11","26","221","23","270","35","29.10.12"
"141286","61","Донецька область","Первомайська школа, актова зала
вул.Адорадського, 1, смт Первомайський, м.Сніжне, Донецька обл., 86595","1512","802","1491","32","678","32","710","","0","678","32","710","35","675","7","36","15","43","250","32","258","34","29.10.12"
"141287","61","Донецька область","Залісненська школа, актова зала
вул.Героїв Сталінграду, 2, смт Залісне, м.Сніжне, Донецька обл., 86590","1440","671","1415","86","689","80","769","","0","689","80","769","19","750","10","9","7","32","153","27","463","49","28.10.12"
"141288","61","Донецька область","АПК СВК №127, актова зала
вул.Центральна, 10, смт Гірницьке, м.Сніжне, Донецька обл., 86591","992","525","978","41","428","39","467","","0","428","39","467","11","456","6","9","4","20","80","36","279","22","28.10.12"
"141289","61","Донецька область","Гірницька школа, рекреація, 1-й поверх
вул.Остапа Вишні, 11, смт Гірницьке, м.Сніжне, Донецька обл., 86591","664","279","658","32","353","32","385","","0","353","32","385","15","370","0","4","5","6","57","30","248","20","28.10.12"
"141290","61","Донецька область","Центральна міська лікарня, фойє
вул.Владивостокська, 45, м.Сніжне, Донецька обл., 86500","248","164","90","64","22","62","84","","0","22","62","84","3","81","0","2","0","3","10","13","44","9","28.10.12"
"141291","61","Донецька область","міська лікарня №2, фойє
вул.Первоуральська, 1, м.Сніжне, Донецька обл., 86503","184","84","112","20","80","20","100","","0","80","20","100","6","94","3","4","0","6","19","8","50","4","28.10.12"
"141292","61","Донецька область","СВК №127, бібліотека
вул.Центральна, 10, смт Гірницьке, м.Сніжне, Донецька обл., 86591","320","8","312","0","312","0","312","","0","312","0","312","9","303","2","0","0","1","0","27","271","2","28.10.12"
