"№ ВД","OBO","Назва регіону України","Місцезнаходження та адреса приміщення для голосування","1) К-сть одержаних бюлетенів","2) К-сть невикористаних бюлетенів","3) К-сть виборців, внесених до списку виборців","4) К-сть виборців, внесених до витягу зі списку виборців","5) К-сть виборців, які отримали бюлетені у приміщенні","6) К-сть виборців, які отримали за місцем перебування","7) Сумарна к-сть виборців, які отримали бюлетені","8) К-сть бюлетенів, що виявилися у кожній скринці","9) К-сть бюлетенів, що не підлягають врахуванню","10) К-сть виборців, які взяли участь у голос. у приміщенні для гол.","11) К-сть виборців, які взяли участь у голос. за місцем перебування","12) К-сть виборців, які взяли участь у голосуванні на виборчій дільниці","13) К-сть бюлетенів, визнаних недійсними","14) Сумарна к-сть голосів виборців ЗА","Белик
Дмитро
Анатолійович","Богатиренко
Сергій
Васильович","Варданідзе
Людмила
Іванівна","Голік
Олександр
Олексійович","Донець
Григорій
Григорович","Єрмаков
Іван
Федосович","Кондратевський
Сергій
Михайлович","Лебедєв
Павло
Валентинович","Рибаков
Микола
Сергійович","Тюлєнєв
Сергій
Анатолійович","Дата підписання протоколу"
"850001","224","м.Севастополь","Балаклавський центр культури та дозвілля, малий зал
вул.Каліча, 21, м.Севастополь, 99042","798","289","787","23","490","19","509","","0","490","19","509","20","489","78","68","7","7","2","7","6","276","14","24","29.10.12"
"850002","224","м.Севастополь","комунальне підприємство ""РЕП-12"", актовий зал
вул.Новікова, 4, м.Севастополь, 99043","1356","557","1354","18","786","13","799","","0","786","13","799","28","771","164","123","4","13","3","11","10","375","27","41","29.10.12"
"850003","224","м.Севастополь","будинок культури ""Балаклавського рудоуправління ім.О.М.Горького"", фойє
вул.Новікова, 12, м.Севастополь, 99042","1824","856","1786","25","948","20","968","","0","948","20","968","31","937","226","206","13","25","3","10","12","393","23","26","29.10.12"
"850004","224","м.Севастополь","школа №25, актовий зал
вул.Драпушко, 4А, м.Севастополь, 99043","2208","1112","2193","45","1055","41","1096","","0","1055","41","1096","30","1066","291","228","11","10","2","10","8","461","21","24","29.10.12"
"850005","224","м.Севастополь","школа №30, фойє
вул.Міра, 2, м.Севастополь, 99042","1572","766","1559","33","776","30","806","","0","776","30","806","20","786","204","161","7","10","8","5","5","349","12","25","28.10.12"
"850006","224","м.Севастополь","відділ державної реєстрації актів цивільного стану Балаклавського РУЮ, хол
вул.Строітельна, 43, м.Севастополь, 99018","1806","789","1776","20","999","18","1017","","0","999","18","1017","40","977","268","187","10","18","12","12","7","420","22","21","29.10.12"
"850007","224","м.Севастополь","будинок дитячої та юнацької творчості, філія №1, клас хореографії
вул.Хмельницького Богдана, 8, м.Севастополь, 99042","1092","572","1074","5","516","4","520","","0","516","4","520","16","504","132","101","3","4","7","8","10","204","12","23","28.10.12"
"850008","224","м.Севастополь","контора ТОВ ""Агрофірма ""Золота Балка"", конференц зал
вул.Новікова, 56, м.Севастополь, 99043","606","262","596","21","328","16","344","","0","328","16","344","4","340","94","59","1","8","1","1","4","151","6","15","28.10.12"
"850009","224","м.Севастополь","школа №33, фойє
вул.Комунарів, 2, м.Севастополь, 99043","1518","638","1491","29","860","20","880","","0","860","20","880","28","852","211","160","6","33","3","14","6","361","19","39","29.10.12"
"850010","224","м.Севастополь","клуб, хол
вул.Благодатна, 16, м.Севастополь, 99018","732","424","743","19","294","14","308","","0","294","14","308","9","299","36","53","4","4","3","5","3","168","2","21","28.10.12"
"850011","224","м.Севастополь","клуб 1-го відділення, зал
вул.Междурядна, 1, м.Севастополь, 99043","684","429","680","11","248","7","255","","0","248","7","255","9","246","68","24","1","1","2","4","2","123","9","12","28.10.12"
"850012","224","м.Севастополь","контора, актовий зал
пров.Новікова, 24, м.Севастополь, 99020","684","361","706","20","304","19","323","","0","304","19","323","10","313","58","38","5","2","0","3","4","184","6","13","29.10.12"
"850013","224","м.Севастополь","сільськогосподарське відкрите акціонерне товариство ""Севастопольський"", зал
вул.Урожайна, 22, м.Севастополь, 99020","810","391","815","12","413","6","419","","0","413","6","419","16","403","78","38","6","6","3","9","8","198","27","30","28.10.12"
"850014","224","м.Севастополь","Палац культури ""Севастопольський"", малий зал
вул.Тімірязєва, 13, м.Севастополь, 99703","1458","705","1466","40","714","39","753","","0","714","39","753","27","726","115","102","5","9","5","17","13","426","13","21","29.10.12"
"850015","224","м.Севастополь","клуб, фойє
вул.Комінтерна, 13, м.Севастополь, 99010","1164","672","1159","26","472","20","492","","0","472","20","492","16","476","82","90","6","12","3","11","11","222","10","29","29.10.12"
"850016","224","м.Севастополь","станція ""Інкерман-II"", зал очікування
вул.Чернореченська, 93, м.Інкерман, м.Севастополь, 99703","1020","558","1023","43","421","41","462","","0","421","41","462","12","450","92","75","5","2","1","6","4","241","10","14","29.10.12"
"850017","224","м.Севастополь","школа №28, вестибюль, 1-й поверх
вул.Ангарська, 7, м.Інкерман, м.Севастополь, 99704","1140","583","1136","41","519","38","557","","0","519","38","557","16","541","167","74","7","2","2","3","5","264","11","6","29.10.12"
"850018","224","м.Севастополь","філія школи №12, початкова школа, фойє, 2-й поверх
вул.Раєнко, 22, м.Інкерман, м.Севастополь, 99703","1182","664","1166","49","478","40","518","","0","478","40","518","19","499","90","69","5","1","2","5","13","288","9","17","29.10.12"
"850019","224","м.Севастополь","школа №12, 1-й поверх, вестибюль
вул.Маліновського, 34, м.Інкерман, м.Севастополь, 99703","1758","952","1743","34","776","30","806","","0","776","30","806","20","786","193","138","5","0","4","5","3","396","17","25","28.10.12"
"850020","224","м.Севастополь","школа-інтернат №6, 1-й поверх, вестибюль
вул.Шубікова, 3, м.Інкерман, м.Севастополь, 99703","1638","812","1631","45","789","37","826","","0","789","37","826","24","802","189","193","8","0","7","8","11","337","20","29","29.10.12"
"850021","224","м.Севастополь","підлітковий клуб ""Ритм"", великий зал
вул.Менжинського, 25, м.Інкерман, м.Севастополь, 99703","1602","843","1592","36","729","30","759","","0","729","30","759","21","738","181","164","5","2","11","5","13","316","15","26","29.10.12"
"850022","224","м.Севастополь","клуб, зал
вул.Раз’єздна, 1Б, м.Севастополь, 99036","846","397","834","23","427","22","449","","0","427","22","449","16","433","70","54","2","9","2","10","6","260","8","12","29.10.12"
"850023","224","м.Севастополь","клуб, фойє
проїзд Сумський, 3, м.Севастополь, 99044","702","386","715","17","302","14","316","","0","302","14","316","10","306","54","29","1","14","0","2","4","184","7","11","29.10.12"
"850024","224","м.Севастополь","будинок культури, зал
вул.Тюкова, 63, с.Орлине, м.Севастополь, 99805","1956","987","1940","52","930","39","969","","0","930","39","969","39","930","65","166","11","14","9","8","7","513","54","83","28.10.12"
"850025","224","м.Севастополь","клуб, зал
вул.Стахановська, 10, с.Тилове, м.Севастополь, 99805","474","234","471","2","238","2","240","","0","238","2","240","12","228","25","35","4","1","2","3","2","120","25","11","28.10.12"
"850026","224","м.Севастополь","контора лісництва, зал засідань
вул.Кічігіна, 6А, с.Гончарне, м.Севастополь, 99811","648","332","624","21","295","21","316","","0","295","21","316","18","298","38","78","6","4","1","6","3","127","14","21","29.10.12"
"850027","224","м.Севастополь","дошкільний навчальний заклад №134, фойє, 1-й поверх
вул.Булгакова, 57, с.Широке, м.Севастополь, 99809","672","289","664","34","349","34","383","","0","349","34","383","7","376","58","54","3","4","2","7","2","227","6","13","29.10.12"
"850028","224","м.Севастополь","навчально-виховний комплекс №3, фойє, 1-й поверх
вул.Магсумова, 2, с.Передове, м.Севастополь, 99806","726","329","721","28","370","27","397","","0","370","27","397","9","388","40","65","1","2","4","3","1","226","16","30","29.10.12"
"850029","224","м.Севастополь","клуб, зал
вул.Кулікова, 2А, с.Родниківське, м.Севастополь, 99810","504","192","506","16","297","15","312","","0","297","15","312","12","300","39","32","0","5","2","2","4","187","5","24","28.10.12"
"850030","224","м.Севастополь","будинок культури, хол
вул.Леніна, 7, с.Тернівка, м.Севастополь, 99716","1566","685","1560","50","835","46","881","","0","835","46","881","35","846","78","144","6","10","3","12","5","512","20","56","28.10.12"
"850031","224","м.Севастополь","клуб, фойє
вул.Центральна, 41, с.Рідне, м.Севастополь, 99717","558","238","548","19","305","15","320","","0","305","15","320","18","302","19","33","7","2","2","1","2","180","15","41","28.10.12"
"850032","224","м.Севастополь","школа №17, актовий зал
вул.Тімірязева, 1, м.Севастополь, 99019","1578","733","1562","61","790","55","845","","0","790","55","845","28","817","96","104","7","15","5","8","17","536","16","13","28.10.12"
"850033","224","м.Севастополь","Севастопольська міська лікарня №9, 1-й поверх соматичного відділення, фізіотерапія, фойє
вул.Міра, 5, м.Севастополь, 99018","204","165","42","18","23","16","39","","0","23","16","39","0","39","6","5","1","1","0","1","1","21","1","2","28.10.12"
"850034","224","м.Севастополь","Севастопольська міська лікарня №6, терапевтичне відділення, фойє
вул.Умріхіна, 16, м.Інкерман, м.Севастополь, 99703","48","22","26","0","26","0","26","","0","26","0","26","0","26","8","4","0","0","1","0","0","11","0","2","28.10.12"
"850036","224","м.Севастополь","пансіонат ""Севастополь"", зал засідань
просп.Героїв Сталінграда, 43, м.Севастополь, 99059","1044","481","1052","1","562","1","563","","0","562","1","563","13","550","128","75","8","2","10","16","7","242","29","33","28.10.12"
"850037","224","м.Севастополь","опорний пункт охорони порядку, зал
Козача бухта, 9, м.Севастополь, 99000","1242","615","1228","15","612","15","627","","0","612","15","627","16","611","210","90","4","1","0","12","9","233","28","24","29.10.12"
"850038","224","м.Севастополь","кафе ""Глікєрія"", зал
Козача бухта, 8, м.Севастополь, 99024","2454","1301","2440","15","1142","11","1153","","0","1142","11","1153","30","1123","473","126","11","4","14","16","5","396","36","42","29.10.12"
"850039","224","м.Севастополь","гуртожиток ""Докер"", зал засідань
вул.Пролетарська, 27, м.Севастополь, 99024","2454","1196","2420","20","1242","16","1258","","0","1242","16","1258","30","1228","357","207","11","2","20","10","19","524","27","51","29.10.12"
"850040","224","м.Севастополь","школа №32, приміщення для засідань
вул.Михайлова Боріса, 10, м.Севастополь, 99014","2328","1306","2288","18","1006","16","1022","","1","1005","16","1021","35","983","249","165","9","1","4","21","12","465","28","29","30.10.12"
"850041","224","м.Севастополь","школа №32, приміщення для засідань
вул.Михайлова Боріса, 10, м.Севастополь, 99014","2322","1278","2327","36","1018","26","1044","","0","1018","26","1044","33","1010","300","179","16","5","6","16","18","410","23","37","29.10.12"
"850042","224","м.Севастополь","ВАТ ""Дорожно-будівельне управління №46"", приміщення для засідань
вул.Хрустальова, 62, м.Севастополь, 99040","1362","762","1318","13","592","8","600","","0","592","8","600","26","574","69","55","8","7","9","17","13","302","58","36","29.10.12"
"850043","224","м.Севастополь","культурно-інформаційний центр, зал засідань №1
вул.Корчагіна Павла, 1, м.Севастополь, 99014","2226","1046","2194","35","1148","32","1180","","0","1147","32","1179","35","1144","234","200","8","3","12","14","20","584","31","38","29.10.12"
"850044","224","м.Севастополь","культурно-інформаційний центр, зал засідань №2
вул.Корчагіна Павла, 1, м.Севастополь, 99014","1584","815","1505","25","749","20","769","","0","749","20","769","23","746","163","109","9","13","6","9","13","325","56","43","28.10.12"
"850045","224","м.Севастополь","школа №15, зал засідань №1
просп.Героїв Сталінграда, 31, м.Севастополь, 99014","1860","887","1845","15","962","11","973","","0","962","11","973","27","946","306","170","6","3","3","16","12","377","31","22","29.10.12"
"850046","224","м.Севастополь","школа №54, зал засідань №1
вул.Героїв Бреста, 16, м.Севастополь, 99058","2466","1235","2432","19","1217","14","1231","","0","1217","14","1231","32","1199","329","207","16","3","4","24","20","502","54","40","29.10.12"
"850047","224","м.Севастополь","КП""Жилсервіс №23"", зал засідань
вул.Героїв Бреста, 45, м.Севастополь, 99058","2448","1130","2420","40","1283","35","1318","","0","1283","35","1318","37","1281","377","233","12","1","10","24","25","505","44","50","29.10.12"
"850048","224","м.Севастополь","школа №15, зал засідань №2
просп.Героїв Сталінграда, 31, м.Севастополь, 99059","1950","970","1919","22","961","19","980","","0","961","19","980","32","948","265","203","4","4","4","15","19","349","42","43","29.10.12"
"850049","224","м.Севастополь","школа №49, зал засідань №1
вул.Михайлова Боріса, 9, м.Севастополь, 99014","2352","1137","2339","24","1191","24","1215","","0","1191","24","1215","42","1173","300","226","7","6","14","22","21","493","41","43","29.10.12"
"850050","224","м.Севастополь","школа №49, зал засідань №2
вул.Михайлова Боріса, 9, м.Севастополь, 99014","2244","1126","2212","17","1104","14","1118","","0","1104","14","1118","39","1079","320","160","4","5","7","11","26","482","24","40","29.10.12"
"850051","224","м.Севастополь","школа №54, зал засідань №2
вул.Героїв Бреста, 16, м.Севастополь, 99058","2376","1173","2368","15","1192","11","1203","","0","1192","11","1203","36","1167","441","145","17","7","7","15","25","409","40","61","29.10.12"
"850052","224","м.Севастополь","Гагарінська районна Рада, зал засідань
просп.Октябрьської революції, 8, м.Севастополь, 99038","2460","1246","2444","35","1185","29","1214","","0","1185","29","1214","40","1174","411","180","15","12","8","35","20","400","41","52","29.10.12"
"850053","224","м.Севастополь","дитячий садок №131, зал засідань
просп.Октябрьської революції, 36, м.Севастополь, 99038","2472","1203","2451","12","1257","12","1269","","0","1257","12","1269","33","1236","556","164","15","7","9","23","13","382","25","42","29.10.12"
"850054","224","м.Севастополь","гімназія №2, зал засідань №1
просп.Октябрьської революції, 31А, м.Севастополь, 99057","2082","913","2052","33","1146","23","1169","","0","1146","23","1169","41","1128","457","191","11","3","10","19","8","368","30","31","28.10.12"
"850055","224","м.Севастополь","торгівельно-кулінарний ліцей, зал засідань
просп.Октябрьської революції, 89, м.Севастополь, 99038","2436","1023","2414","44","1373","40","1413","","0","1373","40","1413","48","1365","472","198","15","1","13","21","27","547","33","38","29.10.12"
"850056","224","м.Севастополь","гімназія №2, зал засідань №2
просп.Октябрьської революції, 31А, м.Севастополь, 99057","2322","1071","2302","17","1238","13","1251","","0","1238","13","1251","35","1216","677","152","6","2","11","23","9","264","28","44","28.10.12"
"850057","224","м.Севастополь","жіноча консультація №1, зал засідань
вул.Адмірала Юмашева, 4А, м.Севастополь, 99057","1698","857","1678","6","838","3","841","","0","837","3","840","20","820","430","97","12","2","6","17","11","207","12","26","29.10.12"
"850058","224","м.Севастополь","дитячий садок №125, зал засідань
просп.Октябрьської революції, 58, м.Севастополь, 99057","2448","1222","2418","17","1211","15","1226","","0","1211","15","1226","27","1197","581","137","7","5","6","9","19","359","26","48","29.10.12"
"850059","224","м.Севастополь","школа №23, зал засідань №1
вул.Степаняна, 13, м.Севастополь, 99038","2226","1206","2213","3","1017","3","1020","","0","1017","3","1020","17","1003","333","133","8","10","8","19","10","385","42","55","29.10.12"
"850060","224","м.Севастополь","школа №23, зал засідань №2
вул.Степаняна, 13, м.Севастополь, 99038","2316","1090","2292","37","1195","31","1226","","0","1195","31","1226","34","1192","351","171","11","5","13","14","16","520","39","52","29.10.12"
"850061","224","м.Севастополь","центр професійної підготовки, зал засідань
вул.Степаняна, 2, м.Севастополь, 99038","2262","1115","2246","22","1130","17","1147","","0","1130","17","1147","34","1113","342","139","6","2","2","17","9","516","26","54","28.10.12"
"850062","224","м.Севастополь","товариство ""Ріанта"", зал засідань
вул.Косарева Александра, 1, м.Севастополь, 99006","2310","1284","2296","5","1022","4","1026","","0","1022","4","1026","24","1002","281","117","9","7","10","14","21","462","31","50","29.10.12"
"850063","224","м.Севастополь","школа №37, зал засідань №1
просп.Октябрьської революції, 54, м.Севастополь, 99038","2406","1142","2448","15","1252","12","1264","","0","1252","12","1264","45","1219","390","193","10","6","9","24","23","429","65","70","29.10.12"
"850064","224","м.Севастополь","школа №37, зал засідань №2
просп.Октябрьської революції, 54, м.Севастополь, 99038","2400","1290","2365","30","1086","24","1110","","0","1086","24","1110","35","1075","284","166","9","6","4","23","29","436","54","64","28.10.12"
"850065","224","м.Севастополь","школа №58, зал засідань №1
вул. Кесаєва Астана, 11, м.Севастополь, 99038","2412","1239","2379","8","1165","8","1173","","0","1165","8","1173","35","1138","321","126","16","6","15","23","29","469","73","60","29.10.12"
"850066","224","м.Севастополь","школа №58, зал засідань №2
вул. Кесаєва Астана, 11, м.Севастополь, 99038","2436","1208","2428","15","1216","12","1228","","0","1216","12","1228","39","1189","403","170","11","7","9","17","21","429","59","63","29.10.12"
"850067","224","м.Севастополь","школа №57, зал засідань №1
вул.Шевченко Тараса, 19, м.Севастополь, 99006","2490","1215","2452","18","1258","17","1275","","0","1258","17","1275","31","1244","358","176","6","8","9","28","33","518","45","63","29.10.12"
"850068","224","м.Севастополь","школа №57, зал засідань №2
вул.Шевченко Тараса, 19, м.Севастополь, 99006","2490","1179","2483","10","1302","9","1311","","0","1302","9","1311","47","1264","337","150","11","5","10","36","26","538","67","84","29.10.12"
"850069","224","м.Севастополь","школа №61, зал засідань №1
вул.Косарева Александра, 12, м.Севастополь, 99006","2430","1349","2397","7","1075","6","1081","","0","1075","6","1081","29","1052","318","129","10","2","3","36","30","382","66","76","29.10.12"
"850070","224","м.Севастополь","школа №61, зал засідань №2
вул.Косарева Александра, 12, м.Севастополь, 99006","2496","1314","2464","6","1179","3","1182","","0","1179","3","1182","33","1149","302","114","8","3","6","34","30","559","37","56","29.10.12"
"850071","224","м.Севастополь","школа №29, зал засідань
вул.Чайкіної Лізи, 80, м.Севастополь, 99053","2184","1221","2161","11","955","8","963","","0","955","8","963","34","928","248","139","6","6","10","19","23","426","30","21","29.10.12"
"850072","224","м.Севастополь","університет ім.В.І.Вернадського, зал засідань
вул.Чайкіної Лізи, 80, м.Севастополь, 99053","1992","1032","1978","35","930","30","960","","0","930","30","960","26","934","195","196","4","6","11","14","18","416","34","40","29.10.12"
"850073","224","м.Севастополь","центр зайнятості, зал засідань
вул.Руднева, 40, м.Севастополь, 99053","2232","1000","2194","35","1210","22","1232","","0","1210","22","1232","36","1196","311","282","5","2","20","18","19","458","39","42","28.10.12"
"850074","224","м.Севастополь","гуманітарний університет, зал засідань
просп.Гагаріна, 13, м.Севастополь, 99028","2466","1201","2448","48","1221","44","1265","","0","1221","44","1265","35","1230","308","218","6","7","13","19","21","563","33","42","28.10.12"
"850075","224","м.Севастополь","гімназія №24, зал засідань
вул.Вакуленчука, 7, м.Севастополь, 99053","1938","861","1921","13","1065","12","1077","","0","1065","12","1077","34","1043","266","202","8","5","25","14","15","439","29","40","29.10.12"
"850076","224","м.Севастополь","школа №34, зал засідань №1
вул.Ульянова Дмітрія, 12, м.Севастополь, 99045","1368","618","1359","21","735","15","750","","0","735","15","750","29","721","208","182","17","2","12","9","8","233","22","28","29.10.12"
"850077","224","м.Севастополь","академія водного транспорту, зал засідань
вул.Репіна, 3, м.Севастополь, 99045","2094","1053","2065","14","1029","12","1041","","0","1028","12","1040","31","1009","288","193","4","2","21","13","13","405","25","45","28.10.12"
"850078","224","м.Севастополь","школа №34, зал засідань №2
вул.Ульянова Дмітрія, 12, м.Севастополь, 99045","2482","1125","2458","40","1325","32","1357","","0","1325","32","1357","42","1315","375","324","6","3","22","14","13","477","28","53","28.10.12"
"850079","224","м.Севастополь","університет СевНТУ, зал засідань
вул.Університетська, 29, м.Севастополь, 99053","948","454","971","0","494","0","494","","0","494","0","494","11","483","27","32","4","4","6","6","1","359","21","23","28.10.12"
"850080","224","м.Севастополь","клуб Академії ім.П.С.Нахімова, зал засідань
вул.Дибенко Павла, 1а, м.Севастополь, 99028","2388","1125","2443","16","1247","16","1263","","0","1247","16","1263","56","1207","229","130","14","16","14","48","22","581","87","66","29.10.12"
"850081","224","м.Севастополь","школа №35, зал засідань
вул.Гавена, 20, м.Севастополь, 99028","2142","969","2222","32","1147","26","1173","","0","1147","26","1173","34","1139","254","169","18","17","24","25","23","507","49","53","28.10.12"
"850082","224","м.Севастополь","технічний навчальний заклад, зал засідань
вул.Єфремова, 2, м.Севастополь, 99028","1692","842","1666","39","815","35","850","","0","815","35","850","26","824","227","163","6","2","12","12","18","341","16","27","29.10.12"
"850083","224","м.Севастополь","Севастопольський геріатричний будинок-інтернат, зал засідань
Фіолентовське шосе, 3, м.Севастополь, 99014","198","41","193","33","131","26","157","","0","131","26","157","7","150","8","32","2","4","2","3","3","89","3","4","28.10.12"
"850084","224","м.Севастополь","Севастопольський протитуберкульозний диспансер, зал засідань
Фіолентовське шосе, 17, м.Севастополь, 99014","468","437","41","0","31","0","31","","0","31","0","31","0","31","4","6","0","0","0","2","1","16","0","2","28.10.12"
"850085","224","м.Севастополь","Севастопольський пологовий будинок №1, кабінет ДВК
просп.Гагаріна, 17В, м.Севастополь, 99028","126","107","22","0","19","0","19","","0","19","0","19","0","19","3","3","0","0","0","0","1","9","1","2","28.10.12"
"850086","224","м.Севастополь","Севастопольська міська лікарня №2, зал засідань
вул.Єрошенко, 15, м.Севастополь, 99045","90","43","71","0","47","0","47","","0","47","0","47","1","46","11","14","0","0","0","1","2","14","1","3","28.10.12"
"850087","224","м.Севастополь","військово-медичний клінічний центр кримського регіону, зал засідань
бухта Омега, м.Севастополь, 99059","480","413","89","15","59","8","67","","0","59","8","67","2","65","14","11","1","1","2","2","4","24","3","3","28.10.12"
"850120","224","м.Севастополь","дошкільний навчальний заклад №118, кабінет підсобний
вул.Хрустальова, 95, м.Севастополь, 99040","1530","735","1517","15","784","11","795","","0","784","11","795","27","768","276","141","12","7","2","12","11","256","20","31","28.10.12"
"850121","224","м.Севастополь","дитячий навчальний заклад №114, музичний зал, 2-й поверх
вул.Хрустальова, 77, м.Севастополь, 99040","1686","797","1675","25","871","18","889","","0","871","18","889","34","855","306","153","7","8","6","17","11","279","38","30","29.10.12"
"850122","224","м.Севастополь","гімназія №7, хол, 1-й поверх
вул.Хрустальова, 71, м.Севастополь, 99040","1770","855","1750","13","906","9","915","","0","906","9","915","35","880","274","157","15","2","5","17","10","342","27","31","28.10.12"
"850131","224","м.Севастополь","школа №38, хол, 1-й поверх
вул.Хрустальова, 137А, м.Севастополь, 99055","2508","1365","2508","36","1119","24","1143","","0","1119","24","1143","23","1120","313","183","10","10","6","22","28","462","39","47","29.10.12"
"850132","224","м.Севастополь","школа №38, хол, 1-й поверх
вул.Хрустальова, 137А, м.Севастополь, 99055","1452","679","1441","19","756","17","773","","0","756","17","773","25","748","186","108","15","1","5","6","15","358","25","29","29.10.12"
"850133","224","м.Севастополь","дитячий навчальний заклад №122, музичний зал, 1-й поверх
вул.Хрустальова, 119, м.Севастополь, 99040","1998","926","1995","23","1055","17","1072","","0","1055","17","1072","35","1037","359","179","7","6","10","18","18","357","40","43","29.10.12"
"850134","224","м.Севастополь","дитячий навчальний заклад №122, спортивний зал, 1-й поверх
вул.Хрустальова, 119, м.Севастополь, 99055","1896","1029","1892","38","841","26","867","","0","841","26","867","40","827","239","166","11","5","5","9","13","319","27","33","28.10.12"
"850135","224","м.Севастополь","Торгівельно-розважальний комплекс ""Глобус"", каб.1, цокольний поверх
просп.Генерала Острякова, 158А, м.Севастополь, 99055","2010","1166","1958","20","829","15","844","","0","828","15","843","31","812","244","110","8","8","3","17","15","321","51","35","29.10.12"
